Messstelle:                ;Brunnental
HZB-Nummer:                ;395137
HD-Nummer:                 ;HD4003182
DBMS-Nummer:               ;4003182
Fremdnummer:               ;8560
Gebirgsgruppe:             ;1661 Kasberg
Grundwasserkörper:         ;Gruppe Nördliche Kalkalpen [DUJ]
Sachgebiet:                ;UWQ
Arbeitsgebiet:             ;QU
Dienststelle:              ;HD-Oberösterreich
Messstellenbetreiber:      ;Hydrographischer Dienst
Höhenangaben [m ü.A.]:     ;gültig seit: ;01.01.2006
 Geländehöhe-Hauptquelle:  ;
 Pegelnullpunkt:           ;537,91
Geographische Koordinaten (Referenzellipsoid: Bessel 1841):
 gültig seit:              ;Länge (Grad,Min,Sek):    ;Breite  (Grad,Min,Sek):
  01.01.2006               ;14 05 46                 ;47 48 25
Exportzeitreihe:           ;QUWT,I,Mit,T,1,F,Z,0,,,
Exportqualität:            ;MAXQUAL (0)
Mit Textausgabe:
  Nur Texte die in der Textrelation enthalten sind
  Texte in der Textrelation 30TCODVW.dbf
  Text:  ;Klartext:
  Texte ohne '->' oder '<-' sind nur für diesen Zeitpunkt gültig
  Texte mit '->' kennzeichnen den Beginn eines Textintervalls
  Texte mit '<-' kennzeichnen das Ende eines Textintervalls
Exportzeitraum:            ;Datenbeginn; bis ;01.01.2021 00:00
Hinweis:                   ;Der Intervallwert gilt bis zum nächsten Zeitpunkt mit einem Wert oder Lücke
Werteformat:               ;1 Nachkommastelle
Einheit:                   ;°C
Werte:
01.01.2006 00:00:00   ;     7,0 ;     
02.01.2006 00:00:00   ;     6,8 ;     
03.01.2006 00:00:00   ;     6,7 ;     
04.01.2006 00:00:00   ;     6,9 ;     
05.01.2006 00:00:00   ;     6,8 ;     
06.01.2006 00:00:00   ;     6,8 ;     
07.01.2006 00:00:00   ;     6,6 ;     
08.01.2006 00:00:00   ;     6,5 ;     
09.01.2006 00:00:00   ;     6,3 ;     
10.01.2006 00:00:00   ;     6,3 ;     
11.01.2006 00:00:00   ;     6,3 ;     
12.01.2006 00:00:00   ;     6,2 ;     
13.01.2006 00:00:00   ;     6,3 ;     
14.01.2006 00:00:00   ;     6,1 ;     
15.01.2006 00:00:00   ;     6,2 ;     
16.01.2006 00:00:00   ;     6,2 ;     
17.01.2006 00:00:00   ;     6,4 ;     
18.01.2006 00:00:00   ;     6,4 ;     
19.01.2006 00:00:00   ;     6,4 ;     
20.01.2006 00:00:00   ;     6,5 ;     
21.01.2006 00:00:00   ;     6,8 ;     
22.01.2006 00:00:00   ;     6,6 ;     
23.01.2006 00:00:00   ;     6,1 ;     
24.01.2006 00:00:00   ;     6,0 ;     
25.01.2006 00:00:00   ;     6,2 ;     
26.01.2006 00:00:00   ;     6,3 ;     
27.01.2006 00:00:00   ;     6,2 ;     
28.01.2006 00:00:00   ;     6,2 ;     
29.01.2006 00:00:00   ;     6,2 ;     
30.01.2006 00:00:00   ;     6,3 ;     
31.01.2006 00:00:00   ;     6,7 ;     
01.02.2006 00:00:00   ;     6,5 ;     
02.02.2006 00:00:00   ;     6,5 ;     
03.02.2006 00:00:00   ;     6,4 ;     
04.02.2006 00:00:00   ;     6,4 ;     
05.02.2006 00:00:00   ;     6,5 ;     
06.02.2006 00:00:00   ;     6,5 ;     
07.02.2006 00:00:00   ;     6,3 ;     
08.02.2006 00:00:00   ;     6,7 ;     
09.02.2006 00:00:00   ;     6,4 ;     
10.02.2006 00:00:00   ;     6,1 ;     
11.02.2006 00:00:00   ;     6,2 ;     
12.02.2006 00:00:00   ;     6,4 ;     
13.02.2006 00:00:00   ;     6,2 ;     
14.02.2006 00:00:00   ;     6,0 ;     
15.02.2006 00:00:00   ;     6,7 ;     
16.02.2006 00:00:00   ;     6,7 ;     
17.02.2006 00:00:00   ;     7,0 ;     
18.02.2006 00:00:00   ;     7,0 ;     
19.02.2006 00:00:00   ;     7,0 ;     
20.02.2006 00:00:00   ;     7,0 ;     
21.02.2006 00:00:00   ;     7,0 ;     
22.02.2006 00:00:00   ;     6,9 ;     
23.02.2006 00:00:00   ;     6,9 ;     
24.02.2006 00:00:00   ;     6,9 ;     
25.02.2006 00:00:00   ;     6,9 ;     
26.02.2006 00:00:00   ;     6,7 ;     
27.02.2006 00:00:00   ;     6,6 ;     
28.02.2006 00:00:00   ;     6,6 ;     
01.03.2006 00:00:00   ;     6,8 ;     
02.03.2006 00:00:00   ;     6,7 ;     
03.03.2006 00:00:00   ;     6,8 ;     
04.03.2006 00:00:00   ;     6,7 ;     
05.03.2006 00:00:00   ;     6,6 ;     
06.03.2006 00:00:00   ;     6,7 ;     
07.03.2006 00:00:00   ;     6,6 ;     
08.03.2006 00:00:00   ;     6,6 ;     
09.03.2006 00:00:00   ;     6,5 ;     
10.03.2006 00:00:00   ;     6,8 ;     
11.03.2006 00:00:00   ;     6,8 ;     
12.03.2006 00:00:00   ;     6,7 ;     
13.03.2006 00:00:00   ;     6,9 ;     
14.03.2006 00:00:00   ;     6,7 ;     
15.03.2006 00:00:00   ;     6,9 ;     
16.03.2006 00:00:00   ;     6,8 ;     
17.03.2006 00:00:00   ;     6,9 ;     
18.03.2006 00:00:00   ;     7,0 ;     
19.03.2006 00:00:00   ;     7,0 ;     
20.03.2006 00:00:00   ;     7,2 ;     
21.03.2006 00:00:00   ;     7,1 ;     
22.03.2006 00:00:00   ;     7,1 ;     
23.03.2006 00:00:00   ;     6,9 ;     
24.03.2006 00:00:00   ;     7,0 ;     
25.03.2006 00:00:00   ;     6,8 ;     
26.03.2006 00:00:00   ;     6,6 ;     
27.03.2006 00:00:00   ;     6,7 ;     
28.03.2006 00:00:00   ;     6,5 ;     
29.03.2006 00:00:00   ;     6,6 ;     
30.03.2006 00:00:00   ;     6,7 ;     
31.03.2006 00:00:00   ;     6,7 ;     
01.04.2006 00:00:00   ;     6,6 ;     
02.04.2006 00:00:00   ;     6,7 ;     
03.04.2006 00:00:00   ;     6,6 ;     
04.04.2006 00:00:00   ;     6,7 ;     
05.04.2006 00:00:00   ;     6,7 ;     
06.04.2006 00:00:00   ;     6,7 ;     
07.04.2006 00:00:00   ;     6,9 ;     
08.04.2006 00:00:00   ;     6,9 ;     
09.04.2006 00:00:00   ;     6,9 ;     
10.04.2006 00:00:00   ;     6,9 ;     
11.04.2006 00:00:00   ;     6,6 ;     
12.04.2006 00:00:00   ;     6,7 ;     
13.04.2006 00:00:00   ;     6,8 ;     
14.04.2006 00:00:00   ;     6,8 ;     
15.04.2006 00:00:00   ;     6,8 ;     
16.04.2006 00:00:00   ;     6,7 ;     
17.04.2006 00:00:00   ;     6,6 ;     
18.04.2006 00:00:00   ;     6,5 ;     
19.04.2006 00:00:00   ;     6,6 ;     
20.04.2006 00:00:00   ;     6,6 ;     
21.04.2006 00:00:00   ;     6,7 ;     
22.04.2006 00:00:00   ;     6,6 ;     
23.04.2006 00:00:00   ;     6,5 ;     
24.04.2006 00:00:00   ;     6,5 ;     
25.04.2006 00:00:00   ;     6,5 ;     
26.04.2006 00:00:00   ;     6,4 ;     
27.04.2006 00:00:00   ;     6,2 ;     
28.04.2006 00:00:00   ;     6,2 ;     
29.04.2006 00:00:00   ;     6,2 ;     
30.04.2006 00:00:00   ;     6,3 ;     
01.05.2006 00:00:00   ;     6,6 ;     
02.05.2006 00:00:00   ;     6,7 ;     
03.05.2006 00:00:00   ;     6,8 ;     
04.05.2006 00:00:00   ;     6,6 ;     
05.05.2006 00:00:00   ;     6,6 ;     
06.05.2006 00:00:00   ;     6,6 ;     
07.05.2006 00:00:00   ;     6,6 ;     
08.05.2006 00:00:00   ;     6,6 ;     
09.05.2006 00:00:00   ;     6,6 ;     
10.05.2006 00:00:00   ;     6,4 ;     
11.05.2006 00:00:00   ;     6,7 ;     
12.05.2006 00:00:00   ;     6,8 ;     
13.05.2006 00:00:00   ;     6,6 ;     
14.05.2006 00:00:00   ;     6,5 ;     
15.05.2006 00:00:00   ;     6,7 ;     
16.05.2006 00:00:00   ;     6,5 ;     
17.05.2006 00:00:00   ;     6,5 ;     
18.05.2006 00:00:00   ;     6,5 ;     
19.05.2006 00:00:00   ;     6,5 ;     
20.05.2006 00:00:00   ;     6,5 ;     
21.05.2006 00:00:00   ;     6,4 ;     
22.05.2006 00:00:00   ;     6,7 ;     
23.05.2006 00:00:00   ;     6,6 ;     
24.05.2006 00:00:00   ;     6,6 ;     
25.05.2006 00:00:00   ;     6,9 ;     
26.05.2006 00:00:00   ;     6,8 ;     
27.05.2006 00:00:00   ;     6,5 ;     
28.05.2006 00:00:00   ;     6,5 ;     
29.05.2006 00:00:00   ;     6,5 ;     
30.05.2006 00:00:00   ;     6,4 ;     
31.05.2006 00:00:00   ;     6,5 ;     
01.06.2006 00:00:00   ;     6,6 ;     
02.06.2006 00:00:00   ;     6,6 ;     
03.06.2006 00:00:00   ;     6,6 ;     
04.06.2006 00:00:00   ;     6,4 ;     
05.06.2006 00:00:00   ;     6,4 ;     
06.06.2006 00:00:00   ;     6,5 ;     
07.06.2006 00:00:00   ;     6,5 ;     
08.06.2006 00:00:00   ;     6,6 ;     
09.06.2006 00:00:00   ;     6,7 ;     
10.06.2006 00:00:00   ;     6,7 ;     
11.06.2006 00:00:00   ;     6,8 ;     
12.06.2006 00:00:00   ;     6,9 ;     
13.06.2006 00:00:00   ;     7,0 ;     
14.06.2006 00:00:00   ;     7,0 ;     
15.06.2006 00:00:00   ;     7,1 ;     
16.06.2006 00:00:00   ;     7,1 ;     
17.06.2006 00:00:00   ;     7,1 ;     
18.06.2006 00:00:00   ;     7,2 ;     
19.06.2006 00:00:00   ;     7,4 ;     
20.06.2006 00:00:00   ;     7,5 ;     
21.06.2006 00:00:00   ;     7,4 ;     
22.06.2006 00:00:00   ;     7,4 ;     
23.06.2006 00:00:00   ;     7,3 ;     
24.06.2006 00:00:00   ;     7,5 ;     
25.06.2006 00:00:00   ;     7,4 ;     
26.06.2006 00:00:00   ;     7,6 ;     
27.06.2006 00:00:00   ;     7,5 ;     
28.06.2006 00:00:00   ;     7,5 ;     
29.06.2006 00:00:00   ;     7,4 ;     
30.06.2006 00:00:00   ;     7,4 ;     
01.07.2006 00:00:00   ;     7,3 ;     
02.07.2006 00:00:00   ;     7,3 ;     
03.07.2006 00:00:00   ;     7,4 ;     
04.07.2006 00:00:00   ;     7,5 ;     
05.07.2006 00:00:00   ;     7,4 ;     
06.07.2006 00:00:00   ;     7,5 ;     
07.07.2006 00:00:00   ;     7,5 ;     
08.07.2006 00:00:00   ;     7,5 ;     
09.07.2006 00:00:00   ;     7,6 ;     
10.07.2006 00:00:00   ;     7,6 ;     
11.07.2006 00:00:00   ;     7,4 ;     
12.07.2006 00:00:00   ;     7,7 ;     
13.07.2006 00:00:00   ;     7,6 ;     
14.07.2006 00:00:00   ;     7,6 ;     
15.07.2006 00:00:00   ;     7,5 ;     
16.07.2006 00:00:00   ;     7,4 ;     
17.07.2006 00:00:00   ;     7,4 ;     
18.07.2006 00:00:00   ;     7,7 ;     
19.07.2006 00:00:00   ;     7,8 ;     
20.07.2006 00:00:00   ;     7,9 ;     
21.07.2006 00:00:00   ;     7,9 ;     
22.07.2006 00:00:00   ;     7,8 ;     
23.07.2006 00:00:00   ;     8,1 ;     
24.07.2006 00:00:00   ;     7,9 ;     
25.07.2006 00:00:00   ;     7,9 ;     
26.07.2006 00:00:00   ;     8,0 ;     
27.07.2006 00:00:00   ;     8,1 ;     
28.07.2006 00:00:00   ;     8,0 ;     
29.07.2006 00:00:00   ;     8,0 ;     
30.07.2006 00:00:00   ;     8,0 ;     
31.07.2006 00:00:00   ;     7,9 ;     
01.08.2006 00:00:00   ;     8,0 ;     
02.08.2006 00:00:00   ;     7,9 ;     
03.08.2006 00:00:00   ;     7,9 ;     
04.08.2006 00:00:00   ;     7,6 ;     
05.08.2006 00:00:00   ;     7,5 ;     
06.08.2006 00:00:00   ;     7,3 ;     
07.08.2006 00:00:00   ;     7,4 ;     
08.08.2006 00:00:00   ;     7,2 ;     
09.08.2006 00:00:00   ;     7,2 ;     
10.08.2006 00:00:00   ;     7,4 ;     
11.08.2006 00:00:00   ;     7,5 ;     
12.08.2006 00:00:00   ;     7,4 ;     
13.08.2006 00:00:00   ;     7,6 ;     
14.08.2006 00:00:00   ;     7,5 ;     
15.08.2006 00:00:00   ;     7,6 ;     
16.08.2006 00:00:00   ;     7,6 ;     
17.08.2006 00:00:00   ;     7,7 ;     
18.08.2006 00:00:00   ;     7,6 ;     
19.08.2006 00:00:00   ;     7,6 ;     
20.08.2006 00:00:00   ;     7,7 ;     
21.08.2006 00:00:00   ;     7,7 ;     
22.08.2006 00:00:00   ;     7,7 ;     
23.08.2006 00:00:00   ;     7,5 ;     
24.08.2006 00:00:00   ;     7,5 ;     
25.08.2006 00:00:00   ;     7,6 ;     
26.08.2006 00:00:00   ;     7,6 ;     
27.08.2006 00:00:00   ;     7,6 ;     
28.08.2006 00:00:00   ;     7,7 ;     
29.08.2006 00:00:00   ;     7,7 ;     
30.08.2006 00:00:00   ;     7,6 ;     
31.08.2006 00:00:00   ;     7,3 ;     
01.09.2006 00:00:00   ;     7,3 ;     
02.09.2006 00:00:00   ;     7,4 ;     
03.09.2006 00:00:00   ;     7,5 ;     
04.09.2006 00:00:00   ;     7,6 ;     
05.09.2006 00:00:00   ;     7,6 ;     
06.09.2006 00:00:00   ;     7,7 ;     
07.09.2006 00:00:00   ;     7,7 ;     
08.09.2006 00:00:00   ;     7,7 ;     
09.09.2006 00:00:00   ;     7,6 ;     
10.09.2006 00:00:00   ;     7,5 ;     
11.09.2006 00:00:00   ;     7,6 ;     
12.09.2006 00:00:00   ;     7,7 ;     
13.09.2006 00:00:00   ;     7,7 ;     
14.09.2006 00:00:00   ;     7,7 ;     
15.09.2006 00:00:00   ;     7,9 ;     
16.09.2006 00:00:00   ;     7,9 ;     
17.09.2006 00:00:00   ;     7,9 ;     
18.09.2006 00:00:00   ;     7,8 ;     
19.09.2006 00:00:00   ;     7,6 ;     
20.09.2006 00:00:00   ;     7,2 ;     
21.09.2006 00:00:00   ;     7,4 ;     
22.09.2006 00:00:00   ;     7,4 ;     
23.09.2006 00:00:00   ;     7,6 ;     
24.09.2006 00:00:00   ;     7,6 ;     
25.09.2006 00:00:00   ;     7,7 ;     
26.09.2006 00:00:00   ;     7,7 ;     
27.09.2006 00:00:00   ;     7,6 ;     
28.09.2006 00:00:00   ;     7,7 ;     
29.09.2006 00:00:00   ;     7,7 ;     
30.09.2006 00:00:00   ;     7,9 ;     
01.10.2006 00:00:00   ;     7,8 ;     
02.10.2006 00:00:00   ;     7,9 ;     
03.10.2006 00:00:00   ;     8,0 ;     
04.10.2006 00:00:00   ;     7,8 ;     
05.10.2006 00:00:00   ;     7,8 ;     
06.10.2006 00:00:00   ;     7,8 ;     
07.10.2006 00:00:00   ;     7,7 ;     
08.10.2006 00:00:00   ;     7,7 ;     
09.10.2006 00:00:00   ;     7,6 ;     
10.10.2006 00:00:00   ;     7,7 ;     
11.10.2006 00:00:00   ;     7,7 ;     
12.10.2006 00:00:00   ;     7,6 ;     
13.10.2006 00:00:00   ;     7,8 ;     
14.10.2006 00:00:00   ;     7,9 ;     
15.10.2006 00:00:00   ;     7,5 ;     
16.10.2006 00:00:00   ;     7,5 ;     
17.10.2006 00:00:00   ;     7,2 ;     
18.10.2006 00:00:00   ;     7,1 ;     
19.10.2006 00:00:00   ;     7,4 ;     
20.10.2006 00:00:00   ;     7,5 ;     
21.10.2006 00:00:00   ;     7,3 ;     
22.10.2006 00:00:00   ;     7,4 ;     
23.10.2006 00:00:00   ;     7,4 ;     
24.10.2006 00:00:00   ;     7,6 ;     
25.10.2006 00:00:00   ;     7,4 ;     
26.10.2006 00:00:00   ;     7,3 ;     
27.10.2006 00:00:00   ;     7,5 ;     
28.10.2006 00:00:00   ;     7,9 ;     
29.10.2006 00:00:00   ;     7,8 ;     
30.10.2006 00:00:00   ;     7,7 ;     
31.10.2006 00:00:00   ;     7,6 ;     
01.11.2006 00:00:00   ;     7,4 ;     
02.11.2006 00:00:00   ;     7,2 ;     
03.11.2006 00:00:00   ;     7,3 ;     
04.11.2006 00:00:00   ;     7,4 ;     
05.11.2006 00:00:00   ;     7,5 ;     
06.11.2006 00:00:00   ;     7,5 ;     
07.11.2006 00:00:00   ;     7,5 ;     
08.11.2006 00:00:00   ;     7,4 ;     
09.11.2006 00:00:00   ;     7,4 ;     
10.11.2006 00:00:00   ;     7,0 ;     
11.11.2006 00:00:00   ;     7,1 ;     
12.11.2006 00:00:00   ;     7,1 ;     
13.11.2006 00:00:00   ;     7,1 ;     
14.11.2006 00:00:00   ;     7,1 ;     
15.11.2006 00:00:00   ;     7,0 ;     
16.11.2006 00:00:00   ;     7,0 ;     
17.11.2006 00:00:00   ;     7,0 ;     
18.11.2006 00:00:00   ;     7,2 ;     
19.11.2006 00:00:00   ;     7,2 ;     
20.11.2006 00:00:00   ;     7,3 ;     
21.11.2006 00:00:00   ;     7,3 ;     
22.11.2006 00:00:00   ;     7,3 ;     
23.11.2006 00:00:00   ;     7,3 ;     
24.11.2006 00:00:00   ;     7,4 ;     
25.11.2006 00:00:00   ;     7,4 ;     
26.11.2006 00:00:00   ;     7,4 ;     
27.11.2006 00:00:00   ;     7,4 ;     
28.11.2006 00:00:00   ;     7,3 ;     
29.11.2006 00:00:00   ;     7,4 ;     
30.11.2006 00:00:00   ;     7,5 ;     
01.12.2006 00:00:00   ;     7,3 ;     
02.12.2006 00:00:00   ;     7,2 ;     
03.12.2006 00:00:00   ;     7,2 ;     
04.12.2006 00:00:00   ;     7,3 ;     
05.12.2006 00:00:00   ;     7,5 ;     
06.12.2006 00:00:00   ;     7,4 ;     
07.12.2006 00:00:00   ;     7,5 ;     
08.12.2006 00:00:00   ;     7,5 ;     
09.12.2006 00:00:00   ;     7,5 ;     
10.12.2006 00:00:00   ;     7,3 ;     
11.12.2006 00:00:00   ;     7,2 ;     
12.12.2006 00:00:00   ;     7,2 ;     
13.12.2006 00:00:00   ;     7,2 ;     
14.12.2006 00:00:00   ;     7,2 ;     
15.12.2006 00:00:00   ;     7,2 ;     
16.12.2006 00:00:00   ;     7,2 ;     
17.12.2006 00:00:00   ;     7,3 ;     
18.12.2006 00:00:00   ;     7,2 ;     
19.12.2006 00:00:00   ;     7,1 ;     
20.12.2006 00:00:00   ;     7,2 ;     
21.12.2006 00:00:00   ;     7,2 ;     
22.12.2006 00:00:00   ;     6,8 ;     
23.12.2006 00:00:00   ;     6,5 ;     
24.12.2006 00:00:00   ;     6,4 ;     
25.12.2006 00:00:00   ;     6,6 ;     
26.12.2006 00:00:00   ;     6,5 ;     
27.12.2006 00:00:00   ;     5,9 ;     
28.12.2006 00:00:00   ;     5,8 ;     
29.12.2006 00:00:00   ;     6,5 ;     
30.12.2006 00:00:00   ;     6,1 ;     
31.12.2006 00:00:00   ;     6,5 ;     
01.01.2007 00:00:00   ;     6,6 ;     
02.01.2007 00:00:00   ;     7,0 ;     
03.01.2007 00:00:00   ;     7,0 ;     
04.01.2007 00:00:00   ;     7,1 ;     
05.01.2007 00:00:00   ;     7,3 ;     
06.01.2007 00:00:00   ;     7,4 ;     
07.01.2007 00:00:00   ;     7,2 ;     
08.01.2007 00:00:00   ;     7,2 ;     
09.01.2007 00:00:00   ;     7,2 ;     
10.01.2007 00:00:00   ;     7,1 ;     
11.01.2007 00:00:00   ;     7,1 ;     
12.01.2007 00:00:00   ;     7,1 ;     
13.01.2007 00:00:00   ;     7,1 ;     
14.01.2007 00:00:00   ;     7,1 ;     
15.01.2007 00:00:00   ;     7,0 ;     
16.01.2007 00:00:00   ;     7,0 ;     
17.01.2007 00:00:00   ;     7,1 ;     
18.01.2007 00:00:00   ;     7,2 ;     
19.01.2007 00:00:00   ;     7,3 ;     
20.01.2007 00:00:00   ;     6,9 ;     
21.01.2007 00:00:00   ;     6,8 ;     
22.01.2007 00:00:00   ;     6,9 ;     
23.01.2007 00:00:00   ;     7,0 ;     
24.01.2007 00:00:00   ;     6,9 ;     
25.01.2007 00:00:00   ;     6,9 ;     
26.01.2007 00:00:00   ;     6,9 ;     
27.01.2007 00:00:00   ;     6,8 ;     
28.01.2007 00:00:00   ;     7,0 ;     
29.01.2007 00:00:00   ;     7,0 ;     
30.01.2007 00:00:00   ;     7,0 ;     
31.01.2007 00:00:00   ;     7,0 ;     
01.02.2007 00:00:00   ;     7,1 ;     
02.02.2007 00:00:00   ;     7,1 ;     
03.02.2007 00:00:00   ;     7,1 ;     
04.02.2007 00:00:00   ;     7,1 ;     
05.02.2007 00:00:00   ;     7,1 ;     
06.02.2007 00:00:00   ;     7,2 ;     
07.02.2007 00:00:00   ;     7,2 ;     
08.02.2007 00:00:00   ;     7,2 ;     
09.02.2007 00:00:00   ;     7,2 ;     
10.02.2007 00:00:00   ;     7,1 ;     
11.02.2007 00:00:00   ;     7,1 ;     
12.02.2007 00:00:00   ;     7,2 ;     
13.02.2007 00:00:00   ;     7,1 ;     
14.02.2007 00:00:00   ;     7,1 ;     
15.02.2007 00:00:00   ;     7,0 ;     
16.02.2007 00:00:00   ;     7,0 ;     
17.02.2007 00:00:00   ;     7,0 ;     
18.02.2007 00:00:00   ;     7,0 ;     
19.02.2007 00:00:00   ;     7,0 ;     
20.02.2007 00:00:00   ;     7,1 ;     
21.02.2007 00:00:00   ;     7,1 ;     
22.02.2007 00:00:00   ;     7,1 ;     
23.02.2007 00:00:00   ;     7,1 ;     
24.02.2007 00:00:00   ;     7,1 ;     
25.02.2007 00:00:00   ;     7,2 ;     
26.02.2007 00:00:00   ;     7,1 ;     
27.02.2007 00:00:00   ;     7,1 ;     
28.02.2007 00:00:00   ;     6,9 ;     
01.03.2007 00:00:00   ;     6,9 ;     
02.03.2007 00:00:00   ;     6,9 ;     
03.03.2007 00:00:00   ;     6,9 ;     
04.03.2007 00:00:00   ;     6,9 ;     
05.03.2007 00:00:00   ;     7,0 ;     
06.03.2007 00:00:00   ;     7,0 ;     
07.03.2007 00:00:00   ;     7,0 ;     
08.03.2007 00:00:00   ;     7,0 ;     
09.03.2007 00:00:00   ;     7,0 ;     
10.03.2007 00:00:00   ;     6,9 ;     
11.03.2007 00:00:00   ;     6,9 ;     
12.03.2007 00:00:00   ;     7,0 ;     
13.03.2007 00:00:00   ;     7,1 ;     
14.03.2007 00:00:00   ;     7,1 ;     
15.03.2007 00:00:00   ;     7,1 ;     
16.03.2007 00:00:00   ;     7,0 ;     
17.03.2007 00:00:00   ;     7,0 ;     
18.03.2007 00:00:00   ;     7,1 ;     
19.03.2007 00:00:00   ;     7,0 ;     
20.03.2007 00:00:00   ;     6,7 ;     
21.03.2007 00:00:00   ;     6,9 ;     
22.03.2007 00:00:00   ;     6,9 ;     
23.03.2007 00:00:00   ;     6,9 ;     
24.03.2007 00:00:00   ;     7,0 ;     
25.03.2007 00:00:00   ;     7,1 ;     
26.03.2007 00:00:00   ;     7,2 ;     
27.03.2007 00:00:00   ;     7,1 ;     
28.03.2007 00:00:00   ;     7,1 ;     
29.03.2007 00:00:00   ;     7,0 ;     
30.03.2007 00:00:00   ;     7,1 ;     
31.03.2007 00:00:00   ;     7,2 ;     
01.04.2007 00:00:00   ;     7,1 ;     
02.04.2007 00:00:00   ;     7,0 ;     
03.04.2007 00:00:00   ;     7,0 ;     
04.04.2007 00:00:00   ;     7,0 ;     
05.04.2007 00:00:00   ;     6,9 ;     
06.04.2007 00:00:00   ;     7,0 ;     
07.04.2007 00:00:00   ;     7,1 ;     
08.04.2007 00:00:00   ;     7,1 ;     
09.04.2007 00:00:00   ;     7,1 ;     
10.04.2007 00:00:00   ;     7,1 ;     
11.04.2007 00:00:00   ;     7,1 ;     
12.04.2007 00:00:00   ;     7,1 ;     
13.04.2007 00:00:00   ;     7,0 ;     
14.04.2007 00:00:00   ;     7,0 ;     
15.04.2007 00:00:00   ;     6,9 ;     
16.04.2007 00:00:00   ;     6,9 ;     
17.04.2007 00:00:00   ;     7,0 ;     
18.04.2007 00:00:00   ;     7,0 ;     
19.04.2007 00:00:00   ;     7,0 ;     
20.04.2007 00:00:00   ;     7,0 ;     
21.04.2007 00:00:00   ;     7,1 ;     
22.04.2007 00:00:00   ;     7,1 ;     
23.04.2007 00:00:00   ;     7,3 ;     
24.04.2007 00:00:00   ;     7,2 ;     
25.04.2007 00:00:00   ;     7,4 ;     
26.04.2007 00:00:00   ;     7,3 ;     
27.04.2007 00:00:00   ;     7,4 ;     
28.04.2007 00:00:00   ;     7,3 ;     
29.04.2007 00:00:00   ;     7,4 ;     
30.04.2007 00:00:00   ;     7,2 ;     
01.05.2007 00:00:00   ;     7,1 ;     
02.05.2007 00:00:00   ;     7,1 ;     
03.05.2007 00:00:00   ;     7,4 ;     
04.05.2007 00:00:00   ;     7,6 ;     
05.05.2007 00:00:00   ;     7,6 ;     
06.05.2007 00:00:00   ;     7,5 ;     
07.05.2007 00:00:00   ;     7,5 ;     
08.05.2007 00:00:00   ;     7,4 ;     
09.05.2007 00:00:00   ;     7,0 ;     
10.05.2007 00:00:00   ;     6,8 ;     
11.05.2007 00:00:00   ;     7,0 ;     
12.05.2007 00:00:00   ;     7,1 ;     
13.05.2007 00:00:00   ;     7,2 ;     
14.05.2007 00:00:00   ;     7,4 ;     
15.05.2007 00:00:00   ;     7,2 ;     
16.05.2007 00:00:00   ;     7,2 ;     
17.05.2007 00:00:00   ;     7,3 ;     
18.05.2007 00:00:00   ;     7,1 ;     
19.05.2007 00:00:00   ;     7,1 ;     
20.05.2007 00:00:00   ;     7,3 ;     
21.05.2007 00:00:00   ;     7,4 ;     
22.05.2007 00:00:00   ;     7,4 ;     
23.05.2007 00:00:00   ;     7,5 ;     
24.05.2007 00:00:00   ;     7,5 ;     
25.05.2007 00:00:00   ;     7,6 ;     
26.05.2007 00:00:00   ;     7,2 ;     
27.05.2007 00:00:00   ;     7,4 ;     
28.05.2007 00:00:00   ;     7,4 ;     
29.05.2007 00:00:00   ;     7,4 ;     
30.05.2007 00:00:00   ;     7,4 ;     
31.05.2007 00:00:00   ;     7,4 ;     
01.06.2007 00:00:00   ;     7,4 ;     
02.06.2007 00:00:00   ;     7,4 ;     
03.06.2007 00:00:00   ;     7,4 ;     
04.06.2007 00:00:00   ;     7,5 ;     
05.06.2007 00:00:00   ;     7,5 ;     
06.06.2007 00:00:00   ;     7,5 ;     
07.06.2007 00:00:00   ;     7,6 ;     
08.06.2007 00:00:00   ;     7,6 ;     
09.06.2007 00:00:00   ;     7,6 ;     
10.06.2007 00:00:00   ;     7,6 ;     
11.06.2007 00:00:00   ;     7,7 ;     
12.06.2007 00:00:00   ;     7,6 ;     
13.06.2007 00:00:00   ;     7,6 ;     
14.06.2007 00:00:00   ;     7,6 ;     
15.06.2007 00:00:00   ;     7,3 ;     
16.06.2007 00:00:00   ;     7,4 ;     
17.06.2007 00:00:00   ;     7,5 ;     
18.06.2007 00:00:00   ;     7,4 ;     
19.06.2007 00:00:00   ;     7,5 ;     
20.06.2007 00:00:00   ;     7,7 ;     
21.06.2007 00:00:00   ;     7,6 ;     
22.06.2007 00:00:00   ;     7,3 ;     
23.06.2007 00:00:00   ;     7,2 ;     
24.06.2007 00:00:00   ;     7,4 ;     
25.06.2007 00:00:00   ;     7,5 ;     
26.06.2007 00:00:00   ;     7,5 ;     
27.06.2007 00:00:00   ;     7,4 ;     
28.06.2007 00:00:00   ;     7,3 ;     
29.06.2007 00:00:00   ;     7,5 ;     
30.06.2007 00:00:00   ;     7,5 ;     
01.07.2007 00:00:00   ;     7,6 ;     
02.07.2007 00:00:00   ;     7,6 ;     
03.07.2007 00:00:00   ;     7,7 ;     
04.07.2007 00:00:00   ;     7,5 ;     
05.07.2007 00:00:00   ;     7,3 ;     
06.07.2007 00:00:00   ;     7,1 ;     
07.07.2007 00:00:00   ;     7,2 ;     
08.07.2007 00:00:00   ;     7,5 ;     
09.07.2007 00:00:00   ;     7,4 ;     
10.07.2007 00:00:00   ;     7,3 ;     
11.07.2007 00:00:00   ;     7,2 ;     
12.07.2007 00:00:00   ;     7,3 ;     
13.07.2007 00:00:00   ;     7,4 ;     
14.07.2007 00:00:00   ;     7,5 ;     
15.07.2007 00:00:00   ;     7,6 ;     
16.07.2007 00:00:00   ;     7,6 ;     
17.07.2007 00:00:00   ;     7,7 ;     
18.07.2007 00:00:00   ;     7,8 ;     
19.07.2007 00:00:00   ;     7,8 ;     
20.07.2007 00:00:00   ;     7,9 ;     
21.07.2007 00:00:00   ;     7,8 ;     
22.07.2007 00:00:00   ;     7,7 ;     
23.07.2007 00:00:00   ;     7,8 ;     
24.07.2007 00:00:00   ;     7,7 ;     
25.07.2007 00:00:00   ;     7,8 ;     
26.07.2007 00:00:00   ;     7,9 ;     
27.07.2007 00:00:00   ;     7,9 ;     
28.07.2007 00:00:00   ;     7,9 ;     
29.07.2007 00:00:00   ;     8,0 ;     
30.07.2007 00:00:00   ;     7,8 ;     
31.07.2007 00:00:00   ;     7,8 ;     
01.08.2007 00:00:00   ;     7,8 ;     
02.08.2007 00:00:00   ;     8,0 ;     
03.08.2007 00:00:00   ;     7,8 ;     
04.08.2007 00:00:00   ;     7,7 ;     
05.08.2007 00:00:00   ;     7,7 ;     
06.08.2007 00:00:00   ;     7,8 ;     
07.08.2007 00:00:00   ;     7,8 ;     
08.08.2007 00:00:00   ;     7,9 ;     
09.08.2007 00:00:00   ;     7,8 ;     
10.08.2007 00:00:00   ;     7,9 ;     
11.08.2007 00:00:00   ;     7,8 ;     
12.08.2007 00:00:00   ;     7,7 ;     
13.08.2007 00:00:00   ;     7,5 ;     
14.08.2007 00:00:00   ;     7,6 ;     
15.08.2007 00:00:00   ;     7,6 ;     
16.08.2007 00:00:00   ;     7,7 ;     
17.08.2007 00:00:00   ;     7,7 ;     
18.08.2007 00:00:00   ;     7,8 ;     
19.08.2007 00:00:00   ;     7,9 ;     
20.08.2007 00:00:00   ;     7,6 ;     
21.08.2007 00:00:00   ;     7,7 ;     
22.08.2007 00:00:00   ;     7,7 ;     
23.08.2007 00:00:00   ;     7,7 ;     
24.08.2007 00:00:00   ;     7,7 ;     
25.08.2007 00:00:00   ;     7,8 ;     
26.08.2007 00:00:00   ;     7,8 ;     
27.08.2007 00:00:00   ;     7,9 ;     
28.08.2007 00:00:00   ;     7,9 ;     
29.08.2007 00:00:00   ;     7,9 ;     
30.08.2007 00:00:00   ;     7,9 ;     
31.08.2007 00:00:00   ;     7,8 ;     
01.09.2007 00:00:00   ;     7,7 ;     
02.09.2007 00:00:00   ;     7,7 ;     
03.09.2007 00:00:00   ;     7,7 ;     
04.09.2007 00:00:00   ;     7,5 ;     
05.09.2007 00:00:00   ;     7,2 ;     
06.09.2007 00:00:00   ;     7,4 ;     
07.09.2007 00:00:00   ;     7,4 ;     
08.09.2007 00:00:00   ;     7,2 ;     
09.09.2007 00:00:00   ;     7,2 ;     
10.09.2007 00:00:00   ;     7,3 ;     
11.09.2007 00:00:00   ;     7,3 ;     
12.09.2007 00:00:00   ;     7,3 ;     
13.09.2007 00:00:00   ;     7,4 ;     
14.09.2007 00:00:00   ;     7,5 ;     
15.09.2007 00:00:00   ;     7,5 ;     
16.09.2007 00:00:00   ;     7,6 ;     
17.09.2007 00:00:00   ;     7,6 ;     
18.09.2007 00:00:00   ;     7,6 ;     
19.09.2007 00:00:00   ;     7,5 ;     
20.09.2007 00:00:00   ;     7,4 ;     
21.09.2007 00:00:00   ;     7,4 ;     
22.09.2007 00:00:00   ;     7,5 ;     
23.09.2007 00:00:00   ;     7,5 ;     
24.09.2007 00:00:00   ;     7,6 ;     
25.09.2007 00:00:00   ;     7,7 ;     
26.09.2007 00:00:00   ;     7,7 ;     
27.09.2007 00:00:00   ;     7,7 ;     
28.09.2007 00:00:00   ;     7,7 ;     
29.09.2007 00:00:00   ;     7,7 ;     
30.09.2007 00:00:00   ;     7,7 ;     
01.10.2007 00:00:00   ;     7,7 ;     
02.10.2007 00:00:00   ;     7,8 ;     
03.10.2007 00:00:00   ;     7,9 ;     
04.10.2007 00:00:00   ;     7,8 ;     
05.10.2007 00:00:00   ;     7,9 ;     
06.10.2007 00:00:00   ;     7,9 ;     
07.10.2007 00:00:00   ;     7,8 ;     
08.10.2007 00:00:00   ;     7,6 ;     
09.10.2007 00:00:00   ;     7,7 ;     
10.10.2007 00:00:00   ;     7,7 ;     
11.10.2007 00:00:00   ;     7,7 ;     
12.10.2007 00:00:00   ;     7,8 ;     
13.10.2007 00:00:00   ;     7,8 ;     
14.10.2007 00:00:00   ;     7,7 ;     
15.10.2007 00:00:00   ;     7,6 ;     
16.10.2007 00:00:00   ;     7,6 ;     
17.10.2007 00:00:00   ;     7,7 ;     
18.10.2007 00:00:00   ;     7,8 ;     
19.10.2007 00:00:00   ;     7,5 ;     
20.10.2007 00:00:00   ;     7,4 ;     
21.10.2007 00:00:00   ;     7,5 ;     
22.10.2007 00:00:00   ;     7,6 ;     
23.10.2007 00:00:00   ;     7,6 ;     
24.10.2007 00:00:00   ;     7,7 ;     
25.10.2007 00:00:00   ;     7,7 ;     
26.10.2007 00:00:00   ;     7,7 ;     
27.10.2007 00:00:00   ;     7,4 ;     
28.10.2007 00:00:00   ;     7,4 ;     
29.10.2007 00:00:00   ;     7,3 ;     
30.10.2007 00:00:00   ;     7,3 ;     
31.10.2007 00:00:00   ;     7,3 ;     
01.11.2007 00:00:00   ;     7,2 ;     
02.11.2007 00:00:00   ;     7,3 ;     
03.11.2007 00:00:00   ;     7,4 ;     
04.11.2007 00:00:00   ;     7,2 ;     
05.11.2007 00:00:00   ;     7,0 ;     
06.11.2007 00:00:00   ;     7,1 ;     
07.11.2007 00:00:00   ;     7,2 ;     
08.11.2007 00:00:00   ;     7,3 ;     
09.11.2007 00:00:00   ;     7,2 ;     
10.11.2007 00:00:00   ;     7,1 ;     
11.11.2007 00:00:00   ;     7,1 ;     
12.11.2007 00:00:00   ;     7,2 ;     
13.11.2007 00:00:00   ;     7,2 ;     
14.11.2007 00:00:00   ;     7,1 ;     
15.11.2007 00:00:00   ;     7,2 ;     
16.11.2007 00:00:00   ;     7,2 ;     
17.11.2007 00:00:00   ;     7,2 ;     
18.11.2007 00:00:00   ;     7,2 ;     
19.11.2007 00:00:00   ;     7,2 ;     
20.11.2007 00:00:00   ;     7,3 ;     
21.11.2007 00:00:00   ;     7,3 ;     
22.11.2007 00:00:00   ;     7,3 ;     
23.11.2007 00:00:00   ;     7,2 ;     
24.11.2007 00:00:00   ;     7,1 ;     
25.11.2007 00:00:00   ;     7,1 ;     
26.11.2007 00:00:00   ;     7,0 ;     
27.11.2007 00:00:00   ;     7,1 ;     
28.11.2007 00:00:00   ;     7,0 ;     
29.11.2007 00:00:00   ;     7,0 ;     
30.11.2007 00:00:00   ;     7,2 ;     
01.12.2007 00:00:00   ;     7,3 ;     
02.12.2007 00:00:00   ;     7,2 ;     
03.12.2007 00:00:00   ;     7,2 ;     
04.12.2007 00:00:00   ;     7,1 ;     
05.12.2007 00:00:00   ;     7,1 ;     
06.12.2007 00:00:00   ;     7,2 ;     
07.12.2007 00:00:00   ;     7,2 ;     
08.12.2007 00:00:00   ;     7,0 ;     
09.12.2007 00:00:00   ;     7,0 ;     
10.12.2007 00:00:00   ;     7,1 ;     
11.12.2007 00:00:00   ;     7,1 ;     
12.12.2007 00:00:00   ;     7,1 ;     
13.12.2007 00:00:00   ;     7,1 ;     
14.12.2007 00:00:00   ;     7,1 ;     
15.12.2007 00:00:00   ;     7,1 ;     
16.12.2007 00:00:00   ;     7,1 ;     
17.12.2007 00:00:00   ;     7,1 ;     
18.12.2007 00:00:00   ;     7,0 ;     
19.12.2007 00:00:00   ;     7,0 ;     
20.12.2007 00:00:00   ;     7,0 ;     
21.12.2007 00:00:00   ;     6,9 ;     
22.12.2007 00:00:00   ;     6,9 ;     
23.12.2007 00:00:00   ;     7,0 ;     
24.12.2007 00:00:00   ;     7,1 ;     
25.12.2007 00:00:00   ;     7,1 ;     
26.12.2007 00:00:00   ;     6,9 ;     
27.12.2007 00:00:00   ;     6,9 ;     
28.12.2007 00:00:00   ;     6,9 ;     
29.12.2007 00:00:00   ;     6,9 ;     
30.12.2007 00:00:00   ;     7,1 ;     
31.12.2007 00:00:00   ;     7,1 ;     
01.01.2008 00:00:00   ;     7,0 ;     
02.01.2008 00:00:00   ;     6,7 ;     
03.01.2008 00:00:00   ;     6,8 ;     
04.01.2008 00:00:00   ;     6,9 ;     
05.01.2008 00:00:00   ;     6,9 ;     
06.01.2008 00:00:00   ;     7,1 ;     
07.01.2008 00:00:00   ;     7,2 ;     
08.01.2008 00:00:00   ;     7,0 ;     
09.01.2008 00:00:00   ;     7,0 ;     
10.01.2008 00:00:00   ;     7,1 ;     
11.01.2008 00:00:00   ;     7,0 ;     
12.01.2008 00:00:00   ;     7,1 ;     
13.01.2008 00:00:00   ;     7,2 ;     
14.01.2008 00:00:00   ;     7,1 ;     
15.01.2008 00:00:00   ;     7,1 ;     
16.01.2008 00:00:00   ;     7,0 ;     
17.01.2008 00:00:00   ;     7,1 ;     
18.01.2008 00:00:00   ;     7,1 ;     
19.01.2008 00:00:00   ;     7,0 ;     
20.01.2008 00:00:00   ;     6,9 ;     
21.01.2008 00:00:00   ;     6,8 ;     
22.01.2008 00:00:00   ;     6,9 ;     
23.01.2008 00:00:00   ;     6,8 ;     
24.01.2008 00:00:00   ;     6,8 ;     
25.01.2008 00:00:00   ;     6,9 ;     
26.01.2008 00:00:00   ;     6,9 ;     
27.01.2008 00:00:00   ;     6,9 ;     
28.01.2008 00:00:00   ;     6,9 ;     
29.01.2008 00:00:00   ;     6,9 ;     
30.01.2008 00:00:00   ;     6,9 ;     
31.01.2008 00:00:00   ;     7,0 ;     
01.02.2008 00:00:00   ;     7,0 ;     
02.02.2008 00:00:00   ;     7,0 ;     
03.02.2008 00:00:00   ;     7,0 ;     
04.02.2008 00:00:00   ;     7,1 ;     
05.02.2008 00:00:00   ;     7,1 ;     
06.02.2008 00:00:00   ;     7,1 ;     
07.02.2008 00:00:00   ;     7,1 ;     
08.02.2008 00:00:00   ;     7,0 ;     
09.02.2008 00:00:00   ;     7,0 ;     
10.02.2008 00:00:00   ;     7,0 ;     
11.02.2008 00:00:00   ;     6,9 ;     
12.02.2008 00:00:00   ;     6,9 ;     
13.02.2008 00:00:00   ;     6,9 ;     
14.02.2008 00:00:00   ;     6,9 ;     
15.02.2008 00:00:00   ;     7,0 ;     
16.02.2008 00:00:00   ;     6,9 ;     
17.02.2008 00:00:00   ;     6,8 ;     
18.02.2008 00:00:00   ;     6,9 ;     
19.02.2008 00:00:00   ;     7,1 ;     
20.02.2008 00:00:00   ;     7,0 ;     
21.02.2008 00:00:00   ;     7,2 ;     
22.02.2008 00:00:00   ;     7,3 ;     
23.02.2008 00:00:00   ;     7,3 ;     
24.02.2008 00:00:00   ;     7,2 ;     
25.02.2008 00:00:00   ;     7,2 ;     
26.02.2008 00:00:00   ;     7,1 ;     
27.02.2008 00:00:00   ;     7,0 ;     
28.02.2008 00:00:00   ;     7,0 ;     
29.02.2008 00:00:00   ;     6,9 ;     
01.03.2008 00:00:00   ;     6,8 ;     
02.03.2008 00:00:00   ;     6,7 ;     
03.03.2008 00:00:00   ;     6,7 ;     
04.03.2008 00:00:00   ;     6,7 ;     
05.03.2008 00:00:00   ;     6,5 ;     
06.03.2008 00:00:00   ;     6,6 ;     
07.03.2008 00:00:00   ;     6,8 ;     
08.03.2008 00:00:00   ;     6,8 ;     
09.03.2008 00:00:00   ;     6,9 ;     
10.03.2008 00:00:00   ;     7,0 ;     
11.03.2008 00:00:00   ;     7,1 ;     
12.03.2008 00:00:00   ;     7,1 ;     
13.03.2008 00:00:00   ;     6,8 ;     
14.03.2008 00:00:00   ;     6,8 ;     
15.03.2008 00:00:00   ;     6,8 ;     
16.03.2008 00:00:00   ;     6,6 ;     
17.03.2008 00:00:00   ;     6,7 ;     
18.03.2008 00:00:00   ;     6,7 ;     
19.03.2008 00:00:00   ;     6,8 ;     
20.03.2008 00:00:00   ;     6,7 ;     
21.03.2008 00:00:00   ;     6,8 ;     
22.03.2008 00:00:00   ;     6,9 ;     
23.03.2008 00:00:00   ;     6,9 ;     
24.03.2008 00:00:00   ;     6,9 ;     
25.03.2008 00:00:00   ;     6,6 ;     
26.03.2008 00:00:00   ;     6,9 ;     
27.03.2008 00:00:00   ;     7,1 ;     
28.03.2008 00:00:00   ;     7,1 ;     
29.03.2008 00:00:00   ;     7,1 ;     
30.03.2008 00:00:00   ;     7,1 ;     
31.03.2008 00:00:00   ;     7,1 ;     
01.04.2008 00:00:00   ;     7,1 ;     
02.04.2008 00:00:00   ;     7,0 ;     
03.04.2008 00:00:00   ;     6,9 ;     
04.04.2008 00:00:00   ;     6,9 ;     
05.04.2008 00:00:00   ;     6,9 ;     
06.04.2008 00:00:00   ;     7,0 ;     
07.04.2008 00:00:00   ;     6,9 ;     
08.04.2008 00:00:00   ;     7,0 ;     
09.04.2008 00:00:00   ;     7,2 ;     
10.04.2008 00:00:00   ;     7,2 ;     
11.04.2008 00:00:00   ;     7,0 ;     
12.04.2008 00:00:00   ;     6,8 ;     
13.04.2008 00:00:00   ;     6,9 ;     
14.04.2008 00:00:00   ;     6,9 ;     
15.04.2008 00:00:00   ;     6,9 ;     
16.04.2008 00:00:00   ;     6,8 ;     
17.04.2008 00:00:00   ;     6,9 ;     
18.04.2008 00:00:00   ;     7,0 ;     
19.04.2008 00:00:00   ;     7,1 ;     
20.04.2008 00:00:00   ;     7,0 ;     
21.04.2008 00:00:00   ;     6,9 ;     
22.04.2008 00:00:00   ;     6,8 ;     
23.04.2008 00:00:00   ;     6,7 ;     
24.04.2008 00:00:00   ;     6,7 ;     
25.04.2008 00:00:00   ;     6,8 ;     
26.04.2008 00:00:00   ;     6,8 ;     
27.04.2008 00:00:00   ;     7,0 ;     
28.04.2008 00:00:00   ;     6,9 ;     
29.04.2008 00:00:00   ;     6,8 ;     
30.04.2008 00:00:00   ;     6,8 ;     
01.05.2008 00:00:00   ;     6,7 ;     
02.05.2008 00:00:00   ;     6,8 ;     
03.05.2008 00:00:00   ;     6,9 ;     
04.05.2008 00:00:00   ;     6,8 ;     
05.05.2008 00:00:00   ;     6,8 ;     
06.05.2008 00:00:00   ;     6,9 ;     
07.05.2008 00:00:00   ;     6,9 ;     
08.05.2008 00:00:00   ;     6,8 ;     
09.05.2008 00:00:00   ;     6,9 ;     
10.05.2008 00:00:00   ;     6,9 ;     
11.05.2008 00:00:00   ;     6,8 ;     
12.05.2008 00:00:00   ;     6,8 ;     
13.05.2008 00:00:00   ;     6,8 ;     
14.05.2008 00:00:00   ;     6,9 ;     
15.05.2008 00:00:00   ;     6,8 ;     
16.05.2008 00:00:00   ;     6,9 ;     
17.05.2008 00:00:00   ;     6,8 ;     
18.05.2008 00:00:00   ;     6,8 ;     
19.05.2008 00:00:00   ;     6,9 ;     
20.05.2008 00:00:00   ;     6,9 ;     
21.05.2008 00:00:00   ;     6,9 ;     
22.05.2008 00:00:00   ;     7,0 ;     
23.05.2008 00:00:00   ;     7,1 ;     
24.05.2008 00:00:00   ;     7,3 ;     
25.05.2008 00:00:00   ;     7,2 ;     
26.05.2008 00:00:00   ;     7,2 ;     
27.05.2008 00:00:00   ;     7,3 ;     
28.05.2008 00:00:00   ;     7,3 ;     
29.05.2008 00:00:00   ;     7,4 ;     
30.05.2008 00:00:00   ;     7,4 ;     
31.05.2008 00:00:00   ;     7,3 ;     
01.06.2008 00:00:00   ;     7,5 ;     
02.06.2008 00:00:00   ;     7,6 ;     
03.06.2008 00:00:00   ;     7,4 ;     
04.06.2008 00:00:00   ;     7,5 ;     
05.06.2008 00:00:00   ;     7,5 ;     
06.06.2008 00:00:00   ;     7,5 ;     
07.06.2008 00:00:00   ;     7,6 ;     
08.06.2008 00:00:00   ;     7,2 ;     
09.06.2008 00:00:00   ;     7,2 ;     
10.06.2008 00:00:00   ;     7,3 ;     
11.06.2008 00:00:00   ;     7,4 ;     
12.06.2008 00:00:00   ;     7,4 ;     
13.06.2008 00:00:00   ;     7,2 ;     
14.06.2008 00:00:00   ;     7,2 ;     
15.06.2008 00:00:00   ;     7,4 ;     
16.06.2008 00:00:00   ;     7,3 ;     
17.06.2008 00:00:00   ;     7,5 ;     
18.06.2008 00:00:00   ;     7,5 ;     
19.06.2008 00:00:00   ;     7,6 ;     
20.06.2008 00:00:00   ;     7,7 ;     
21.06.2008 00:00:00   ;     7,8 ;     
22.06.2008 00:00:00   ;     7,9 ;     
23.06.2008 00:00:00   ;     8,0 ;     
24.06.2008 00:00:00   ;     7,8 ;     
25.06.2008 00:00:00   ;     7,9 ;     
26.06.2008 00:00:00   ;     7,5 ;     
27.06.2008 00:00:00   ;     7,4 ;     
28.06.2008 00:00:00   ;     7,4 ;     
29.06.2008 00:00:00   ;     7,5 ;     
30.06.2008 00:00:00   ;     7,6 ;     
01.07.2008 00:00:00   ;     7,7 ;     
02.07.2008 00:00:00   ;     7,8 ;     
03.07.2008 00:00:00   ;     7,8 ;     
04.07.2008 00:00:00   ;     7,4 ;     
05.07.2008 00:00:00   ;     7,4 ;     
06.07.2008 00:00:00   ;     7,6 ;     
07.07.2008 00:00:00   ;     7,4 ;     
08.07.2008 00:00:00   ;     7,4 ;     
09.07.2008 00:00:00   ;     7,6 ;     
10.07.2008 00:00:00   ;     7,6 ;     
11.07.2008 00:00:00   ;     7,7 ;     
12.07.2008 00:00:00   ;     7,8 ;     
13.07.2008 00:00:00   ;     7,7 ;     
14.07.2008 00:00:00   ;     7,6 ;     
15.07.2008 00:00:00   ;     7,5 ;     
16.07.2008 00:00:00   ;     7,5 ;     
17.07.2008 00:00:00   ;     7,4 ;     
18.07.2008 00:00:00   ;     7,5 ;     
19.07.2008 00:00:00   ;     7,7 ;     
20.07.2008 00:00:00   ;     7,6 ;     
21.07.2008 00:00:00   ;     7,4 ;     
22.07.2008 00:00:00   ;     7,3 ;     
23.07.2008 00:00:00   ;     7,1 ;     
24.07.2008 00:00:00   ;     7,0 ;     
25.07.2008 00:00:00   ;     7,0 ;     
26.07.2008 00:00:00   ;     7,2 ;     
27.07.2008 00:00:00   ;     7,3 ;     
28.07.2008 00:00:00   ;     7,4 ;     
29.07.2008 00:00:00   ;     7,4 ;     
30.07.2008 00:00:00   ;     7,5 ;     
31.07.2008 00:00:00   ;     7,4 ;     
01.08.2008 00:00:00   ;     7,6 ;     
02.08.2008 00:00:00   ;     7,4 ;     
03.08.2008 00:00:00   ;     7,3 ;     
04.08.2008 00:00:00   ;     7,4 ;     
05.08.2008 00:00:00   ;     7,4 ;     
06.08.2008 00:00:00   ;     7,6 ;     
07.08.2008 00:00:00   ;     7,7 ;     
08.08.2008 00:00:00   ;     7,5 ;     
09.08.2008 00:00:00   ;     7,3 ;     
10.08.2008 00:00:00   ;     7,3 ;     
11.08.2008 00:00:00   ;     7,4 ;     
12.08.2008 00:00:00   ;     7,5 ;     
13.08.2008 00:00:00   ;     7,5 ;     
14.08.2008 00:00:00   ;     7,6 ;     
15.08.2008 00:00:00   ;     7,6 ;     
16.08.2008 00:00:00   ;     7,3 ;     
17.08.2008 00:00:00   ;     7,2 ;     
18.08.2008 00:00:00   ;     7,4 ;     
19.08.2008 00:00:00   ;     7,4 ;     
20.08.2008 00:00:00   ;     7,4 ;     
21.08.2008 00:00:00   ;     7,6 ;     
22.08.2008 00:00:00   ;     7,7 ;     
23.08.2008 00:00:00   ;     7,6 ;     
24.08.2008 00:00:00   ;     7,7 ;     
25.08.2008 00:00:00   ;     7,8 ;     
26.08.2008 00:00:00   ;     7,7 ;     
27.08.2008 00:00:00   ;     7,9 ;     
28.08.2008 00:00:00   ;     7,8 ;     
29.08.2008 00:00:00   ;     7,8 ;     
30.08.2008 00:00:00   ;     7,9 ;     
31.08.2008 00:00:00   ;     8,0 ;     
01.09.2008 00:00:00   ;     7,9 ;     
02.09.2008 00:00:00   ;     7,8 ;     
03.09.2008 00:00:00   ;     8,0 ;     
04.09.2008 00:00:00   ;     7,9 ;     
05.09.2008 00:00:00   ;     8,0 ;     
06.09.2008 00:00:00   ;     8,1 ;     
07.09.2008 00:00:00   ;     7,9 ;     
08.09.2008 00:00:00   ;     7,9 ;     
09.09.2008 00:00:00   ;     7,9 ;     
10.09.2008 00:00:00   ;     8,1 ;     
11.09.2008 00:00:00   ;     8,1 ;     
12.09.2008 00:00:00   ;     8,1 ;     
13.09.2008 00:00:00   ;     7,8 ;     
14.09.2008 00:00:00   ;     7,5 ;     
15.09.2008 00:00:00   ;     7,5 ;     
16.09.2008 00:00:00   ;     7,4 ;     
17.09.2008 00:00:00   ;     7,3 ;     
18.09.2008 00:00:00   ;     7,3 ;     
19.09.2008 00:00:00   ;     7,3 ;     
20.09.2008 00:00:00   ;     7,3 ;     
21.09.2008 00:00:00   ;     7,3 ;     
22.09.2008 00:00:00   ;     7,4 ;     
23.09.2008 00:00:00   ;     7,4 ;     
24.09.2008 00:00:00   ;     7,4 ;     
25.09.2008 00:00:00   ;     7,4 ;     
26.09.2008 00:00:00   ;     7,1 ;     
27.09.2008 00:00:00   ;     7,2 ;     
28.09.2008 00:00:00   ;     7,2 ;     
29.09.2008 00:00:00   ;     7,3 ;     
30.09.2008 00:00:00   ;     7,4 ;     
01.10.2008 00:00:00   ;     7,4 ;     
02.10.2008 00:00:00   ;     7,5 ;     
03.10.2008 00:00:00   ;     7,5 ;     
04.10.2008 00:00:00   ;     7,5 ;     
05.10.2008 00:00:00   ;     7,3 ;     
06.10.2008 00:00:00   ;     7,4 ;     
07.10.2008 00:00:00   ;     7,4 ;     
08.10.2008 00:00:00   ;     7,3 ;     
09.10.2008 00:00:00   ;     7,3 ;     
10.10.2008 00:00:00   ;     7,4 ;     
11.10.2008 00:00:00   ;     7,4 ;     
12.10.2008 00:00:00   ;     7,4 ;     
13.10.2008 00:00:00   ;     7,5 ;     
14.10.2008 00:00:00   ;     7,6 ;     
15.10.2008 00:00:00   ;     7,6 ;     
16.10.2008 00:00:00   ;     7,6 ;     
17.10.2008 00:00:00   ;     7,5 ;     
18.10.2008 00:00:00   ;     7,3 ;     
19.10.2008 00:00:00   ;     7,3 ;     
20.10.2008 00:00:00   ;     7,3 ;     
21.10.2008 00:00:00   ;     7,4 ;     
22.10.2008 00:00:00   ;     7,5 ;     
23.10.2008 00:00:00   ;     7,5 ;     
24.10.2008 00:00:00   ;     7,4 ;     
25.10.2008 00:00:00   ;     7,5 ;     
26.10.2008 00:00:00   ;     7,5 ;     
27.10.2008 00:00:00   ;     7,4 ;     
28.10.2008 00:00:00   ;     7,6 ;     
29.10.2008 00:00:00   ;     7,5 ;     
30.10.2008 00:00:00   ;     7,5 ;     
31.10.2008 00:00:00   ;     7,4 ;     
01.11.2008 00:00:00   ;     7,7 ;     
02.11.2008 00:00:00   ;     7,5 ;     
03.11.2008 00:00:00   ;     7,5 ;     
04.11.2008 00:00:00   ;     7,5 ;     
05.11.2008 00:00:00   ;     7,8 ;     
06.11.2008 00:00:00   ;     7,4 ;     
07.11.2008 00:00:00   ;     7,5 ;     
08.11.2008 00:00:00   ;     7,5 ;     
09.11.2008 00:00:00   ;     7,1 ;     
10.11.2008 00:00:00   ;     6,6 ;     
11.11.2008 00:00:00   ;     6,5 ;     
12.11.2008 00:00:00   ;     7,0 ;     
13.11.2008 00:00:00   ;     7,0 ;     
14.11.2008 00:00:00   ;     6,9 ;     
15.11.2008 00:00:00   ;     7,1 ;     
16.11.2008 00:00:00   ;     6,9 ;     
17.11.2008 00:00:00   ;     7,3 ;     
18.11.2008 00:00:00   ;     7,3 ;     
19.11.2008 00:00:00   ;     7,3 ;     
20.11.2008 00:00:00   ;     7,4 ;     
21.11.2008 00:00:00   ;     7,3 ;     
22.11.2008 00:00:00   ;     7,0 ;     
23.11.2008 00:00:00   ;     7,0 ;     
24.11.2008 00:00:00   ;     7,1 ;     
25.11.2008 00:00:00   ;     7,1 ;     
26.11.2008 00:00:00   ;     7,1 ;     
27.11.2008 00:00:00   ;     7,1 ;     
28.11.2008 00:00:00   ;     7,1 ;     
29.11.2008 00:00:00   ;     7,3 ;     
30.11.2008 00:00:00   ;     7,3 ;     
01.12.2008 00:00:00   ;     7,3 ;     
02.12.2008 00:00:00   ;     7,3 ;     
03.12.2008 00:00:00   ;     7,2 ;     
04.12.2008 00:00:00   ;     7,1 ;     
05.12.2008 00:00:00   ;     7,1 ;     
06.12.2008 00:00:00   ;     7,2 ;     
07.12.2008 00:00:00   ;     7,1 ;     
08.12.2008 00:00:00   ;     7,2 ;     
09.12.2008 00:00:00   ;     7,1 ;     
10.12.2008 00:00:00   ;     7,0 ;     
11.12.2008 00:00:00   ;     7,1 ;     
12.12.2008 00:00:00   ;     7,2 ;     
13.12.2008 00:00:00   ;     7,2 ;     
14.12.2008 00:00:00   ;     7,2 ;     
15.12.2008 00:00:00   ;     7,3 ;     
16.12.2008 00:00:00   ;     7,3 ;     
17.12.2008 00:00:00   ;     7,3 ;     
18.12.2008 00:00:00   ;     7,2 ;     
19.12.2008 00:00:00   ;     7,2 ;     
20.12.2008 00:00:00   ;     7,1 ;     
21.12.2008 00:00:00   ;     7,0 ;     
22.12.2008 00:00:00   ;     7,1 ;     
23.12.2008 00:00:00   ;     7,1 ;     
24.12.2008 00:00:00   ;     7,1 ;     
25.12.2008 00:00:00   ;     7,1 ;     
26.12.2008 00:00:00   ;     6,9 ;     
27.12.2008 00:00:00   ;     7,0 ;     
28.12.2008 00:00:00   ;     6,9 ;     
29.12.2008 00:00:00   ;     6,9 ;     
30.12.2008 00:00:00   ;     6,9 ;     
31.12.2008 00:00:00   ;     6,9 ;     
01.01.2009 00:00:00   ;     7,0 ;     
02.01.2009 00:00:00   ;     7,0 ;     
03.01.2009 00:00:00   ;     6,8 ;     
04.01.2009 00:00:00   ;     6,8 ;     
05.01.2009 00:00:00   ;     6,8 ;     
06.01.2009 00:00:00   ;     6,8 ;     
07.01.2009 00:00:00   ;     6,8 ;     
08.01.2009 00:00:00   ;     6,7 ;     
09.01.2009 00:00:00   ;     6,4 ;     
10.01.2009 00:00:00   ;     6,4 ;     
11.01.2009 00:00:00   ;     6,3 ;     
12.01.2009 00:00:00   ;     6,3 ;     
13.01.2009 00:00:00   ;     6,4 ;     
14.01.2009 00:00:00   ;     6,7 ;     
15.01.2009 00:00:00   ;     6,7 ;     
16.01.2009 00:00:00   ;     6,4 ;     
17.01.2009 00:00:00   ;     6,3 ;     
18.01.2009 00:00:00   ;     6,6 ;     
19.01.2009 00:00:00   ;     6,8 ;     
20.01.2009 00:00:00   ;     6,7 ;     
21.01.2009 00:00:00   ;     6,8 ;     
22.01.2009 00:00:00   ;     6,7 ;     
23.01.2009 00:00:00   ;     6,6 ;     
24.01.2009 00:00:00   ;     6,8 ;     
25.01.2009 00:00:00   ;     6,6 ;     
26.01.2009 00:00:00   ;     6,3 ;     
27.01.2009 00:00:00   ;     6,4 ;     
28.01.2009 00:00:00   ;     6,2 ;     
29.01.2009 00:00:00   ;     6,1 ;     
30.01.2009 00:00:00   ;     5,8 ;     
31.01.2009 00:00:00   ;     5,6 ;     
01.02.2009 00:00:00   ;     5,3 ;     
02.02.2009 00:00:00   ;     5,8 ;     
03.02.2009 00:00:00   ;     6,1 ;     
04.02.2009 00:00:00   ;     6,5 ;     
05.02.2009 00:00:00   ;     6,9 ;     
06.02.2009 00:00:00   ;     7,1 ;     
07.02.2009 00:00:00   ;     7,3 ;     
08.02.2009 00:00:00   ;     7,1 ;     
09.02.2009 00:00:00   ;     7,1 ;     
10.02.2009 00:00:00   ;     7,1 ;     
11.02.2009 00:00:00   ;     7,0 ;     
12.02.2009 00:00:00   ;     6,7 ;     
13.02.2009 00:00:00   ;     6,6 ;     
14.02.2009 00:00:00   ;     6,7 ;     
15.02.2009 00:00:00   ;     6,5 ;     
16.02.2009 00:00:00   ;     6,4 ;     
17.02.2009 00:00:00   ;     5,9 ;     
18.02.2009 00:00:00   ;     6,2 ;     
19.02.2009 00:00:00   ;     6,1 ;     
20.02.2009 00:00:00   ;     5,7 ;     
21.02.2009 00:00:00   ;     5,8 ;     
22.02.2009 00:00:00   ;     6,0 ;     
23.02.2009 00:00:00   ;     5,9 ;     
24.02.2009 00:00:00   ;     5,8 ;     
25.02.2009 00:00:00   ;     6,2 ;     
26.02.2009 00:00:00   ;     6,4 ;     
27.02.2009 00:00:00   ;     6,3 ;     
28.02.2009 00:00:00   ;     7,0 ;     
01.03.2009 00:00:00   ;     7,2 ;     
02.03.2009 00:00:00   ;     7,1 ;     
03.03.2009 00:00:00   ;     7,1 ;     
04.03.2009 00:00:00   ;     7,1 ;     
05.03.2009 00:00:00   ;     7,0 ;     
06.03.2009 00:00:00   ;     6,8 ;     
07.03.2009 00:00:00   ;     6,9 ;     
08.03.2009 00:00:00   ;     7,1 ;     
09.03.2009 00:00:00   ;     7,0 ;     
10.03.2009 00:00:00   ;     7,1 ;     
11.03.2009 00:00:00   ;     6,8 ;     
12.03.2009 00:00:00   ;     7,0 ;     
13.03.2009 00:00:00   ;     6,9 ;     
14.03.2009 00:00:00   ;     6,9 ;     
15.03.2009 00:00:00   ;     6,8 ;     
16.03.2009 00:00:00   ;     6,8 ;     
17.03.2009 00:00:00   ;     6,9 ;     
18.03.2009 00:00:00   ;     6,9 ;     
19.03.2009 00:00:00   ;     6,8 ;     
20.03.2009 00:00:00   ;     6,9 ;     
21.03.2009 00:00:00   ;     7,0 ;     
22.03.2009 00:00:00   ;     7,0 ;     
23.03.2009 00:00:00   ;     7,0 ;     
24.03.2009 00:00:00   ;     6,9 ;     
25.03.2009 00:00:00   ;     7,0 ;     
26.03.2009 00:00:00   ;     6,9 ;     
27.03.2009 00:00:00   ;     7,1 ;     
28.03.2009 00:00:00   ;     7,1 ;     
29.03.2009 00:00:00   ;     7,0 ;     
30.03.2009 00:00:00   ;     7,0 ;     
31.03.2009 00:00:00   ;     7,0 ;     
01.04.2009 00:00:00   ;     7,1 ;     
02.04.2009 00:00:00   ;     7,0 ;     
03.04.2009 00:00:00   ;     6,9 ;     
04.04.2009 00:00:00   ;     6,8 ;     
05.04.2009 00:00:00   ;     6,8 ;     
06.04.2009 00:00:00   ;     6,7 ;     
07.04.2009 00:00:00   ;     6,7 ;     
08.04.2009 00:00:00   ;     6,7 ;     
09.04.2009 00:00:00   ;     6,6 ;     
10.04.2009 00:00:00   ;     6,6 ;     
11.04.2009 00:00:00   ;     6,5 ;     
12.04.2009 00:00:00   ;     6,6 ;     
13.04.2009 00:00:00   ;     6,5 ;     
14.04.2009 00:00:00   ;     6,6 ;     
15.04.2009 00:00:00   ;     6,5 ;     
16.04.2009 00:00:00   ;     6,6 ;     
17.04.2009 00:00:00   ;     6,5 ;     
18.04.2009 00:00:00   ;     6,6 ;     
19.04.2009 00:00:00   ;     6,6 ;     
20.04.2009 00:00:00   ;     6,6 ;     
21.04.2009 00:00:00   ;     6,6 ;     
22.04.2009 00:00:00   ;     6,5 ;     
23.04.2009 00:00:00   ;     6,5 ;     
24.04.2009 00:00:00   ;     6,6 ;     
25.04.2009 00:00:00   ;     6,7 ;     
26.04.2009 00:00:00   ;     6,7 ;     
27.04.2009 00:00:00   ;     6,7 ;     
28.04.2009 00:00:00   ;     6,5 ;     
29.04.2009 00:00:00   ;     6,5 ;     
30.04.2009 00:00:00   ;     6,5 ;     
01.05.2009 00:00:00   ;     6,6 ;     
02.05.2009 00:00:00   ;     6,5 ;     
03.05.2009 00:00:00   ;     6,6 ;     
04.05.2009 00:00:00   ;     6,5 ;     
05.05.2009 00:00:00   ;     6,6 ;     
06.05.2009 00:00:00   ;     6,6 ;     
07.05.2009 00:00:00   ;     6,5 ;     
08.05.2009 00:00:00   ;     6,5 ;     
09.05.2009 00:00:00   ;     6,5 ;     
10.05.2009 00:00:00   ;     6,6 ;     
11.05.2009 00:00:00   ;     6,6 ;     
12.05.2009 00:00:00   ;     6,5 ;     
13.05.2009 00:00:00   ;     6,6 ;     
14.05.2009 00:00:00   ;     6,7 ;     
15.05.2009 00:00:00   ;     6,7 ;     
16.05.2009 00:00:00   ;     6,6 ;     
17.05.2009 00:00:00   ;     6,8 ;     
18.05.2009 00:00:00   ;     6,8 ;     
19.05.2009 00:00:00   ;     6,7 ;     
20.05.2009 00:00:00   ;     6,8 ;     
21.05.2009 00:00:00   ;     6,9 ;     
22.05.2009 00:00:00   ;     6,9 ;     
23.05.2009 00:00:00   ;     6,9 ;     
24.05.2009 00:00:00   ;     7,0 ;     
25.05.2009 00:00:00   ;     7,0 ;     
26.05.2009 00:00:00   ;     7,1 ;     
27.05.2009 00:00:00   ;     7,0 ;     
28.05.2009 00:00:00   ;     7,0 ;     
29.05.2009 00:00:00   ;     7,0 ;     
30.05.2009 00:00:00   ;     6,9 ;     
31.05.2009 00:00:00   ;     6,7 ;     
01.06.2009 00:00:00   ;     6,8 ;     
02.06.2009 00:00:00   ;     6,8 ;     
03.06.2009 00:00:00   ;     6,9 ;     
04.06.2009 00:00:00   ;     6,8 ;     
05.06.2009 00:00:00   ;     7,1 ;     
06.06.2009 00:00:00   ;     7,1 ;     
07.06.2009 00:00:00   ;     7,2 ;     
08.06.2009 00:00:00   ;     7,3 ;     
09.06.2009 00:00:00   ;     7,3 ;     
10.06.2009 00:00:00   ;     7,2 ;     
11.06.2009 00:00:00   ;     7,2 ;     
12.06.2009 00:00:00   ;     7,3 ;     
13.06.2009 00:00:00   ;     7,4 ;     
14.06.2009 00:00:00   ;     7,5 ;     
15.06.2009 00:00:00   ;     7,4 ;     
16.06.2009 00:00:00   ;     7,4 ;     
17.06.2009 00:00:00   ;     7,6 ;     
18.06.2009 00:00:00   ;     7,6 ;     
19.06.2009 00:00:00   ;     7,5 ;     
20.06.2009 00:00:00   ;     7,2 ;     
21.06.2009 00:00:00   ;     7,0 ;     
22.06.2009 00:00:00   ;     7,1 ;     
23.06.2009 00:00:00   ;     7,0 ;     
24.06.2009 00:00:00   ;     6,9 ;     
25.06.2009 00:00:00   ;     6,8 ;     
26.06.2009 00:00:00   ;     6,9 ;     
27.06.2009 00:00:00   ;     7,1 ;     
28.06.2009 00:00:00   ;     7,0 ;     
29.06.2009 00:00:00   ;     6,9 ;     
30.06.2009 00:00:00   ;     6,9 ;     
01.07.2009 00:00:00   ;     7,1 ;     
02.07.2009 00:00:00   ;     7,2 ;     
03.07.2009 00:00:00   ;     7,2 ;     
04.07.2009 00:00:00   ;     7,1 ;     
05.07.2009 00:00:00   ;     7,2 ;     
06.07.2009 00:00:00   ;     7,2 ;     
07.07.2009 00:00:00   ;     7,3 ;     
08.07.2009 00:00:00   ;     7,3 ;     
09.07.2009 00:00:00   ;     7,3 ;     
10.07.2009 00:00:00   ;     7,3 ;     
11.07.2009 00:00:00   ;     7,4 ;     
12.07.2009 00:00:00   ;     7,5 ;     
13.07.2009 00:00:00   ;     7,5 ;     
14.07.2009 00:00:00   ;     7,6 ;     
15.07.2009 00:00:00   ;     7,6 ;     
16.07.2009 00:00:00   ;     7,8 ;     
17.07.2009 00:00:00   ;     7,7 ;     
18.07.2009 00:00:00   ;     7,5 ;     
19.07.2009 00:00:00   ;     7,1 ;     
20.07.2009 00:00:00   ;     7,2 ;     
21.07.2009 00:00:00   ;     7,4 ;     
22.07.2009 00:00:00   ;     7,5 ;     
23.07.2009 00:00:00   ;     7,6 ;     
24.07.2009 00:00:00   ;     7,6 ;     
25.07.2009 00:00:00   ;     7,6 ;     
26.07.2009 00:00:00   ;     7,4 ;     
27.07.2009 00:00:00   ;     7,5 ;     
28.07.2009 00:00:00   ;     7,5 ;     
29.07.2009 00:00:00   ;     7,6 ;     
30.07.2009 00:00:00   ;     7,7 ;     
31.07.2009 00:00:00   ;     7,7 ;     
01.08.2009 00:00:00   ;     7,8 ;     
02.08.2009 00:00:00   ;     7,8 ;     
03.08.2009 00:00:00   ;     7,8 ;     
04.08.2009 00:00:00   ;     7,7 ;     
05.08.2009 00:00:00   ;     7,2 ;     
06.08.2009 00:00:00   ;     7,3 ;     
07.08.2009 00:00:00   ;     7,6 ;     
08.08.2009 00:00:00   ;     7,6 ;     
09.08.2009 00:00:00   ;     7,6 ;     
10.08.2009 00:00:00   ;     7,7 ;     
11.08.2009 00:00:00   ;     7,4 ;     
12.08.2009 00:00:00   ;     7,3 ;     
13.08.2009 00:00:00   ;     7,4 ;     
14.08.2009 00:00:00   ;     7,5 ;     
15.08.2009 00:00:00   ;     7,5 ;     
16.08.2009 00:00:00   ;     7,5 ;     
17.08.2009 00:00:00   ;     7,5 ;     
18.08.2009 00:00:00   ;     7,6 ;     
19.08.2009 00:00:00   ;     7,7 ;     
20.08.2009 00:00:00   ;     7,8 ;     
21.08.2009 00:00:00   ;     7,9 ;     
22.08.2009 00:00:00   ;     7,8 ;     
23.08.2009 00:00:00   ;     7,8 ;     
24.08.2009 00:00:00   ;     7,9 ;     
25.08.2009 00:00:00   ;     7,8 ;     
26.08.2009 00:00:00   ;     8,0 ;     
27.08.2009 00:00:00   ;     8,1 ;     
28.08.2009 00:00:00   ;     8,0 ;     
29.08.2009 00:00:00   ;     7,9 ;     
30.08.2009 00:00:00   ;     7,8 ;     
31.08.2009 00:00:00   ;     7,7 ;     
01.09.2009 00:00:00   ;     7,7 ;     
02.09.2009 00:00:00   ;     7,8 ;     
03.09.2009 00:00:00   ;     7,8 ;     
04.09.2009 00:00:00   ;     7,8 ;     
05.09.2009 00:00:00   ;     7,5 ;     
06.09.2009 00:00:00   ;     7,4 ;     
07.09.2009 00:00:00   ;     7,4 ;     
08.09.2009 00:00:00   ;     7,5 ;     
09.09.2009 00:00:00   ;     7,7 ;     
10.09.2009 00:00:00   ;     7,8 ;     
11.09.2009 00:00:00   ;     7,8 ;     
12.09.2009 00:00:00   ;     7,5 ;     
13.09.2009 00:00:00   ;     7,5 ;     
14.09.2009 00:00:00   ;     7,5 ;     
15.09.2009 00:00:00   ;     7,5 ;     
16.09.2009 00:00:00   ;     7,5 ;     
17.09.2009 00:00:00   ;     7,5 ;     
18.09.2009 00:00:00   ;     7,7 ;     
19.09.2009 00:00:00   ;     7,7 ;     
20.09.2009 00:00:00   ;     7,8 ;     
21.09.2009 00:00:00   ;     7,8 ;     
22.09.2009 00:00:00   ;     7,8 ;     
23.09.2009 00:00:00   ;     7,8 ;     
24.09.2009 00:00:00   ;     7,9 ;     
25.09.2009 00:00:00   ;     7,9 ;     
26.09.2009 00:00:00   ;     7,9 ;     
27.09.2009 00:00:00   ;     7,9 ;     
28.09.2009 00:00:00   ;     7,9 ;     
29.09.2009 00:00:00   ;     7,9 ;     
30.09.2009 00:00:00   ;     7,9 ;     
01.10.2009 00:00:00   ;     8,1 ;     
02.10.2009 00:00:00   ;     7,8 ;     
03.10.2009 00:00:00   ;     8,0 ;     
04.10.2009 00:00:00   ;     7,6 ;     
05.10.2009 00:00:00   ;     7,9 ;     
06.10.2009 00:00:00   ;     8,2 ;     
07.10.2009 00:00:00   ;     8,2 ;     
08.10.2009 00:00:00   ;     8,1 ;     
09.10.2009 00:00:00   ;     8,2 ;     
10.10.2009 00:00:00   ;     8,2 ;     
11.10.2009 00:00:00   ;     7,9 ;     
12.10.2009 00:00:00   ;     7,7 ;     
13.10.2009 00:00:00   ;     7,5 ;     
14.10.2009 00:00:00   ;     7,2 ;     
15.10.2009 00:00:00   ;     7,3 ;     
16.10.2009 00:00:00   ;     7,4 ;     
17.10.2009 00:00:00   ;     7,4 ;     
18.10.2009 00:00:00   ;     7,4 ;     
19.10.2009 00:00:00   ;     7,5 ;     
20.10.2009 00:00:00   ;     7,5 ;     
21.10.2009 00:00:00   ;     7,5 ;     
22.10.2009 00:00:00   ;     7,4 ;     
23.10.2009 00:00:00   ;     7,2 ;     
24.10.2009 00:00:00   ;     7,1 ;     
25.10.2009 00:00:00   ;     7,2 ;     
26.10.2009 00:00:00   ;     7,1 ;     
27.10.2009 00:00:00   ;     7,1 ;     
28.10.2009 00:00:00   ;     7,1 ;     
29.10.2009 00:00:00   ;     7,2 ;     
30.10.2009 00:00:00   ;     7,3 ;     
31.10.2009 00:00:00   ;     7,2 ;     
01.11.2009 00:00:00   ;     7,3 ;     
02.11.2009 00:00:00   ;     7,3 ;     
03.11.2009 00:00:00   ;     7,4 ;     
04.11.2009 00:00:00   ;     7,4 ;     
05.11.2009 00:00:00   ;     7,4 ;     
06.11.2009 00:00:00   ;     7,2 ;     
07.11.2009 00:00:00   ;     7,3 ;     
08.11.2009 00:00:00   ;     7,3 ;     
09.11.2009 00:00:00   ;     7,4 ;     
10.11.2009 00:00:00   ;     7,4 ;     
11.11.2009 00:00:00   ;     7,4 ;     
12.11.2009 00:00:00   ;     7,4 ;     
13.11.2009 00:00:00   ;     7,5 ;     
14.11.2009 00:00:00   ;     7,5 ;     
15.11.2009 00:00:00   ;     7,5 ;     
16.11.2009 00:00:00   ;     7,5 ;     
17.11.2009 00:00:00   ;     7,5 ;     
18.11.2009 00:00:00   ;     7,5 ;     
19.11.2009 00:00:00   ;     7,4 ;     
20.11.2009 00:00:00   ;     7,4 ;     
21.11.2009 00:00:00   ;     7,4 ;     
22.11.2009 00:00:00   ;     7,4 ;     
23.11.2009 00:00:00   ;     7,4 ;     
24.11.2009 00:00:00   ;     7,5 ;     
25.11.2009 00:00:00   ;     7,5 ;     
26.11.2009 00:00:00   ;     7,3 ;     
27.11.2009 00:00:00   ;     7,3 ;     
28.11.2009 00:00:00   ;     7,3 ;     
29.11.2009 00:00:00   ;     7,2 ;     
30.11.2009 00:00:00   ;     7,4 ;     
01.12.2009 00:00:00   ;     7,4 ;     
02.12.2009 00:00:00   ;     7,2 ;     
03.12.2009 00:00:00   ;     7,0 ;     
04.12.2009 00:00:00   ;     6,9 ;     
05.12.2009 00:00:00   ;     7,1 ;     
06.12.2009 00:00:00   ;     7,0 ;     
07.12.2009 00:00:00   ;     7,3 ;     
08.12.2009 00:00:00   ;     7,3 ;     
09.12.2009 00:00:00   ;     7,4 ;     
10.12.2009 00:00:00   ;     7,3 ;     
11.12.2009 00:00:00   ;     7,3 ;     
12.12.2009 00:00:00   ;     7,3 ;     
13.12.2009 00:00:00   ;     7,1 ;     
14.12.2009 00:00:00   ;     7,0 ;     
15.12.2009 00:00:00   ;     7,1 ;     
16.12.2009 00:00:00   ;     7,1 ;     
17.12.2009 00:00:00   ;     7,0 ;     
18.12.2009 00:00:00   ;     6,7 ;     
19.12.2009 00:00:00   ;     6,5 ;     
20.12.2009 00:00:00   ;     6,5 ;     
21.12.2009 00:00:00   ;     6,7 ;     
22.12.2009 00:00:00   ;     6,9 ;     
23.12.2009 00:00:00   ;     7,2 ;     
24.12.2009 00:00:00   ;     7,3 ;     
25.12.2009 00:00:00   ;     7,2 ;     
26.12.2009 00:00:00   ;     7,0 ;     
27.12.2009 00:00:00   ;     6,9 ;     
28.12.2009 00:00:00   ;     7,0 ;     
29.12.2009 00:00:00   ;     7,0 ;     
30.12.2009 00:00:00   ;     7,1 ;     
31.12.2009 00:00:00   ;     7,3 ;     
01.01.2010 00:00:00   ;     7,3 ;     
02.01.2010 00:00:00   ;     7,0 ;     
03.01.2010 00:00:00   ;     6,8 ;     
04.01.2010 00:00:00   ;     6,7 ;     
05.01.2010 00:00:00   ;     6,6 ;     
06.01.2010 00:00:00   ;     6,8 ;     
07.01.2010 00:00:00   ;     6,8 ;     
08.01.2010 00:00:00   ;     6,9 ;     
09.01.2010 00:00:00   ;     6,8 ;     
10.01.2010 00:00:00   ;     6,8 ;     
11.01.2010 00:00:00   ;     6,6 ;     
12.01.2010 00:00:00   ;     6,4 ;     
13.01.2010 00:00:00   ;     5,9 ;     
14.01.2010 00:00:00   ;     5,9 ;     
15.01.2010 00:00:00   ;     6,0 ;     
16.01.2010 00:00:00   ;     5,7 ;     
17.01.2010 00:00:00   ;     5,8 ;     
18.01.2010 00:00:00   ;     6,3 ;     
19.01.2010 00:00:00   ;     6,4 ;     
20.01.2010 00:00:00   ;     6,1 ;     
21.01.2010 00:00:00   ;     5,8 ;     
22.01.2010 00:00:00   ;     5,8 ;     
23.01.2010 00:00:00   ;     5,5 ;     
24.01.2010 00:00:00   ;     5,2 ;     
25.01.2010 00:00:00   ;     5,0 ;     
26.01.2010 00:00:00   ;     4,8 ;     
27.01.2010 00:00:00   ;Lücke    ;     
28.01.2010 00:00:00   ;Lücke    ;     
29.01.2010 00:00:00   ;Lücke    ;     
30.01.2010 00:00:00   ;Lücke    ;     
31.01.2010 00:00:00   ;Lücke    ;     
01.02.2010 00:00:00   ;Lücke    ;     
02.02.2010 00:00:00   ;Lücke    ;     
03.02.2010 00:00:00   ;Lücke    ;     
04.02.2010 00:00:00   ;     6,7 ;     
05.02.2010 00:00:00   ;     6,8 ;     
06.02.2010 00:00:00   ;     6,8 ;     
07.02.2010 00:00:00   ;     6,6 ;     
08.02.2010 00:00:00   ;     6,3 ;     
09.02.2010 00:00:00   ;     6,2 ;     
10.02.2010 00:00:00   ;     6,0 ;     
11.02.2010 00:00:00   ;     6,1 ;     
12.02.2010 00:00:00   ;     6,1 ;     
13.02.2010 00:00:00   ;     5,8 ;     
14.02.2010 00:00:00   ;     6,1 ;     
15.02.2010 00:00:00   ;     5,8 ;     
16.02.2010 00:00:00   ;     5,0 ;     
17.02.2010 00:00:00   ;     5,5 ;     
18.02.2010 00:00:00   ;     6,5 ;     
19.02.2010 00:00:00   ;     7,0 ;     
20.02.2010 00:00:00   ;     7,1 ;     
21.02.2010 00:00:00   ;     7,0 ;     
22.02.2010 00:00:00   ;     7,1 ;     
23.02.2010 00:00:00   ;     7,2 ;     
24.02.2010 00:00:00   ;     7,3 ;     
25.02.2010 00:00:00   ;     7,2 ;     
26.02.2010 00:00:00   ;     7,1 ;     
27.02.2010 00:00:00   ;     7,0 ;     
28.02.2010 00:00:00   ;     7,1 ;     
01.03.2010 00:00:00   ;     7,2 ;     
02.03.2010 00:00:00   ;     7,1 ;     
03.03.2010 00:00:00   ;     7,0 ;     
04.03.2010 00:00:00   ;     7,1 ;     
05.03.2010 00:00:00   ;     6,8 ;     
06.03.2010 00:00:00   ;     6,7 ;     
07.03.2010 00:00:00   ;     6,8 ;     
08.03.2010 00:00:00   ;     6,7 ;     
09.03.2010 00:00:00   ;     6,8 ;     
10.03.2010 00:00:00   ;     6,9 ;     
11.03.2010 00:00:00   ;     6,9 ;     
12.03.2010 00:00:00   ;     7,0 ;     
13.03.2010 00:00:00   ;     7,0 ;     
14.03.2010 00:00:00   ;     7,0 ;     
15.03.2010 00:00:00   ;     6,6 ;     
16.03.2010 00:00:00   ;     6,7 ;     
17.03.2010 00:00:00   ;     7,2 ;     
18.03.2010 00:00:00   ;     7,3 ;     
19.03.2010 00:00:00   ;     7,3 ;     
20.03.2010 00:00:00   ;     7,2 ;     
21.03.2010 00:00:00   ;     7,0 ;     
22.03.2010 00:00:00   ;     6,9 ;     
23.03.2010 00:00:00   ;     6,8 ;     
24.03.2010 00:00:00   ;     6,8 ;     
25.03.2010 00:00:00   ;     6,9 ;     
26.03.2010 00:00:00   ;     6,8 ;     
27.03.2010 00:00:00   ;     6,8 ;     
28.03.2010 00:00:00   ;     6,8 ;     
29.03.2010 00:00:00   ;     6,9 ;     
30.03.2010 00:00:00   ;     6,9 ;     
31.03.2010 00:00:00   ;     6,9 ;     
01.04.2010 00:00:00   ;     6,8 ;     
02.04.2010 00:00:00   ;     6,9 ;     
03.04.2010 00:00:00   ;     7,0 ;     
04.04.2010 00:00:00   ;     7,1 ;     
05.04.2010 00:00:00   ;     7,0 ;     
06.04.2010 00:00:00   ;     6,9 ;     
07.04.2010 00:00:00   ;     7,0 ;     
08.04.2010 00:00:00   ;     7,1 ;     
09.04.2010 00:00:00   ;     7,0 ;     
10.04.2010 00:00:00   ;     7,0 ;     
11.04.2010 00:00:00   ;     6,9 ;     
12.04.2010 00:00:00   ;     7,0 ;     
13.04.2010 00:00:00   ;     7,1 ;     
14.04.2010 00:00:00   ;     7,0 ;     
15.04.2010 00:00:00   ;     7,1 ;     
16.04.2010 00:00:00   ;     7,1 ;     
17.04.2010 00:00:00   ;     7,1 ;     
18.04.2010 00:00:00   ;     7,1 ;     
19.04.2010 00:00:00   ;     7,1 ;     
20.04.2010 00:00:00   ;     7,1 ;     
21.04.2010 00:00:00   ;     7,0 ;     
22.04.2010 00:00:00   ;     7,1 ;     
23.04.2010 00:00:00   ;     7,0 ;     
24.04.2010 00:00:00   ;     7,1 ;     
25.04.2010 00:00:00   ;     7,1 ;     
26.04.2010 00:00:00   ;     7,1 ;     
27.04.2010 00:00:00   ;     7,0 ;     
28.04.2010 00:00:00   ;     7,1 ;     
29.04.2010 00:00:00   ;     7,0 ;     
30.04.2010 00:00:00   ;     7,2 ;     
01.05.2010 00:00:00   ;     7,2 ;     
02.05.2010 00:00:00   ;     7,1 ;     
03.05.2010 00:00:00   ;     7,0 ;     
04.05.2010 00:00:00   ;     7,1 ;     
05.05.2010 00:00:00   ;     7,1 ;     
06.05.2010 00:00:00   ;     7,2 ;     
07.05.2010 00:00:00   ;     7,1 ;     
08.05.2010 00:00:00   ;     7,2 ;     
09.05.2010 00:00:00   ;     7,2 ;     
10.05.2010 00:00:00   ;     7,2 ;     
11.05.2010 00:00:00   ;     7,4 ;     
12.05.2010 00:00:00   ;     7,2 ;     
13.05.2010 00:00:00   ;     7,3 ;     
14.05.2010 00:00:00   ;     7,2 ;     
15.05.2010 00:00:00   ;     7,2 ;     
16.05.2010 00:00:00   ;     7,1 ;     
17.05.2010 00:00:00   ;     7,1 ;     
18.05.2010 00:00:00   ;     7,0 ;     
19.05.2010 00:00:00   ;     7,0 ;     
20.05.2010 00:00:00   ;     7,0 ;     
21.05.2010 00:00:00   ;     7,0 ;     
22.05.2010 00:00:00   ;     6,9 ;     
23.05.2010 00:00:00   ;     6,8 ;     
24.05.2010 00:00:00   ;     7,0 ;     
25.05.2010 00:00:00   ;     7,1 ;     
26.05.2010 00:00:00   ;     7,2 ;     
27.05.2010 00:00:00   ;     7,1 ;     
28.05.2010 00:00:00   ;     7,3 ;     
29.05.2010 00:00:00   ;     7,2 ;     
30.05.2010 00:00:00   ;     7,2 ;     
31.05.2010 00:00:00   ;     7,1 ;     
01.06.2010 00:00:00   ;     7,1 ;     
02.06.2010 00:00:00   ;     6,9 ;     
03.06.2010 00:00:00   ;     6,9 ;     
04.06.2010 00:00:00   ;     6,8 ;     
05.06.2010 00:00:00   ;     7,0 ;     
06.06.2010 00:00:00   ;     7,2 ;     
07.06.2010 00:00:00   ;     7,2 ;     
08.06.2010 00:00:00   ;     7,2 ;     
09.06.2010 00:00:00   ;     7,5 ;     
10.06.2010 00:00:00   ;     7,5 ;     
11.06.2010 00:00:00   ;     7,5 ;     
12.06.2010 00:00:00   ;     7,7 ;     
13.06.2010 00:00:00   ;     7,5 ;     
14.06.2010 00:00:00   ;     7,5 ;     
15.06.2010 00:00:00   ;     7,5 ;     
16.06.2010 00:00:00   ;     7,4 ;     
17.06.2010 00:00:00   ;     7,5 ;     
18.06.2010 00:00:00   ;     7,4 ;     
19.06.2010 00:00:00   ;     7,4 ;     
20.06.2010 00:00:00   ;     7,3 ;     
21.06.2010 00:00:00   ;     7,0 ;     
22.06.2010 00:00:00   ;     7,0 ;     
23.06.2010 00:00:00   ;     7,1 ;     
24.06.2010 00:00:00   ;     7,2 ;     
25.06.2010 00:00:00   ;     7,4 ;     
26.06.2010 00:00:00   ;     7,4 ;     
27.06.2010 00:00:00   ;     7,6 ;     
28.06.2010 00:00:00   ;     7,6 ;     
29.06.2010 00:00:00   ;     7,6 ;     
30.06.2010 00:00:00   ;     7,7 ;     
01.07.2010 00:00:00   ;     7,8 ;     
02.07.2010 00:00:00   ;     7,7 ;     
03.07.2010 00:00:00   ;     7,9 ;     
04.07.2010 00:00:00   ;     7,7 ;     
05.07.2010 00:00:00   ;     7,2 ;     
06.07.2010 00:00:00   ;     7,2 ;     
07.07.2010 00:00:00   ;     7,3 ;     
08.07.2010 00:00:00   ;     7,5 ;     
09.07.2010 00:00:00   ;     7,6 ;     
10.07.2010 00:00:00   ;     7,6 ;     
11.07.2010 00:00:00   ;     7,7 ;     
12.07.2010 00:00:00   ;     7,7 ;     
13.07.2010 00:00:00   ;     7,9 ;     
14.07.2010 00:00:00   ;     7,9 ;     
15.07.2010 00:00:00   ;     7,9 ;     
16.07.2010 00:00:00   ;     8,0 ;     
17.07.2010 00:00:00   ;     7,9 ;     
18.07.2010 00:00:00   ;     7,3 ;     
19.07.2010 00:00:00   ;     7,4 ;     
20.07.2010 00:00:00   ;     7,6 ;     
21.07.2010 00:00:00   ;     7,6 ;     
22.07.2010 00:00:00   ;     7,8 ;     
23.07.2010 00:00:00   ;     7,7 ;     
24.07.2010 00:00:00   ;     7,7 ;     
25.07.2010 00:00:00   ;     7,3 ;     
26.07.2010 00:00:00   ;     7,3 ;     
27.07.2010 00:00:00   ;     7,4 ;     
28.07.2010 00:00:00   ;     7,6 ;     
29.07.2010 00:00:00   ;     7,5 ;     
30.07.2010 00:00:00   ;     7,3 ;     
31.07.2010 00:00:00   ;     7,3 ;     
01.08.2010 00:00:00   ;     7,5 ;     
02.08.2010 00:00:00   ;     7,5 ;     
03.08.2010 00:00:00   ;     7,4 ;     
04.08.2010 00:00:00   ;     7,3 ;     
05.08.2010 00:00:00   ;     7,4 ;     
06.08.2010 00:00:00   ;     7,5 ;     
07.08.2010 00:00:00   ;     7,5 ;     
08.08.2010 00:00:00   ;     7,4 ;     
09.08.2010 00:00:00   ;     7,4 ;     
10.08.2010 00:00:00   ;     7,5 ;     
11.08.2010 00:00:00   ;     7,6 ;     
12.08.2010 00:00:00   ;     7,7 ;     
13.08.2010 00:00:00   ;     7,7 ;     
14.08.2010 00:00:00   ;     7,7 ;     
15.08.2010 00:00:00   ;     7,8 ;     
16.08.2010 00:00:00   ;     7,7 ;     
17.08.2010 00:00:00   ;     7,7 ;     
18.08.2010 00:00:00   ;     7,7 ;     
19.08.2010 00:00:00   ;     7,8 ;     
20.08.2010 00:00:00   ;     8,0 ;     
21.08.2010 00:00:00   ;     7,9 ;     
22.08.2010 00:00:00   ;     8,2 ;     
23.08.2010 00:00:00   ;     8,1 ;     
24.08.2010 00:00:00   ;     7,7 ;     
25.08.2010 00:00:00   ;     7,3 ;     
26.08.2010 00:00:00   ;     7,5 ;     
27.08.2010 00:00:00   ;     7,5 ;     
28.08.2010 00:00:00   ;     7,5 ;     
29.08.2010 00:00:00   ;     7,4 ;     
30.08.2010 00:00:00   ;     7,3 ;     
31.08.2010 00:00:00   ;     7,3 ;     
01.09.2010 00:00:00   ;     7,2 ;     
02.09.2010 00:00:00   ;     7,3 ;     
03.09.2010 00:00:00   ;     7,4 ;     
04.09.2010 00:00:00   ;     7,5 ;     
05.09.2010 00:00:00   ;     7,6 ;     
06.09.2010 00:00:00   ;     7,6 ;     
07.09.2010 00:00:00   ;     7,7 ;     
08.09.2010 00:00:00   ;     7,9 ;     
09.09.2010 00:00:00   ;     7,8 ;     
10.09.2010 00:00:00   ;     7,7 ;     
11.09.2010 00:00:00   ;     7,8 ;     
12.09.2010 00:00:00   ;     7,8 ;     
13.09.2010 00:00:00   ;     7,8 ;     
14.09.2010 00:00:00   ;     8,0 ;     
15.09.2010 00:00:00   ;     8,0 ;     
16.09.2010 00:00:00   ;     8,0 ;     
17.09.2010 00:00:00   ;     7,9 ;     
18.09.2010 00:00:00   ;     7,9 ;     
19.09.2010 00:00:00   ;     7,8 ;     
20.09.2010 00:00:00   ;     7,7 ;     
21.09.2010 00:00:00   ;     7,9 ;     
22.09.2010 00:00:00   ;     7,8 ;     
23.09.2010 00:00:00   ;     8,0 ;     
24.09.2010 00:00:00   ;     8,0 ;     
25.09.2010 00:00:00   ;     7,8 ;     
26.09.2010 00:00:00   ;     7,8 ;     
27.09.2010 00:00:00   ;     7,9 ;     
28.09.2010 00:00:00   ;     7,8 ;     
29.09.2010 00:00:00   ;     7,8 ;     
30.09.2010 00:00:00   ;     7,8 ;     
01.10.2010 00:00:00   ;     7,8 ;     
02.10.2010 00:00:00   ;     7,9 ;     
03.10.2010 00:00:00   ;     7,9 ;     
04.10.2010 00:00:00   ;     7,9 ;     
05.10.2010 00:00:00   ;     7,9 ;     
06.10.2010 00:00:00   ;     8,0 ;     
07.10.2010 00:00:00   ;     8,0 ;     
08.10.2010 00:00:00   ;     7,7 ;     
09.10.2010 00:00:00   ;     7,5 ;     
10.10.2010 00:00:00   ;     7,4 ;     
11.10.2010 00:00:00   ;     7,4 ;     
12.10.2010 00:00:00   ;     7,1 ;     
13.10.2010 00:00:00   ;     7,3 ;     
14.10.2010 00:00:00   ;     7,4 ;     
15.10.2010 00:00:00   ;     7,5 ;     
16.10.2010 00:00:00   ;     7,5 ;     
17.10.2010 00:00:00   ;     7,3 ;     
18.10.2010 00:00:00   ;     7,2 ;     
19.10.2010 00:00:00   ;     7,3 ;     
20.10.2010 00:00:00   ;     7,0 ;     
21.10.2010 00:00:00   ;     6,8 ;     
22.10.2010 00:00:00   ;     7,3 ;     
23.10.2010 00:00:00   ;     7,6 ;     
24.10.2010 00:00:00   ;     7,6 ;     
25.10.2010 00:00:00   ;     7,6 ;     
26.10.2010 00:00:00   ;     7,6 ;     
27.10.2010 00:00:00   ;     7,5 ;     
28.10.2010 00:00:00   ;     7,5 ;     
29.10.2010 00:00:00   ;     7,6 ;     
30.10.2010 00:00:00   ;     7,6 ;     
31.10.2010 00:00:00   ;     7,5 ;     
01.11.2010 00:00:00   ;     7,6 ;     
02.11.2010 00:00:00   ;     7,5 ;     
03.11.2010 00:00:00   ;     7,6 ;     
04.11.2010 00:00:00   ;     7,6 ;     
05.11.2010 00:00:00   ;     7,5 ;     
06.11.2010 00:00:00   ;     7,5 ;     
07.11.2010 00:00:00   ;     7,6 ;     
08.11.2010 00:00:00   ;     7,4 ;     
09.11.2010 00:00:00   ;     7,3 ;     
10.11.2010 00:00:00   ;     6,8 ;     
11.11.2010 00:00:00   ;     7,0 ;     
12.11.2010 00:00:00   ;     7,3 ;     
13.11.2010 00:00:00   ;     7,6 ;     
14.11.2010 00:00:00   ;     7,5 ;     
15.11.2010 00:00:00   ;     7,4 ;     
16.11.2010 00:00:00   ;     7,5 ;     
17.11.2010 00:00:00   ;     7,4 ;     
18.11.2010 00:00:00   ;     7,5 ;     
19.11.2010 00:00:00   ;     7,3 ;     
20.11.2010 00:00:00   ;     7,2 ;     
21.11.2010 00:00:00   ;     7,2 ;     
22.11.2010 00:00:00   ;     7,4 ;     
23.11.2010 00:00:00   ;     7,1 ;     
24.11.2010 00:00:00   ;     6,8 ;     
25.11.2010 00:00:00   ;     6,5 ;     
26.11.2010 00:00:00   ;     5,8 ;     
27.11.2010 00:00:00   ;     5,6 ;     
28.11.2010 00:00:00   ;     5,3 ;     
29.11.2010 00:00:00   ;     6,2 ;     
30.11.2010 00:00:00   ;     5,5 ;     
01.12.2010 00:00:00   ;     5,8 ;     
02.12.2010 00:00:00   ;     5,7 ;     
03.12.2010 00:00:00   ;     5,0 ;     
04.12.2010 00:00:00   ;     4,7 ;     
05.12.2010 00:00:00   ;Lücke    ;     
06.12.2010 00:00:00   ;Lücke    ;     
07.12.2010 00:00:00   ;     7,2 ;     
08.12.2010 00:00:00   ;     7,4 ;     
09.12.2010 00:00:00   ;     7,3 ;     
10.12.2010 00:00:00   ;     7,1 ;     
11.12.2010 00:00:00   ;     7,0 ;     
12.12.2010 00:00:00   ;     6,9 ;     
13.12.2010 00:00:00   ;     6,7 ;     
14.12.2010 00:00:00   ;     6,9 ;     
15.12.2010 00:00:00   ;     6,7 ;     
16.12.2010 00:00:00   ;     6,6 ;     
17.12.2010 00:00:00   ;     6,8 ;     
18.12.2010 00:00:00   ;     6,8 ;     
19.12.2010 00:00:00   ;     6,6 ;     
20.12.2010 00:00:00   ;     6,8 ;     
21.12.2010 00:00:00   ;     7,0 ;     
22.12.2010 00:00:00   ;     7,0 ;     
23.12.2010 00:00:00   ;     7,2 ;     
24.12.2010 00:00:00   ;     7,0 ;     
25.12.2010 00:00:00   ;     7,0 ;     
26.12.2010 00:00:00   ;     7,1 ;     
27.12.2010 00:00:00   ;     7,0 ;     
28.12.2010 00:00:00   ;     6,9 ;     
29.12.2010 00:00:00   ;     6,9 ;     
30.12.2010 00:00:00   ;     7,0 ;     
31.12.2010 00:00:00   ;     7,0 ;     
01.01.2011 00:00:00   ;     7,1 ;     
02.01.2011 00:00:00   ;     6,8 ;     
03.01.2011 00:00:00   ;     6,8 ;     
04.01.2011 00:00:00   ;     6,3 ;     
05.01.2011 00:00:00   ;     6,2 ;     
06.01.2011 00:00:00   ;     6,4 ;     
07.01.2011 00:00:00   ;     7,0 ;     
08.01.2011 00:00:00   ;     7,1 ;     
09.01.2011 00:00:00   ;     7,2 ;     
10.01.2011 00:00:00   ;     7,2 ;     
11.01.2011 00:00:00   ;     7,3 ;     
12.01.2011 00:00:00   ;     7,3 ;     
13.01.2011 00:00:00   ;     6,9 ;     
14.01.2011 00:00:00   ;     6,9 ;     
15.01.2011 00:00:00   ;     6,7 ;     
16.01.2011 00:00:00   ;     6,8 ;     
17.01.2011 00:00:00   ;     6,8 ;     
18.01.2011 00:00:00   ;     6,9 ;     
19.01.2011 00:00:00   ;     6,9 ;     
20.01.2011 00:00:00   ;     6,8 ;     
21.01.2011 00:00:00   ;     6,9 ;     
22.01.2011 00:00:00   ;     6,8 ;     
23.01.2011 00:00:00   ;     6,8 ;     
24.01.2011 00:00:00   ;     6,9 ;     
25.01.2011 00:00:00   ;     6,9 ;     
26.01.2011 00:00:00   ;     6,9 ;     
27.01.2011 00:00:00   ;     7,0 ;     
28.01.2011 00:00:00   ;     6,9 ;     
29.01.2011 00:00:00   ;     6,8 ;     
30.01.2011 00:00:00   ;     6,8 ;     
31.01.2011 00:00:00   ;     6,8 ;     
01.02.2011 00:00:00   ;     6,8 ;     
02.02.2011 00:00:00   ;     6,9 ;     
03.02.2011 00:00:00   ;     6,9 ;     
04.02.2011 00:00:00   ;     7,1 ;     
05.02.2011 00:00:00   ;     7,1 ;     
06.02.2011 00:00:00   ;     7,2 ;     
07.02.2011 00:00:00   ;     7,2 ;     
08.02.2011 00:00:00   ;     7,2 ;     
09.02.2011 00:00:00   ;     7,2 ;     
10.02.2011 00:00:00   ;     7,1 ;     
11.02.2011 00:00:00   ;     7,2 ;     
12.02.2011 00:00:00   ;     7,1 ;     
13.02.2011 00:00:00   ;     6,9 ;     
14.02.2011 00:00:00   ;     7,0 ;     
15.02.2011 00:00:00   ;     7,0 ;     
16.02.2011 00:00:00   ;     7,0 ;     
17.02.2011 00:00:00   ;     7,1 ;     
18.02.2011 00:00:00   ;     7,1 ;     
19.02.2011 00:00:00   ;     7,1 ;     
20.02.2011 00:00:00   ;     7,1 ;     
21.02.2011 00:00:00   ;     6,9 ;     
22.02.2011 00:00:00   ;     6,8 ;     
23.02.2011 00:00:00   ;     6,8 ;     
24.02.2011 00:00:00   ;     6,7 ;     
25.02.2011 00:00:00   ;     6,9 ;     
26.02.2011 00:00:00   ;     6,9 ;     
27.02.2011 00:00:00   ;     7,1 ;     
28.02.2011 00:00:00   ;     7,2 ;     
01.03.2011 00:00:00   ;     7,0 ;     
02.03.2011 00:00:00   ;     6,9 ;     
03.03.2011 00:00:00   ;     6,9 ;     
04.03.2011 00:00:00   ;     7,0 ;     
05.03.2011 00:00:00   ;     7,0 ;     
06.03.2011 00:00:00   ;     7,1 ;     
07.03.2011 00:00:00   ;     6,9 ;     
08.03.2011 00:00:00   ;     6,8 ;     
09.03.2011 00:00:00   ;     7,1 ;     
10.03.2011 00:00:00   ;     7,1 ;     
11.03.2011 00:00:00   ;     7,1 ;     
12.03.2011 00:00:00   ;     7,1 ;     
13.03.2011 00:00:00   ;     7,3 ;     
14.03.2011 00:00:00   ;     7,4 ;     
15.03.2011 00:00:00   ;     7,3 ;     
16.03.2011 00:00:00   ;     7,3 ;     
17.03.2011 00:00:00   ;     7,3 ;     
18.03.2011 00:00:00   ;     7,2 ;     
19.03.2011 00:00:00   ;     7,0 ;     
20.03.2011 00:00:00   ;     7,0 ;     
21.03.2011 00:00:00   ;     7,0 ;     
22.03.2011 00:00:00   ;     7,0 ;     
23.03.2011 00:00:00   ;     7,1 ;     
24.03.2011 00:00:00   ;     7,2 ;     
25.03.2011 00:00:00   ;     7,2 ;     
26.03.2011 00:00:00   ;     7,2 ;     
27.03.2011 00:00:00   ;     7,2 ;     
28.03.2011 00:00:00   ;     7,1 ;     
29.03.2011 00:00:00   ;     7,1 ;     
30.03.2011 00:00:00   ;     7,0 ;     
31.03.2011 00:00:00   ;     7,2 ;     
01.04.2011 00:00:00   ;     7,2 ;     
02.04.2011 00:00:00   ;     7,0 ;     
03.04.2011 00:00:00   ;     7,0 ;     
04.04.2011 00:00:00   ;     7,0 ;     
05.04.2011 00:00:00   ;     7,0 ;     
06.04.2011 00:00:00   ;     7,0 ;     
07.04.2011 00:00:00   ;     7,0 ;     
08.04.2011 00:00:00   ;     7,1 ;     
09.04.2011 00:00:00   ;     7,0 ;     
10.04.2011 00:00:00   ;     7,0 ;     
11.04.2011 00:00:00   ;     7,1 ;     
12.04.2011 00:00:00   ;     7,1 ;     
13.04.2011 00:00:00   ;     7,0 ;     
14.04.2011 00:00:00   ;     7,2 ;     
15.04.2011 00:00:00   ;     7,2 ;     
16.04.2011 00:00:00   ;     7,2 ;     
17.04.2011 00:00:00   ;     7,2 ;     
18.04.2011 00:00:00   ;     7,3 ;     
19.04.2011 00:00:00   ;     7,4 ;     
20.04.2011 00:00:00   ;     7,5 ;     
21.04.2011 00:00:00   ;     7,5 ;     
22.04.2011 00:00:00   ;     7,5 ;     
23.04.2011 00:00:00   ;     7,6 ;     
24.04.2011 00:00:00   ;     7,5 ;     
25.04.2011 00:00:00   ;     7,6 ;     
26.04.2011 00:00:00   ;     7,5 ;     
27.04.2011 00:00:00   ;     7,4 ;     
28.04.2011 00:00:00   ;     7,7 ;     
29.04.2011 00:00:00   ;     7,6 ;     
30.04.2011 00:00:00   ;     7,6 ;     
01.05.2011 00:00:00   ;     7,6 ;     
02.05.2011 00:00:00   ;     8,1 ;     
03.05.2011 00:00:00   ;     7,4 ;     
04.05.2011 00:00:00   ;     7,3 ;     
05.05.2011 00:00:00   ;     7,5 ;     
06.05.2011 00:00:00   ;     8,0 ;     
07.05.2011 00:00:00   ;     8,5 ;     
08.05.2011 00:00:00   ;     7,6 ;     
09.05.2011 00:00:00   ;     8,0 ;     
10.05.2011 00:00:00   ;     8,4 ;     
11.05.2011 00:00:00   ;     9,5 ;     
12.05.2011 00:00:00   ;    10,5 ;     
13.05.2011 00:00:00   ;     7,9 ;     
14.05.2011 00:00:00   ;     7,8 ;     
15.05.2011 00:00:00   ;     7,5 ;     
16.05.2011 00:00:00   ;     7,5 ;     
17.05.2011 00:00:00   ;     7,5 ;     
18.05.2011 00:00:00   ;     7,4 ;     
19.05.2011 00:00:00   ;     7,7 ;     
20.05.2011 00:00:00   ;     7,8 ;     
21.05.2011 00:00:00   ;     7,7 ;     
22.05.2011 00:00:00   ;     8,2 ;     
23.05.2011 00:00:00   ;     7,7 ;     
24.05.2011 00:00:00   ;     8,1 ;     
25.05.2011 00:00:00   ;     8,3 ;     
26.05.2011 00:00:00   ;     8,9 ;     
27.05.2011 00:00:00   ;     8,0 ;     
28.05.2011 00:00:00   ;     7,3 ;     
29.05.2011 00:00:00   ;     7,3 ;     
30.05.2011 00:00:00   ;     7,4 ;     
31.05.2011 00:00:00   ;     7,5 ;     
01.06.2011 00:00:00   ;     7,5 ;     
02.06.2011 00:00:00   ;     7,6 ;     
03.06.2011 00:00:00   ;     7,8 ;     
04.06.2011 00:00:00   ;     8,0 ;     
05.06.2011 00:00:00   ;     8,1 ;     
06.06.2011 00:00:00   ;     8,0 ;     
07.06.2011 00:00:00   ;     8,1 ;     
08.06.2011 00:00:00   ;     8,0 ;     
09.06.2011 00:00:00   ;     7,7 ;     
10.06.2011 00:00:00   ;     7,8 ;     
11.06.2011 00:00:00   ;     7,9 ;     
12.06.2011 00:00:00   ;     7,7 ;     
13.06.2011 00:00:00   ;     7,8 ;     
14.06.2011 00:00:00   ;     7,8 ;     
15.06.2011 00:00:00   ;     8,0 ;     
16.06.2011 00:00:00   ;     8,2 ;     
17.06.2011 00:00:00   ;     8,2 ;     
18.06.2011 00:00:00   ;     7,9 ;     
19.06.2011 00:00:00   ;     7,7 ;     
20.06.2011 00:00:00   ;     7,6 ;     
21.06.2011 00:00:00   ;     7,7 ;     
22.06.2011 00:00:00   ;     7,9 ;     
23.06.2011 00:00:00   ;     7,8 ;     
24.06.2011 00:00:00   ;     7,6 ;     
25.06.2011 00:00:00   ;     7,4 ;     
26.06.2011 00:00:00   ;     7,5 ;     
27.06.2011 00:00:00   ;     7,6 ;     
28.06.2011 00:00:00   ;     7,5 ;     
29.06.2011 00:00:00   ;     7,6 ;     
30.06.2011 00:00:00   ;     7,6 ;     
01.07.2011 00:00:00   ;     7,6 ;     
02.07.2011 00:00:00   ;     7,6 ;     
03.07.2011 00:00:00   ;     7,6 ;     
04.07.2011 00:00:00   ;     7,7 ;     
05.07.2011 00:00:00   ;     7,6 ;     
06.07.2011 00:00:00   ;     7,6 ;     
07.07.2011 00:00:00   ;     7,7 ;     
08.07.2011 00:00:00   ;     7,7 ;     
09.07.2011 00:00:00   ;     7,9 ;     
10.07.2011 00:00:00   ;     8,1 ;     
11.07.2011 00:00:00   ;     7,9 ;     
12.07.2011 00:00:00   ;     8,3 ;     
13.07.2011 00:00:00   ;     8,4 ;     
14.07.2011 00:00:00   ;     8,0 ;     
15.07.2011 00:00:00   ;     7,9 ;     
16.07.2011 00:00:00   ;     8,6 ;     
17.07.2011 00:00:00   ;     9,1 ;     
18.07.2011 00:00:00   ;     8,4 ;     
19.07.2011 00:00:00   ;     8,6 ;     
20.07.2011 00:00:00   ;     8,0 ;     
21.07.2011 00:00:00   ;     7,5 ;     
22.07.2011 00:00:00   ;     7,4 ;     
23.07.2011 00:00:00   ;     7,3 ;     
24.07.2011 00:00:00   ;     7,4 ;     
25.07.2011 00:00:00   ;     7,2 ;     
26.07.2011 00:00:00   ;     7,3 ;     
27.07.2011 00:00:00   ;     7,5 ;     
28.07.2011 00:00:00   ;     7,5 ;     
29.07.2011 00:00:00   ;     7,6 ;     
30.07.2011 00:00:00   ;     7,6 ;     
31.07.2011 00:00:00   ;     7,6 ;     
01.08.2011 00:00:00   ;     7,7 ;     
02.08.2011 00:00:00   ;     7,6 ;     
03.08.2011 00:00:00   ;     7,7 ;     
04.08.2011 00:00:00   ;     7,7 ;     
05.08.2011 00:00:00   ;     7,6 ;     
06.08.2011 00:00:00   ;     7,6 ;     
07.08.2011 00:00:00   ;     7,5 ;     
08.08.2011 00:00:00   ;     7,5 ;     
09.08.2011 00:00:00   ;     7,3 ;     
10.08.2011 00:00:00   ;     7,3 ;     
11.08.2011 00:00:00   ;     7,3 ;     
12.08.2011 00:00:00   ;     7,4 ;     
13.08.2011 00:00:00   ;     7,4 ;     
14.08.2011 00:00:00   ;     7,6 ;     
15.08.2011 00:00:00   ;     7,5 ;     
16.08.2011 00:00:00   ;     7,7 ;     
17.08.2011 00:00:00   ;     7,8 ;     
18.08.2011 00:00:00   ;     7,7 ;     
19.08.2011 00:00:00   ;     7,8 ;     
20.08.2011 00:00:00   ;     7,8 ;     
21.08.2011 00:00:00   ;     8,0 ;     
22.08.2011 00:00:00   ;     8,0 ;     
23.08.2011 00:00:00   ;     8,1 ;     
24.08.2011 00:00:00   ;     8,0 ;     
25.08.2011 00:00:00   ;     8,2 ;     
26.08.2011 00:00:00   ;     8,2 ;     
27.08.2011 00:00:00   ;     7,8 ;     
28.08.2011 00:00:00   ;     7,8 ;     
29.08.2011 00:00:00   ;     7,9 ;     
30.08.2011 00:00:00   ;     7,9 ;     
31.08.2011 00:00:00   ;     7,9 ;     
01.09.2011 00:00:00   ;     7,9 ;     
02.09.2011 00:00:00   ;     8,1 ;     
03.09.2011 00:00:00   ;     8,3 ;     
04.09.2011 00:00:00   ;     8,4 ;     
05.09.2011 00:00:00   ;     8,1 ;     
06.09.2011 00:00:00   ;     7,9 ;     
07.09.2011 00:00:00   ;     7,8 ;     
08.09.2011 00:00:00   ;     7,8 ;     
09.09.2011 00:00:00   ;     7,8 ;     
10.09.2011 00:00:00   ;     7,8 ;     
11.09.2011 00:00:00   ;     7,8 ;     
12.09.2011 00:00:00   ;     7,8 ;     
13.09.2011 00:00:00   ;     7,9 ;     
14.09.2011 00:00:00   ;     7,8 ;     
15.09.2011 00:00:00   ;     7,9 ;     
16.09.2011 00:00:00   ;     8,0 ;     
17.09.2011 00:00:00   ;     8,0 ;     
18.09.2011 00:00:00   ;     8,1 ;     
19.09.2011 00:00:00   ;     7,7 ;     
20.09.2011 00:00:00   ;     7,6 ;     
21.09.2011 00:00:00   ;     7,5 ;     
22.09.2011 00:00:00   ;     7,5 ;     
23.09.2011 00:00:00   ;     7,6 ;     
24.09.2011 00:00:00   ;     7,6 ;     
25.09.2011 00:00:00   ;     7,7 ;     
26.09.2011 00:00:00   ;     7,7 ;     
27.09.2011 00:00:00   ;     7,7 ;     
28.09.2011 00:00:00   ;     7,8 ;     
29.09.2011 00:00:00   ;     7,8 ;     
30.09.2011 00:00:00   ;     7,7 ;     
01.10.2011 00:00:00   ;     8,1 ;     
02.10.2011 00:00:00   ;     7,8 ;     
03.10.2011 00:00:00   ;     8,0 ;     
04.10.2011 00:00:00   ;     8,2 ;     
05.10.2011 00:00:00   ;     7,9 ;     
06.10.2011 00:00:00   ;     8,1 ;     
07.10.2011 00:00:00   ;     7,7 ;     
08.10.2011 00:00:00   ;     7,4 ;     
09.10.2011 00:00:00   ;     7,3 ;     
10.10.2011 00:00:00   ;     7,3 ;     
11.10.2011 00:00:00   ;     7,2 ;     
12.10.2011 00:00:00   ;     7,2 ;     
13.10.2011 00:00:00   ;     7,2 ;     
14.10.2011 00:00:00   ;     7,1 ;     
15.10.2011 00:00:00   ;     7,2 ;     
16.10.2011 00:00:00   ;     7,3 ;     
17.10.2011 00:00:00   ;     7,3 ;     
18.10.2011 00:00:00   ;     7,4 ;     
19.10.2011 00:00:00   ;     7,5 ;     
20.10.2011 00:00:00   ;     7,5 ;     
21.10.2011 00:00:00   ;     7,4 ;     
22.10.2011 00:00:00   ;     7,3 ;     
23.10.2011 00:00:00   ;     7,4 ;     
24.10.2011 00:00:00   ;     7,4 ;     
25.10.2011 00:00:00   ;     7,5 ;     
26.10.2011 00:00:00   ;     7,7 ;     
27.10.2011 00:00:00   ;     7,6 ;     
28.10.2011 00:00:00   ;     7,4 ;     
29.10.2011 00:00:00   ;     7,4 ;     
30.10.2011 00:00:00   ;     7,4 ;     
31.10.2011 00:00:00   ;     7,3 ;     
01.11.2011 00:00:00   ;     7,4 ;     
02.11.2011 00:00:00   ;     7,4 ;     
03.11.2011 00:00:00   ;     7,3 ;     
04.11.2011 00:00:00   ;     7,3 ;     
05.11.2011 00:00:00   ;     7,4 ;     
06.11.2011 00:00:00   ;     7,5 ;     
07.11.2011 00:00:00   ;     7,6 ;     
08.11.2011 00:00:00   ;     7,4 ;     
09.11.2011 00:00:00   ;     7,1 ;     
10.11.2011 00:00:00   ;     7,0 ;     
11.11.2011 00:00:00   ;     6,8 ;     
12.11.2011 00:00:00   ;     6,2 ;     
13.11.2011 00:00:00   ;     6,2 ;     
14.11.2011 00:00:00   ;     6,0 ;     
15.11.2011 00:00:00   ;     5,4 ;     
16.11.2011 00:00:00   ;     4,7 ;     
17.11.2011 00:00:00   ;Lücke    ;     
18.11.2011 00:00:00   ;Lücke    ;     
19.11.2011 00:00:00   ;Lücke    ;     
20.11.2011 00:00:00   ;Lücke    ;     
21.11.2011 00:00:00   ;Lücke    ;     
22.11.2011 00:00:00   ;Lücke    ;     
23.11.2011 00:00:00   ;Lücke    ;     
24.11.2011 00:00:00   ;Lücke    ;     
25.11.2011 00:00:00   ;Lücke    ;     
26.11.2011 00:00:00   ;Lücke    ;     
27.11.2011 00:00:00   ;Lücke    ;     
28.11.2011 00:00:00   ;Lücke    ;     
29.11.2011 00:00:00   ;Lücke    ;     
30.11.2011 00:00:00   ;Lücke    ;     
01.12.2011 00:00:00   ;Lücke    ;     
02.12.2011 00:00:00   ;Lücke    ;     
03.12.2011 00:00:00   ;Lücke    ;     
04.12.2011 00:00:00   ;Lücke    ;     
05.12.2011 00:00:00   ;Lücke    ;     
06.12.2011 00:00:00   ;Lücke    ;     
07.12.2011 00:00:00   ;Lücke    ;     
08.12.2011 00:00:00   ;     6,6 ;     
09.12.2011 00:00:00   ;     6,0 ;     
10.12.2011 00:00:00   ;Lücke    ;     
11.12.2011 00:00:00   ;Lücke    ;     
12.12.2011 00:00:00   ;     6,1 ;     
13.12.2011 00:00:00   ;     7,2 ;     
14.12.2011 00:00:00   ;     7,3 ;     
15.12.2011 00:00:00   ;     7,4 ;     
16.12.2011 00:00:00   ;     7,4 ;     
17.12.2011 00:00:00   ;     7,4 ;     
18.12.2011 00:00:00   ;     7,3 ;     
19.12.2011 00:00:00   ;     7,1 ;     
20.12.2011 00:00:00   ;     6,8 ;     
21.12.2011 00:00:00   ;     6,5 ;     
22.12.2011 00:00:00   ;     6,8 ;     
23.12.2011 00:00:00   ;     7,2 ;     
24.12.2011 00:00:00   ;     7,4 ;     
25.12.2011 00:00:00   ;     7,4 ;     
26.12.2011 00:00:00   ;     7,5 ;     
27.12.2011 00:00:00   ;     7,4 ;     
28.12.2011 00:00:00   ;     7,4 ;     
29.12.2011 00:00:00   ;     7,4 ;     
30.12.2011 00:00:00   ;     7,2 ;     
31.12.2011 00:00:00   ;     7,3 ;     
01.01.2012 00:00:00   ;     7,3 ;     
02.01.2012 00:00:00   ;     7,1 ;     
03.01.2012 00:00:00   ;     7,1 ;     
04.01.2012 00:00:00   ;     7,2 ;     
05.01.2012 00:00:00   ;     7,2 ;     
06.01.2012 00:00:00   ;     7,0 ;     
07.01.2012 00:00:00   ;     7,1 ;     
08.01.2012 00:00:00   ;     7,1 ;     
09.01.2012 00:00:00   ;     7,0 ;     
10.01.2012 00:00:00   ;     7,1 ;     
11.01.2012 00:00:00   ;     7,2 ;     
12.01.2012 00:00:00   ;     7,2 ;     
13.01.2012 00:00:00   ;     7,1 ;     
14.01.2012 00:00:00   ;     7,1 ;     
15.01.2012 00:00:00   ;     7,2 ;     
16.01.2012 00:00:00   ;     7,0 ;     
17.01.2012 00:00:00   ;     7,1 ;     
18.01.2012 00:00:00   ;     7,0 ;     
19.01.2012 00:00:00   ;     7,1 ;     
20.01.2012 00:00:00   ;     7,0 ;     
21.01.2012 00:00:00   ;     6,8 ;     
22.01.2012 00:00:00   ;     6,9 ;     
23.01.2012 00:00:00   ;     7,0 ;     
24.01.2012 00:00:00   ;     6,9 ;     
25.01.2012 00:00:00   ;     6,9 ;     
26.01.2012 00:00:00   ;     6,9 ;     
27.01.2012 00:00:00   ;     7,0 ;     
28.01.2012 00:00:00   ;     7,1 ;     
29.01.2012 00:00:00   ;     7,1 ;     
30.01.2012 00:00:00   ;     7,0 ;     
31.01.2012 00:00:00   ;     6,9 ;     
01.02.2012 00:00:00   ;     6,9 ;     
02.02.2012 00:00:00   ;     6,9 ;     
03.02.2012 00:00:00   ;     6,8 ;     
04.02.2012 00:00:00   ;     6,7 ;     
05.02.2012 00:00:00   ;     6,8 ;     
06.02.2012 00:00:00   ;     6,7 ;     
07.02.2012 00:00:00   ;     6,8 ;     
08.02.2012 00:00:00   ;     6,8 ;     
09.02.2012 00:00:00   ;     6,8 ;     
10.02.2012 00:00:00   ;     6,9 ;     
11.02.2012 00:00:00   ;     6,7 ;     
12.02.2012 00:00:00   ;     6,7 ;     
13.02.2012 00:00:00   ;     6,7 ;     
14.02.2012 00:00:00   ;     7,0 ;     
15.02.2012 00:00:00   ;     6,9 ;     
16.02.2012 00:00:00   ;     6,9 ;     
17.02.2012 00:00:00   ;     7,1 ;     
18.02.2012 00:00:00   ;     7,3 ;     
19.02.2012 00:00:00   ;     7,2 ;     
20.02.2012 00:00:00   ;     7,1 ;     
21.02.2012 00:00:00   ;     6,8 ;     
22.02.2012 00:00:00   ;     7,0 ;     
23.02.2012 00:00:00   ;     7,2 ;     
24.02.2012 00:00:00   ;     7,3 ;     
25.02.2012 00:00:00   ;     6,9 ;     
26.02.2012 00:00:00   ;     6,9 ;     
27.02.2012 00:00:00   ;     6,9 ;     
28.02.2012 00:00:00   ;     7,0 ;     
29.02.2012 00:00:00   ;     7,0 ;     
01.03.2012 00:00:00   ;     7,1 ;     
02.03.2012 00:00:00   ;     7,0 ;     
03.03.2012 00:00:00   ;     7,0 ;     
04.03.2012 00:00:00   ;     7,0 ;     
05.03.2012 00:00:00   ;     7,0 ;     
06.03.2012 00:00:00   ;     7,1 ;     
07.03.2012 00:00:00   ;     7,1 ;     
08.03.2012 00:00:00   ;     7,1 ;     
09.03.2012 00:00:00   ;     7,1 ;     
10.03.2012 00:00:00   ;     7,2 ;     
11.03.2012 00:00:00   ;     7,2 ;     
12.03.2012 00:00:00   ;     7,3 ;     
13.03.2012 00:00:00   ;     7,2 ;     
14.03.2012 00:00:00   ;     7,2 ;     
15.03.2012 00:00:00   ;     7,1 ;     
16.03.2012 00:00:00   ;     7,1 ;     
17.03.2012 00:00:00   ;     7,1 ;     
18.03.2012 00:00:00   ;     7,0 ;     
19.03.2012 00:00:00   ;     7,0 ;     
20.03.2012 00:00:00   ;     7,0 ;     
21.03.2012 00:00:00   ;     7,0 ;     
22.03.2012 00:00:00   ;     7,0 ;     
23.03.2012 00:00:00   ;     7,0 ;     
24.03.2012 00:00:00   ;     6,9 ;     
25.03.2012 00:00:00   ;     6,8 ;     
26.03.2012 00:00:00   ;     6,9 ;     
27.03.2012 00:00:00   ;     6,9 ;     
28.03.2012 00:00:00   ;     6,9 ;     
29.03.2012 00:00:00   ;     6,8 ;     
30.03.2012 00:00:00   ;     6,8 ;     
31.03.2012 00:00:00   ;     6,7 ;     
01.04.2012 00:00:00   ;     6,6 ;     
02.04.2012 00:00:00   ;     6,8 ;     
03.04.2012 00:00:00   ;     6,9 ;     
04.04.2012 00:00:00   ;     6,9 ;     
05.04.2012 00:00:00   ;     6,8 ;     
06.04.2012 00:00:00   ;     6,8 ;     
07.04.2012 00:00:00   ;     6,7 ;     
08.04.2012 00:00:00   ;     6,6 ;     
09.04.2012 00:00:00   ;     6,7 ;     
10.04.2012 00:00:00   ;     7,0 ;     
11.04.2012 00:00:00   ;     7,0 ;     
12.04.2012 00:00:00   ;     6,9 ;     
13.04.2012 00:00:00   ;     6,8 ;     
14.04.2012 00:00:00   ;     6,9 ;     
15.04.2012 00:00:00   ;     7,0 ;     
16.04.2012 00:00:00   ;     7,0 ;     
17.04.2012 00:00:00   ;     6,8 ;     
18.04.2012 00:00:00   ;     6,9 ;     
19.04.2012 00:00:00   ;     7,0 ;     
20.04.2012 00:00:00   ;     6,9 ;     
21.04.2012 00:00:00   ;     7,1 ;     
22.04.2012 00:00:00   ;     7,0 ;     
23.04.2012 00:00:00   ;     7,0 ;     
24.04.2012 00:00:00   ;     7,0 ;     
25.04.2012 00:00:00   ;     7,1 ;     
26.04.2012 00:00:00   ;     7,1 ;     
27.04.2012 00:00:00   ;     6,9 ;     
28.04.2012 00:00:00   ;     6,7 ;     
29.04.2012 00:00:00   ;     6,6 ;     
30.04.2012 00:00:00   ;     6,5 ;     
01.05.2012 00:00:00   ;     6,6 ;     
02.05.2012 00:00:00   ;     6,6 ;     
03.05.2012 00:00:00   ;     6,5 ;     
04.05.2012 00:00:00   ;     6,6 ;     
05.05.2012 00:00:00   ;     6,7 ;     
06.05.2012 00:00:00   ;     6,7 ;     
07.05.2012 00:00:00   ;     6,7 ;     
08.05.2012 00:00:00   ;     6,8 ;     
09.05.2012 00:00:00   ;     6,8 ;     
10.05.2012 00:00:00   ;     6,9 ;     
11.05.2012 00:00:00   ;     6,9 ;     
12.05.2012 00:00:00   ;     6,7 ;     
13.05.2012 00:00:00   ;     6,7 ;     
14.05.2012 00:00:00   ;     6,7 ;     
15.05.2012 00:00:00   ;     6,9 ;     
16.05.2012 00:00:00   ;     6,9 ;     
17.05.2012 00:00:00   ;     7,0 ;     
18.05.2012 00:00:00   ;     7,1 ;     
19.05.2012 00:00:00   ;     7,2 ;     
20.05.2012 00:00:00   ;     7,1 ;     
21.05.2012 00:00:00   ;     7,1 ;     
22.05.2012 00:00:00   ;     7,0 ;     
23.05.2012 00:00:00   ;     7,1 ;     
24.05.2012 00:00:00   ;     7,1 ;     
25.05.2012 00:00:00   ;     7,1 ;     
26.05.2012 00:00:00   ;     7,0 ;     
27.05.2012 00:00:00   ;     7,2 ;     
28.05.2012 00:00:00   ;     7,2 ;     
29.05.2012 00:00:00   ;     7,3 ;     
30.05.2012 00:00:00   ;     7,3 ;     
31.05.2012 00:00:00   ;     7,3 ;     
01.06.2012 00:00:00   ;     7,2 ;     
02.06.2012 00:00:00   ;     6,9 ;     
03.06.2012 00:00:00   ;     7,1 ;     
04.06.2012 00:00:00   ;     6,9 ;     
05.06.2012 00:00:00   ;     6,8 ;     
06.06.2012 00:00:00   ;     6,9 ;     
07.06.2012 00:00:00   ;     7,1 ;     
08.06.2012 00:00:00   ;     7,2 ;     
09.06.2012 00:00:00   ;     7,1 ;     
10.06.2012 00:00:00   ;     7,2 ;     
11.06.2012 00:00:00   ;     7,3 ;     
12.06.2012 00:00:00   ;     7,3 ;     
13.06.2012 00:00:00   ;     7,0 ;     
14.06.2012 00:00:00   ;     6,9 ;     
15.06.2012 00:00:00   ;     7,1 ;     
16.06.2012 00:00:00   ;     7,2 ;     
17.06.2012 00:00:00   ;     7,4 ;     
18.06.2012 00:00:00   ;     7,4 ;     
19.06.2012 00:00:00   ;     7,4 ;     
20.06.2012 00:00:00   ;     7,7 ;     
21.06.2012 00:00:00   ;     7,3 ;     
22.06.2012 00:00:00   ;     7,2 ;     
23.06.2012 00:00:00   ;     7,2 ;     
24.06.2012 00:00:00   ;     7,3 ;     
25.06.2012 00:00:00   ;     7,2 ;     
26.06.2012 00:00:00   ;     7,3 ;     
27.06.2012 00:00:00   ;     7,3 ;     
28.06.2012 00:00:00   ;     7,6 ;     
29.06.2012 00:00:00   ;     7,5 ;     
30.06.2012 00:00:00   ;     7,7 ;     
01.07.2012 00:00:00   ;     7,9 ;     
02.07.2012 00:00:00   ;     7,7 ;     
03.07.2012 00:00:00   ;     7,6 ;     
04.07.2012 00:00:00   ;     7,8 ;     
05.07.2012 00:00:00   ;     7,8 ;     
06.07.2012 00:00:00   ;     7,7 ;     
07.07.2012 00:00:00   ;     7,7 ;     
08.07.2012 00:00:00   ;     7,7 ;     
09.07.2012 00:00:00   ;     7,7 ;     
10.07.2012 00:00:00   ;     7,8 ;     
11.07.2012 00:00:00   ;     7,7 ;     
12.07.2012 00:00:00   ;     7,6 ;     
13.07.2012 00:00:00   ;     7,6 ;     
14.07.2012 00:00:00   ;     7,6 ;     
15.07.2012 00:00:00   ;     7,6 ;     
16.07.2012 00:00:00   ;     7,6 ;     
17.07.2012 00:00:00   ;     7,6 ;     
18.07.2012 00:00:00   ;     7,7 ;     
19.07.2012 00:00:00   ;     7,7 ;     
20.07.2012 00:00:00   ;     7,7 ;     
21.07.2012 00:00:00   ;     7,6 ;     
22.07.2012 00:00:00   ;     7,4 ;     
23.07.2012 00:00:00   ;     7,3 ;     
24.07.2012 00:00:00   ;     7,4 ;     
25.07.2012 00:00:00   ;     7,4 ;     
26.07.2012 00:00:00   ;     7,5 ;     
27.07.2012 00:00:00   ;     7,6 ;     
28.07.2012 00:00:00   ;     7,6 ;     
29.07.2012 00:00:00   ;     7,6 ;     
30.07.2012 00:00:00   ;     7,7 ;     
31.07.2012 00:00:00   ;     7,7 ;     
01.08.2012 00:00:00   ;     7,7 ;     
02.08.2012 00:00:00   ;     7,7 ;     
03.08.2012 00:00:00   ;     7,7 ;     
04.08.2012 00:00:00   ;     7,9 ;     
05.08.2012 00:00:00   ;     7,7 ;     
06.08.2012 00:00:00   ;     7,6 ;     
07.08.2012 00:00:00   ;     7,5 ;     
08.08.2012 00:00:00   ;     7,5 ;     
09.08.2012 00:00:00   ;     7,5 ;     
10.08.2012 00:00:00   ;     7,6 ;     
11.08.2012 00:00:00   ;     7,6 ;     
12.08.2012 00:00:00   ;     7,7 ;     
13.08.2012 00:00:00   ;     7,8 ;     
14.08.2012 00:00:00   ;     7,9 ;     
15.08.2012 00:00:00   ;     7,9 ;     
16.08.2012 00:00:00   ;     7,9 ;     
17.08.2012 00:00:00   ;     8,0 ;     
18.08.2012 00:00:00   ;     8,2 ;     
19.08.2012 00:00:00   ;     8,4 ;     
20.08.2012 00:00:00   ;     8,6 ;     
21.08.2012 00:00:00   ;     8,5 ;     
22.08.2012 00:00:00   ;     8,8 ;     
23.08.2012 00:00:00   ;     8,4 ;     
24.08.2012 00:00:00   ;     8,2 ;     
25.08.2012 00:00:00   ;     8,1 ;     
26.08.2012 00:00:00   ;     8,0 ;     
27.08.2012 00:00:00   ;     7,9 ;     
28.08.2012 00:00:00   ;     7,9 ;     
29.08.2012 00:00:00   ;     8,1 ;     
30.08.2012 00:00:00   ;     8,1 ;     
31.08.2012 00:00:00   ;     7,9 ;     
01.09.2012 00:00:00   ;     7,7 ;     
02.09.2012 00:00:00   ;     7,7 ;     
03.09.2012 00:00:00   ;     7,8 ;     
04.09.2012 00:00:00   ;     7,8 ;     
05.09.2012 00:00:00   ;     8,0 ;     
06.09.2012 00:00:00   ;     7,5 ;     
07.09.2012 00:00:00   ;     7,4 ;     
08.09.2012 00:00:00   ;     7,5 ;     
09.09.2012 00:00:00   ;     7,5 ;     
10.09.2012 00:00:00   ;     7,7 ;     
11.09.2012 00:00:00   ;     7,7 ;     
12.09.2012 00:00:00   ;     7,7 ;     
13.09.2012 00:00:00   ;     7,5 ;     
14.09.2012 00:00:00   ;     7,2 ;     
15.09.2012 00:00:00   ;     7,3 ;     
16.09.2012 00:00:00   ;     7,4 ;     
17.09.2012 00:00:00   ;     7,5 ;     
18.09.2012 00:00:00   ;     7,5 ;     
19.09.2012 00:00:00   ;     7,6 ;     
20.09.2012 00:00:00   ;     7,5 ;     
21.09.2012 00:00:00   ;     7,4 ;     
22.09.2012 00:00:00   ;     7,5 ;     
23.09.2012 00:00:00   ;     7,6 ;     
24.09.2012 00:00:00   ;     7,6 ;     
25.09.2012 00:00:00   ;     7,6 ;     
26.09.2012 00:00:00   ;     7,6 ;     
27.09.2012 00:00:00   ;     7,7 ;     
28.09.2012 00:00:00   ;     7,6 ;     
29.09.2012 00:00:00   ;     7,7 ;     
30.09.2012 00:00:00   ;     7,7 ;     
01.10.2012 00:00:00   ;     7,7 ;     
02.10.2012 00:00:00   ;     7,8 ;     
03.10.2012 00:00:00   ;     7,7 ;     
04.10.2012 00:00:00   ;     7,8 ;     
05.10.2012 00:00:00   ;     7,9 ;     
06.10.2012 00:00:00   ;     7,7 ;     
07.10.2012 00:00:00   ;     7,8 ;     
08.10.2012 00:00:00   ;     7,8 ;     
09.10.2012 00:00:00   ;     7,7 ;     
10.10.2012 00:00:00   ;     7,7 ;     
11.10.2012 00:00:00   ;     7,5 ;     
12.10.2012 00:00:00   ;     7,6 ;     
13.10.2012 00:00:00   ;     7,6 ;     
14.10.2012 00:00:00   ;     7,4 ;     
15.10.2012 00:00:00   ;     7,3 ;     
16.10.2012 00:00:00   ;     7,4 ;     
17.10.2012 00:00:00   ;     7,5 ;     
18.10.2012 00:00:00   ;     7,5 ;     
19.10.2012 00:00:00   ;     7,5 ;     
20.10.2012 00:00:00   ;     7,5 ;     
21.10.2012 00:00:00   ;     7,4 ;     
22.10.2012 00:00:00   ;     7,5 ;     
23.10.2012 00:00:00   ;     7,6 ;     
24.10.2012 00:00:00   ;     7,6 ;     
25.10.2012 00:00:00   ;     7,6 ;     
26.10.2012 00:00:00   ;     7,5 ;     
27.10.2012 00:00:00   ;     7,4 ;     
28.10.2012 00:00:00   ;     6,6 ;     
29.10.2012 00:00:00   ;     6,7 ;     
30.10.2012 00:00:00   ;     6,8 ;     
31.10.2012 00:00:00   ;     7,1 ;     
01.11.2012 00:00:00   ;     7,5 ;     
02.11.2012 00:00:00   ;     7,5 ;     
03.11.2012 00:00:00   ;     7,5 ;     
04.11.2012 00:00:00   ;     7,6 ;     
05.11.2012 00:00:00   ;     7,5 ;     
06.11.2012 00:00:00   ;     7,4 ;     
07.11.2012 00:00:00   ;     7,3 ;     
08.11.2012 00:00:00   ;     7,4 ;     
09.11.2012 00:00:00   ;     7,5 ;     
10.11.2012 00:00:00   ;     7,4 ;     
11.11.2012 00:00:00   ;     7,6 ;     
12.11.2012 00:00:00   ;     7,6 ;     
13.11.2012 00:00:00   ;     7,6 ;     
14.11.2012 00:00:00   ;     7,6 ;     
15.11.2012 00:00:00   ;     7,4 ;     
16.11.2012 00:00:00   ;     7,1 ;     
17.11.2012 00:00:00   ;     7,0 ;     
18.11.2012 00:00:00   ;     7,0 ;     
19.11.2012 00:00:00   ;     7,1 ;     
20.11.2012 00:00:00   ;     7,5 ;     
21.11.2012 00:00:00   ;     7,1 ;     
22.11.2012 00:00:00   ;     7,1 ;     
23.11.2012 00:00:00   ;     7,2 ;     
24.11.2012 00:00:00   ;     6,7 ;     
25.11.2012 00:00:00   ;     6,5 ;     
26.11.2012 00:00:00   ;     6,7 ;     
27.11.2012 00:00:00   ;     6,6 ;     
28.11.2012 00:00:00   ;     6,9 ;     
29.11.2012 00:00:00   ;     6,9 ;     
30.11.2012 00:00:00   ;     6,0 ;     
01.12.2012 00:00:00   ;Lücke    ;     
02.12.2012 00:00:00   ;Lücke    ;     
03.12.2012 00:00:00   ;Lücke    ;     
04.12.2012 00:00:00   ;Lücke    ;     
05.12.2012 00:00:00   ;Lücke    ;     
06.12.2012 00:00:00   ;Lücke    ;     
07.12.2012 00:00:00   ;Lücke    ;     
08.12.2012 00:00:00   ;Lücke    ;     
09.12.2012 00:00:00   ;Lücke    ;     
10.12.2012 00:00:00   ;Lücke    ;     
11.12.2012 00:00:00   ;Lücke    ;     
12.12.2012 00:00:00   ;Lücke    ;     
13.12.2012 00:00:00   ;     4,9 ;     
14.12.2012 00:00:00   ;     5,7 ;     
15.12.2012 00:00:00   ;     5,4 ;     
16.12.2012 00:00:00   ;     7,1 ;     
17.12.2012 00:00:00   ;     7,3 ;     
18.12.2012 00:00:00   ;     7,4 ;     
19.12.2012 00:00:00   ;     7,3 ;     
20.12.2012 00:00:00   ;     7,1 ;     
21.12.2012 00:00:00   ;     7,1 ;     
22.12.2012 00:00:00   ;     7,2 ;     
23.12.2012 00:00:00   ;     7,0 ;     
24.12.2012 00:00:00   ;     6,9 ;     
25.12.2012 00:00:00   ;     6,9 ;     
26.12.2012 00:00:00   ;     6,9 ;     
27.12.2012 00:00:00   ;     6,9 ;     
28.12.2012 00:00:00   ;     7,0 ;     
29.12.2012 00:00:00   ;     7,0 ;     
30.12.2012 00:00:00   ;     7,0 ;     
31.12.2012 00:00:00   ;     7,0 ;     
01.01.2013 00:00:00   ;     7,0 ;     
02.01.2013 00:00:00   ;     7,1 ;     
03.01.2013 00:00:00   ;     7,1 ;     
04.01.2013 00:00:00   ;     7,1 ;     
05.01.2013 00:00:00   ;     7,0 ;     
06.01.2013 00:00:00   ;     6,9 ;     
07.01.2013 00:00:00   ;     6,9 ;     
08.01.2013 00:00:00   ;     7,0 ;     
09.01.2013 00:00:00   ;     7,0 ;     
10.01.2013 00:00:00   ;     7,0 ;     
11.01.2013 00:00:00   ;     7,0 ;     
12.01.2013 00:00:00   ;     6,9 ;     
13.01.2013 00:00:00   ;     7,0 ;     
14.01.2013 00:00:00   ;     7,0 ;     
15.01.2013 00:00:00   ;     7,0 ;     
16.01.2013 00:00:00   ;     7,0 ;     
17.01.2013 00:00:00   ;     7,0 ;     
18.01.2013 00:00:00   ;     7,0 ;     
19.01.2013 00:00:00   ;     6,9 ;     
20.01.2013 00:00:00   ;     6,9 ;     
21.01.2013 00:00:00   ;     7,1 ;     
22.01.2013 00:00:00   ;     7,2 ;     
23.01.2013 00:00:00   ;     7,0 ;     
24.01.2013 00:00:00   ;     6,9 ;     
25.01.2013 00:00:00   ;     7,0 ;     
26.01.2013 00:00:00   ;     6,9 ;     
27.01.2013 00:00:00   ;     7,0 ;     
28.01.2013 00:00:00   ;     7,1 ;     
29.01.2013 00:00:00   ;     7,0 ;     
30.01.2013 00:00:00   ;     6,9 ;     
31.01.2013 00:00:00   ;     6,9 ;     
01.02.2013 00:00:00   ;     6,9 ;     
02.02.2013 00:00:00   ;     6,9 ;     
03.02.2013 00:00:00   ;     6,8 ;     
04.02.2013 00:00:00   ;     6,8 ;     
05.02.2013 00:00:00   ;     6,9 ;     
06.02.2013 00:00:00   ;     6,9 ;     
07.02.2013 00:00:00   ;     6,9 ;     
08.02.2013 00:00:00   ;     6,9 ;     
09.02.2013 00:00:00   ;     6,9 ;     
10.02.2013 00:00:00   ;     6,9 ;     
11.02.2013 00:00:00   ;     6,8 ;     
12.02.2013 00:00:00   ;     7,0 ;     
13.02.2013 00:00:00   ;     7,0 ;     
14.02.2013 00:00:00   ;     7,0 ;     
15.02.2013 00:00:00   ;     7,0 ;     
16.02.2013 00:00:00   ;     7,1 ;     
17.02.2013 00:00:00   ;     7,1 ;     
18.02.2013 00:00:00   ;     7,1 ;     
19.02.2013 00:00:00   ;     7,1 ;     
20.02.2013 00:00:00   ;     7,0 ;     
21.02.2013 00:00:00   ;     7,0 ;     
22.02.2013 00:00:00   ;     6,9 ;     
23.02.2013 00:00:00   ;     7,0 ;     
24.02.2013 00:00:00   ;     7,0 ;     
25.02.2013 00:00:00   ;     7,0 ;     
26.02.2013 00:00:00   ;     6,9 ;     
27.02.2013 00:00:00   ;     7,1 ;     
28.02.2013 00:00:00   ;     7,2 ;     
01.03.2013 00:00:00   ;     7,2 ;     
02.03.2013 00:00:00   ;     7,2 ;     
03.03.2013 00:00:00   ;     7,1 ;     
04.03.2013 00:00:00   ;     7,1 ;     
05.03.2013 00:00:00   ;     7,2 ;     
06.03.2013 00:00:00   ;     7,3 ;     
07.03.2013 00:00:00   ;     7,2 ;     
08.03.2013 00:00:00   ;     7,1 ;     
09.03.2013 00:00:00   ;     7,0 ;     
10.03.2013 00:00:00   ;     7,0 ;     
11.03.2013 00:00:00   ;     7,0 ;     
12.03.2013 00:00:00   ;     7,0 ;     
13.03.2013 00:00:00   ;     6,9 ;     
14.03.2013 00:00:00   ;     6,9 ;     
15.03.2013 00:00:00   ;     6,9 ;     
16.03.2013 00:00:00   ;     6,9 ;     
17.03.2013 00:00:00   ;     7,0 ;     
18.03.2013 00:00:00   ;     7,2 ;     
19.03.2013 00:00:00   ;     7,1 ;     
20.03.2013 00:00:00   ;     7,1 ;     
21.03.2013 00:00:00   ;     7,1 ;     
22.03.2013 00:00:00   ;     7,1 ;     
23.03.2013 00:00:00   ;     7,0 ;     
24.03.2013 00:00:00   ;     7,0 ;     
25.03.2013 00:00:00   ;     7,0 ;     
26.03.2013 00:00:00   ;     6,9 ;     
27.03.2013 00:00:00   ;     7,0 ;     
28.03.2013 00:00:00   ;     7,2 ;     
29.03.2013 00:00:00   ;     7,2 ;     
30.03.2013 00:00:00   ;     7,3 ;     
31.03.2013 00:00:00   ;     7,1 ;     
01.04.2013 00:00:00   ;     7,2 ;     
02.04.2013 00:00:00   ;     7,2 ;     
03.04.2013 00:00:00   ;     7,2 ;     
04.04.2013 00:00:00   ;     7,1 ;     
05.04.2013 00:00:00   ;     7,3 ;     
06.04.2013 00:00:00   ;     7,3 ;     
07.04.2013 00:00:00   ;     7,2 ;     
08.04.2013 00:00:00   ;     7,3 ;     
09.04.2013 00:00:00   ;     7,3 ;     
10.04.2013 00:00:00   ;     7,3 ;     
11.04.2013 00:00:00   ;     7,3 ;     
12.04.2013 00:00:00   ;     7,1 ;     
13.04.2013 00:00:00   ;     7,0 ;     
14.04.2013 00:00:00   ;     7,1 ;     
15.04.2013 00:00:00   ;     7,0 ;     
16.04.2013 00:00:00   ;     6,8 ;     
17.04.2013 00:00:00   ;     6,7 ;     
18.04.2013 00:00:00   ;     6,7 ;     
19.04.2013 00:00:00   ;     6,6 ;     
20.04.2013 00:00:00   ;     6,5 ;     
21.04.2013 00:00:00   ;     6,7 ;     
22.04.2013 00:00:00   ;     6,7 ;     
23.04.2013 00:00:00   ;     6,8 ;     
24.04.2013 00:00:00   ;     6,8 ;     
25.04.2013 00:00:00   ;     6,8 ;     
26.04.2013 00:00:00   ;     6,7 ;     
27.04.2013 00:00:00   ;     6,7 ;     
28.04.2013 00:00:00   ;     6,6 ;     
29.04.2013 00:00:00   ;     6,7 ;     
30.04.2013 00:00:00   ;     6,8 ;     
01.05.2013 00:00:00   ;     6,9 ;     
02.05.2013 00:00:00   ;     6,8 ;     
03.05.2013 00:00:00   ;     6,6 ;     
04.05.2013 00:00:00   ;     6,7 ;     
05.05.2013 00:00:00   ;     6,7 ;     
06.05.2013 00:00:00   ;     6,8 ;     
07.05.2013 00:00:00   ;     6,9 ;     
08.05.2013 00:00:00   ;     6,9 ;     
09.05.2013 00:00:00   ;     7,0 ;     
10.05.2013 00:00:00   ;     7,0 ;     
11.05.2013 00:00:00   ;     7,0 ;     
12.05.2013 00:00:00   ;     6,9 ;     
13.05.2013 00:00:00   ;     6,8 ;     
14.05.2013 00:00:00   ;     7,0 ;     
15.05.2013 00:00:00   ;     7,0 ;     
16.05.2013 00:00:00   ;     7,1 ;     
17.05.2013 00:00:00   ;     7,2 ;     
18.05.2013 00:00:00   ;     7,3 ;     
19.05.2013 00:00:00   ;     7,4 ;     
20.05.2013 00:00:00   ;     7,4 ;     
21.05.2013 00:00:00   ;     7,3 ;     
22.05.2013 00:00:00   ;     7,2 ;     
23.05.2013 00:00:00   ;     7,1 ;     
24.05.2013 00:00:00   ;     7,1 ;     
25.05.2013 00:00:00   ;     7,1 ;     
26.05.2013 00:00:00   ;     7,2 ;     
27.05.2013 00:00:00   ;     7,1 ;     
28.05.2013 00:00:00   ;     7,0 ;     
29.05.2013 00:00:00   ;     7,0 ;     
30.05.2013 00:00:00   ;     7,0 ;     
31.05.2013 00:00:00   ;     6,9 ;     
01.06.2013 00:00:00   ;     6,8 ;     
02.06.2013 00:00:00   ;     6,9 ;     
03.06.2013 00:00:00   ;     6,7 ;     
04.06.2013 00:00:00   ;     6,7 ;     
05.06.2013 00:00:00   ;     6,9 ;     
06.06.2013 00:00:00   ;     7,0 ;     
07.06.2013 00:00:00   ;     7,0 ;     
08.06.2013 00:00:00   ;     7,2 ;     
09.06.2013 00:00:00   ;     7,3 ;     
10.06.2013 00:00:00   ;     7,2 ;     
11.06.2013 00:00:00   ;     7,3 ;     
12.06.2013 00:00:00   ;     7,2 ;     
13.06.2013 00:00:00   ;     7,3 ;     
14.06.2013 00:00:00   ;     7,3 ;     
15.06.2013 00:00:00   ;     7,5 ;     
16.06.2013 00:00:00   ;     7,5 ;     
17.06.2013 00:00:00   ;     7,7 ;     
18.06.2013 00:00:00   ;     7,7 ;     
19.06.2013 00:00:00   ;     7,8 ;     
20.06.2013 00:00:00   ;     7,8 ;     
21.06.2013 00:00:00   ;     7,7 ;     
22.06.2013 00:00:00   ;     7,7 ;     
23.06.2013 00:00:00   ;     7,7 ;     
24.06.2013 00:00:00   ;     7,6 ;     
25.06.2013 00:00:00   ;     7,2 ;     
26.06.2013 00:00:00   ;     7,0 ;     
27.06.2013 00:00:00   ;     7,0 ;     
28.06.2013 00:00:00   ;     7,1 ;     
29.06.2013 00:00:00   ;     7,2 ;     
30.06.2013 00:00:00   ;     7,2 ;     
01.07.2013 00:00:00   ;     7,2 ;     
02.07.2013 00:00:00   ;     7,3 ;     
03.07.2013 00:00:00   ;     7,5 ;     
04.07.2013 00:00:00   ;     7,2 ;     
05.07.2013 00:00:00   ;     7,3 ;     
06.07.2013 00:00:00   ;     7,3 ;     
07.07.2013 00:00:00   ;     7,4 ;     
08.07.2013 00:00:00   ;     7,5 ;     
09.07.2013 00:00:00   ;     7,6 ;     
10.07.2013 00:00:00   ;     7,7 ;     
11.07.2013 00:00:00   ;     7,6 ;     
12.07.2013 00:00:00   ;     7,7 ;     
13.07.2013 00:00:00   ;     7,7 ;     
14.07.2013 00:00:00   ;     7,7 ;     
15.07.2013 00:00:00   ;     7,8 ;     
16.07.2013 00:00:00   ;     8,0 ;     
17.07.2013 00:00:00   ;     7,8 ;     
18.07.2013 00:00:00   ;     8,0 ;     
19.07.2013 00:00:00   ;     7,9 ;     
20.07.2013 00:00:00   ;     8,0 ;     
21.07.2013 00:00:00   ;     7,9 ;     
22.07.2013 00:00:00   ;     8,1 ;     
23.07.2013 00:00:00   ;     8,0 ;     
24.07.2013 00:00:00   ;     8,0 ;     
25.07.2013 00:00:00   ;     8,1 ;     
26.07.2013 00:00:00   ;     8,2 ;     
27.07.2013 00:00:00   ;     8,2 ;     
28.07.2013 00:00:00   ;     8,4 ;     
29.07.2013 00:00:00   ;     8,3 ;     
30.07.2013 00:00:00   ;     8,0 ;     
31.07.2013 00:00:00   ;     8,0 ;     
01.08.2013 00:00:00   ;     8,4 ;     
02.08.2013 00:00:00   ;     8,2 ;     
03.08.2013 00:00:00   ;     8,2 ;     
04.08.2013 00:00:00   ;     8,6 ;     
05.08.2013 00:00:00   ;     8,2 ;     
06.08.2013 00:00:00   ;     8,4 ;     
07.08.2013 00:00:00   ;     8,4 ;     
08.08.2013 00:00:00   ;     8,2 ;     
09.08.2013 00:00:00   ;     8,3 ;     
10.08.2013 00:00:00   ;     7,6 ;     
11.08.2013 00:00:00   ;     7,6 ;     
12.08.2013 00:00:00   ;     7,8 ;     
13.08.2013 00:00:00   ;     7,7 ;     
14.08.2013 00:00:00   ;     7,8 ;     
15.08.2013 00:00:00   ;     7,8 ;     
16.08.2013 00:00:00   ;     8,1 ;     
17.08.2013 00:00:00   ;     8,1 ;     
18.08.2013 00:00:00   ;     8,1 ;     
19.08.2013 00:00:00   ;     8,2 ;     
20.08.2013 00:00:00   ;     7,6 ;     
21.08.2013 00:00:00   ;     7,6 ;     
22.08.2013 00:00:00   ;     7,7 ;     
23.08.2013 00:00:00   ;     7,8 ;     
24.08.2013 00:00:00   ;     7,9 ;     
25.08.2013 00:00:00   ;     7,7 ;     
26.08.2013 00:00:00   ;     7,7 ;     
27.08.2013 00:00:00   ;     7,6 ;     
28.08.2013 00:00:00   ;     7,4 ;     
29.08.2013 00:00:00   ;     7,3 ;     
30.08.2013 00:00:00   ;     7,2 ;     
31.08.2013 00:00:00   ;     7,4 ;     
01.09.2013 00:00:00   ;     7,5 ;     
02.09.2013 00:00:00   ;     7,6 ;     
03.09.2013 00:00:00   ;     7,6 ;     
04.09.2013 00:00:00   ;     7,6 ;     
05.09.2013 00:00:00   ;     7,7 ;     
06.09.2013 00:00:00   ;     7,7 ;     
07.09.2013 00:00:00   ;     7,8 ;     
08.09.2013 00:00:00   ;     7,9 ;     
09.09.2013 00:00:00   ;     7,8 ;     
10.09.2013 00:00:00   ;     7,9 ;     
11.09.2013 00:00:00   ;     7,8 ;     
12.09.2013 00:00:00   ;     7,8 ;     
13.09.2013 00:00:00   ;     7,7 ;     
14.09.2013 00:00:00   ;     7,4 ;     
15.09.2013 00:00:00   ;     7,5 ;     
16.09.2013 00:00:00   ;     7,6 ;     
17.09.2013 00:00:00   ;     7,3 ;     
18.09.2013 00:00:00   ;     7,2 ;     
19.09.2013 00:00:00   ;     7,3 ;     
20.09.2013 00:00:00   ;     7,3 ;     
21.09.2013 00:00:00   ;     7,4 ;     
22.09.2013 00:00:00   ;     7,5 ;     
23.09.2013 00:00:00   ;     7,5 ;     
24.09.2013 00:00:00   ;     7,6 ;     
25.09.2013 00:00:00   ;     7,7 ;     
26.09.2013 00:00:00   ;     7,7 ;     
27.09.2013 00:00:00   ;     7,6 ;     
28.09.2013 00:00:00   ;     7,5 ;     
29.09.2013 00:00:00   ;     7,5 ;     
30.09.2013 00:00:00   ;     7,6 ;     
01.10.2013 00:00:00   ;     7,6 ;     
02.10.2013 00:00:00   ;     7,6 ;     
03.10.2013 00:00:00   ;     7,6 ;     
04.10.2013 00:00:00   ;     7,7 ;     
05.10.2013 00:00:00   ;     7,7 ;     
06.10.2013 00:00:00   ;     7,9 ;     
07.10.2013 00:00:00   ;     7,9 ;     
08.10.2013 00:00:00   ;     7,9 ;     
09.10.2013 00:00:00   ;     7,8 ;     
10.10.2013 00:00:00   ;     7,9 ;     
11.10.2013 00:00:00   ;     7,7 ;     
12.10.2013 00:00:00   ;     7,9 ;     
13.10.2013 00:00:00   ;     7,8 ;     
14.10.2013 00:00:00   ;     7,7 ;     
15.10.2013 00:00:00   ;     7,7 ;     
16.10.2013 00:00:00   ;     7,7 ;     
17.10.2013 00:00:00   ;     7,6 ;     
18.10.2013 00:00:00   ;     7,5 ;     
19.10.2013 00:00:00   ;     7,4 ;     
20.10.2013 00:00:00   ;     7,5 ;     
21.10.2013 00:00:00   ;     7,6 ;     
22.10.2013 00:00:00   ;     7,6 ;     
23.10.2013 00:00:00   ;     7,7 ;     
24.10.2013 00:00:00   ;     7,7 ;     
25.10.2013 00:00:00   ;     7,7 ;     
26.10.2013 00:00:00   ;     7,7 ;     
27.10.2013 00:00:00   ;     7,8 ;     
28.10.2013 00:00:00   ;     7,8 ;     
29.10.2013 00:00:00   ;     7,7 ;     
30.10.2013 00:00:00   ;     7,8 ;     
31.10.2013 00:00:00   ;     7,7 ;     
01.11.2013 00:00:00   ;     7,7 ;     
02.11.2013 00:00:00   ;     7,7 ;     
03.11.2013 00:00:00   ;     7,7 ;     
04.11.2013 00:00:00   ;     7,7 ;     
05.11.2013 00:00:00   ;     7,6 ;     
06.11.2013 00:00:00   ;     7,5 ;     
07.11.2013 00:00:00   ;     7,3 ;     
08.11.2013 00:00:00   ;     7,3 ;     
09.11.2013 00:00:00   ;     7,4 ;     
10.11.2013 00:00:00   ;     7,4 ;     
11.11.2013 00:00:00   ;     7,3 ;     
12.11.2013 00:00:00   ;     7,4 ;     
13.11.2013 00:00:00   ;     7,5 ;     
14.11.2013 00:00:00   ;     7,4 ;     
15.11.2013 00:00:00   ;     7,4 ;     
16.11.2013 00:00:00   ;     7,4 ;     
17.11.2013 00:00:00   ;     7,5 ;     
18.11.2013 00:00:00   ;     7,5 ;     
19.11.2013 00:00:00   ;     7,5 ;     
20.11.2013 00:00:00   ;     7,6 ;     
21.11.2013 00:00:00   ;     7,4 ;     
22.11.2013 00:00:00   ;     7,4 ;     
23.11.2013 00:00:00   ;     7,5 ;     
24.11.2013 00:00:00   ;     7,4 ;     
25.11.2013 00:00:00   ;     7,3 ;     
26.11.2013 00:00:00   ;     7,2 ;     
27.11.2013 00:00:00   ;     7,2 ;     
28.11.2013 00:00:00   ;     7,1 ;     
29.11.2013 00:00:00   ;     7,3 ;     
30.11.2013 00:00:00   ;     7,2 ;     
01.12.2013 00:00:00   ;     7,2 ;     
02.12.2013 00:00:00   ;     7,2 ;     
03.12.2013 00:00:00   ;     7,2 ;     
04.12.2013 00:00:00   ;     7,2 ;     
05.12.2013 00:00:00   ;     7,3 ;     
06.12.2013 00:00:00   ;     7,1 ;     
07.12.2013 00:00:00   ;     7,3 ;     
08.12.2013 00:00:00   ;     7,3 ;     
09.12.2013 00:00:00   ;     7,3 ;     
10.12.2013 00:00:00   ;     7,4 ;     
11.12.2013 00:00:00   ;     7,3 ;     
12.12.2013 00:00:00   ;     7,2 ;     
13.12.2013 00:00:00   ;     7,2 ;     
14.12.2013 00:00:00   ;     7,1 ;     
15.12.2013 00:00:00   ;     7,2 ;     
16.12.2013 00:00:00   ;     7,1 ;     
17.12.2013 00:00:00   ;     7,1 ;     
18.12.2013 00:00:00   ;     7,2 ;     
19.12.2013 00:00:00   ;     7,1 ;     
20.12.2013 00:00:00   ;     7,1 ;     
21.12.2013 00:00:00   ;     7,2 ;     
22.12.2013 00:00:00   ;     7,1 ;     
23.12.2013 00:00:00   ;     7,2 ;     
24.12.2013 00:00:00   ;     7,2 ;     
25.12.2013 00:00:00   ;     7,2 ;     
26.12.2013 00:00:00   ;     7,4 ;     
27.12.2013 00:00:00   ;     7,3 ;     
28.12.2013 00:00:00   ;     7,2 ;     
29.12.2013 00:00:00   ;     7,1 ;     
30.12.2013 00:00:00   ;     7,1 ;     
31.12.2013 00:00:00   ;     7,0 ;     
01.01.2014 00:00:00   ;     7,0 ;     
02.01.2014 00:00:00   ;     7,1 ;     
03.01.2014 00:00:00   ;     7,1 ;     
04.01.2014 00:00:00   ;     7,1 ;     
05.01.2014 00:00:00   ;     7,2 ;     
06.01.2014 00:00:00   ;     7,2 ;     
07.01.2014 00:00:00   ;     7,2 ;     
08.01.2014 00:00:00   ;     7,3 ;     
09.01.2014 00:00:00   ;     7,3 ;     
10.01.2014 00:00:00   ;     7,3 ;     
11.01.2014 00:00:00   ;     7,2 ;     
12.01.2014 00:00:00   ;     7,3 ;     
13.01.2014 00:00:00   ;     7,1 ;     
14.01.2014 00:00:00   ;     7,1 ;     
15.01.2014 00:00:00   ;     7,1 ;     
16.01.2014 00:00:00   ;     7,1 ;     
17.01.2014 00:00:00   ;     7,1 ;     
18.01.2014 00:00:00   ;     7,1 ;     
19.01.2014 00:00:00   ;     7,2 ;     
20.01.2014 00:00:00   ;     7,2 ;     
21.01.2014 00:00:00   ;     7,3 ;     
22.01.2014 00:00:00   ;     7,3 ;     
23.01.2014 00:00:00   ;     7,2 ;     
24.01.2014 00:00:00   ;     7,1 ;     
25.01.2014 00:00:00   ;     6,8 ;     
26.01.2014 00:00:00   ;     6,9 ;     
27.01.2014 00:00:00   ;     7,0 ;     
28.01.2014 00:00:00   ;     7,1 ;     
29.01.2014 00:00:00   ;     7,0 ;     
30.01.2014 00:00:00   ;     7,0 ;     
31.01.2014 00:00:00   ;     7,2 ;     
01.02.2014 00:00:00   ;     7,2 ;     
02.02.2014 00:00:00   ;     7,0 ;     
03.02.2014 00:00:00   ;     7,1 ;     
04.02.2014 00:00:00   ;     7,1 ;     
05.02.2014 00:00:00   ;     7,2 ;     
06.02.2014 00:00:00   ;     7,1 ;     
07.02.2014 00:00:00   ;     7,1 ;     
08.02.2014 00:00:00   ;     7,2 ;     
09.02.2014 00:00:00   ;     7,2 ;     
10.02.2014 00:00:00   ;     7,1 ;     
11.02.2014 00:00:00   ;     7,2 ;     
12.02.2014 00:00:00   ;     7,1 ;     
13.02.2014 00:00:00   ;     7,1 ;     
14.02.2014 00:00:00   ;     7,1 ;     
15.02.2014 00:00:00   ;     7,1 ;     
16.02.2014 00:00:00   ;     7,1 ;     
17.02.2014 00:00:00   ;     7,2 ;     
18.02.2014 00:00:00   ;     7,2 ;     
19.02.2014 00:00:00   ;     7,2 ;     
20.02.2014 00:00:00   ;     7,3 ;     
21.02.2014 00:00:00   ;     7,1 ;     
22.02.2014 00:00:00   ;     7,2 ;     
23.02.2014 00:00:00   ;     7,1 ;     
24.02.2014 00:00:00   ;     7,0 ;     
25.02.2014 00:00:00   ;     7,0 ;     
26.02.2014 00:00:00   ;     7,1 ;     
27.02.2014 00:00:00   ;     7,2 ;     
28.02.2014 00:00:00   ;     7,1 ;     
01.03.2014 00:00:00   ;     7,1 ;     
02.03.2014 00:00:00   ;     7,2 ;     
03.03.2014 00:00:00   ;     7,3 ;     
04.03.2014 00:00:00   ;     7,3 ;     
05.03.2014 00:00:00   ;     7,3 ;     
06.03.2014 00:00:00   ;     7,2 ;     
07.03.2014 00:00:00   ;     7,3 ;     
08.03.2014 00:00:00   ;     7,2 ;     
09.03.2014 00:00:00   ;     7,2 ;     
10.03.2014 00:00:00   ;     7,2 ;     
11.03.2014 00:00:00   ;     7,2 ;     
12.03.2014 00:00:00   ;     7,2 ;     
13.03.2014 00:00:00   ;     7,2 ;     
14.03.2014 00:00:00   ;     7,3 ;     
15.03.2014 00:00:00   ;     7,3 ;     
16.03.2014 00:00:00   ;     7,2 ;     
17.03.2014 00:00:00   ;     6,9 ;     
18.03.2014 00:00:00   ;     6,9 ;     
19.03.2014 00:00:00   ;     7,0 ;     
20.03.2014 00:00:00   ;     7,0 ;     
21.03.2014 00:00:00   ;     7,1 ;     
22.03.2014 00:00:00   ;     7,1 ;     
23.03.2014 00:00:00   ;     7,1 ;     
24.03.2014 00:00:00   ;     7,0 ;     
25.03.2014 00:00:00   ;     7,0 ;     
26.03.2014 00:00:00   ;     7,1 ;     
27.03.2014 00:00:00   ;     7,2 ;     
28.03.2014 00:00:00   ;     7,2 ;     
29.03.2014 00:00:00   ;     7,1 ;     
30.03.2014 00:00:00   ;     7,1 ;     
31.03.2014 00:00:00   ;     7,2 ;     
01.04.2014 00:00:00   ;     7,2 ;     
02.04.2014 00:00:00   ;     7,2 ;     
03.04.2014 00:00:00   ;     7,3 ;     
04.04.2014 00:00:00   ;     7,2 ;     
05.04.2014 00:00:00   ;     7,3 ;     
06.04.2014 00:00:00   ;     7,3 ;     
07.04.2014 00:00:00   ;     7,4 ;     
08.04.2014 00:00:00   ;     7,3 ;     
09.04.2014 00:00:00   ;     7,2 ;     
10.04.2014 00:00:00   ;     7,1 ;     
11.04.2014 00:00:00   ;     7,2 ;     
12.04.2014 00:00:00   ;     7,2 ;     
13.04.2014 00:00:00   ;     7,2 ;     
14.04.2014 00:00:00   ;     7,1 ;     
15.04.2014 00:00:00   ;     6,9 ;     
16.04.2014 00:00:00   ;     7,0 ;     
17.04.2014 00:00:00   ;     7,2 ;     
18.04.2014 00:00:00   ;     7,2 ;     
19.04.2014 00:00:00   ;     7,3 ;     
20.04.2014 00:00:00   ;     7,2 ;     
21.04.2014 00:00:00   ;     7,2 ;     
22.04.2014 00:00:00   ;     7,1 ;     
23.04.2014 00:00:00   ;     7,2 ;     
24.04.2014 00:00:00   ;     7,2 ;     
25.04.2014 00:00:00   ;     7,3 ;     
26.04.2014 00:00:00   ;     7,3 ;     
27.04.2014 00:00:00   ;     7,3 ;     
28.04.2014 00:00:00   ;     7,4 ;     
29.04.2014 00:00:00   ;     7,3 ;     
30.04.2014 00:00:00   ;     7,5 ;     
01.05.2014 00:00:00   ;     7,4 ;     
02.05.2014 00:00:00   ;     7,3 ;     
03.05.2014 00:00:00   ;     7,3 ;     
04.05.2014 00:00:00   ;     7,3 ;     
05.05.2014 00:00:00   ;     7,3 ;     
06.05.2014 00:00:00   ;     7,3 ;     
07.05.2014 00:00:00   ;     7,3 ;     
08.05.2014 00:00:00   ;     7,3 ;     
09.05.2014 00:00:00   ;     7,4 ;     
10.05.2014 00:00:00   ;     7,5 ;     
11.05.2014 00:00:00   ;     7,4 ;     
12.05.2014 00:00:00   ;     7,4 ;     
13.05.2014 00:00:00   ;     7,3 ;     
14.05.2014 00:00:00   ;     7,3 ;     
15.05.2014 00:00:00   ;     7,1 ;     
16.05.2014 00:00:00   ;     7,1 ;     
17.05.2014 00:00:00   ;     7,0 ;     
18.05.2014 00:00:00   ;     6,9 ;     
19.05.2014 00:00:00   ;     6,8 ;     
20.05.2014 00:00:00   ;     6,9 ;     
21.05.2014 00:00:00   ;     7,0 ;     
22.05.2014 00:00:00   ;     7,0 ;     
23.05.2014 00:00:00   ;     7,1 ;     
24.05.2014 00:00:00   ;     7,2 ;     
25.05.2014 00:00:00   ;     7,3 ;     
26.05.2014 00:00:00   ;     7,3 ;     
27.05.2014 00:00:00   ;     7,3 ;     
28.05.2014 00:00:00   ;     7,1 ;     
29.05.2014 00:00:00   ;     6,9 ;     
30.05.2014 00:00:00   ;     6,9 ;     
31.05.2014 00:00:00   ;     6,9 ;     
01.06.2014 00:00:00   ;     7,1 ;     
02.06.2014 00:00:00   ;     7,2 ;     
03.06.2014 00:00:00   ;     7,2 ;     
04.06.2014 00:00:00   ;     7,3 ;     
05.06.2014 00:00:00   ;     7,3 ;     
06.06.2014 00:00:00   ;     7,5 ;     
07.06.2014 00:00:00   ;     7,5 ;     
08.06.2014 00:00:00   ;     7,5 ;     
09.06.2014 00:00:00   ;     7,7 ;     
10.06.2014 00:00:00   ;     7,7 ;     
11.06.2014 00:00:00   ;     7,7 ;     
12.06.2014 00:00:00   ;     7,6 ;     
13.06.2014 00:00:00   ;     7,7 ;     
14.06.2014 00:00:00   ;     7,6 ;     
15.06.2014 00:00:00   ;     7,7 ;     
16.06.2014 00:00:00   ;     7,7 ;     
17.06.2014 00:00:00   ;     7,7 ;     
18.06.2014 00:00:00   ;     7,7 ;     
19.06.2014 00:00:00   ;     7,8 ;     
20.06.2014 00:00:00   ;     7,6 ;     
21.06.2014 00:00:00   ;     7,6 ;     
22.06.2014 00:00:00   ;     7,8 ;     
23.06.2014 00:00:00   ;     7,8 ;     
24.06.2014 00:00:00   ;     7,8 ;     
25.06.2014 00:00:00   ;     7,9 ;     
26.06.2014 00:00:00   ;     7,7 ;     
27.06.2014 00:00:00   ;     7,9 ;     
28.06.2014 00:00:00   ;     8,0 ;     
29.06.2014 00:00:00   ;     7,8 ;     
30.06.2014 00:00:00   ;     7,6 ;     
01.07.2014 00:00:00   ;     7,4 ;     
02.07.2014 00:00:00   ;     7,4 ;     
03.07.2014 00:00:00   ;     7,5 ;     
04.07.2014 00:00:00   ;     7,7 ;     
05.07.2014 00:00:00   ;     7,6 ;     
06.07.2014 00:00:00   ;     7,7 ;     
07.07.2014 00:00:00   ;     7,7 ;     
08.07.2014 00:00:00   ;     7,8 ;     
09.07.2014 00:00:00   ;     7,6 ;     
10.07.2014 00:00:00   ;     7,6 ;     
11.07.2014 00:00:00   ;     7,6 ;     
12.07.2014 00:00:00   ;     7,7 ;     
13.07.2014 00:00:00   ;     7,7 ;     
14.07.2014 00:00:00   ;     7,7 ;     
15.07.2014 00:00:00   ;     7,8 ;     
16.07.2014 00:00:00   ;     7,8 ;     
17.07.2014 00:00:00   ;     7,9 ;     
18.07.2014 00:00:00   ;     7,9 ;     
19.07.2014 00:00:00   ;     8,0 ;     
20.07.2014 00:00:00   ;     8,1 ;     
21.07.2014 00:00:00   ;     7,9 ;     
22.07.2014 00:00:00   ;     7,8 ;     
23.07.2014 00:00:00   ;     7,8 ;     
24.07.2014 00:00:00   ;     7,8 ;     
25.07.2014 00:00:00   ;     7,7 ;     
26.07.2014 00:00:00   ;     7,9 ;     
27.07.2014 00:00:00   ;     7,9 ;     
28.07.2014 00:00:00   ;     7,9 ;     
29.07.2014 00:00:00   ;     8,0 ;     
30.07.2014 00:00:00   ;     7,9 ;     
31.07.2014 00:00:00   ;     7,6 ;     
01.08.2014 00:00:00   ;     7,3 ;     
02.08.2014 00:00:00   ;     7,4 ;     
03.08.2014 00:00:00   ;     7,5 ;     
04.08.2014 00:00:00   ;     7,5 ;     
05.08.2014 00:00:00   ;     7,6 ;     
06.08.2014 00:00:00   ;     7,7 ;     
07.08.2014 00:00:00   ;     7,7 ;     
08.08.2014 00:00:00   ;     7,9 ;     
09.08.2014 00:00:00   ;     7,8 ;     
10.08.2014 00:00:00   ;     7,9 ;     
11.08.2014 00:00:00   ;     7,8 ;     
12.08.2014 00:00:00   ;     7,8 ;     
13.08.2014 00:00:00   ;     7,9 ;     
14.08.2014 00:00:00   ;     7,9 ;     
15.08.2014 00:00:00   ;     7,8 ;     
16.08.2014 00:00:00   ;     7,8 ;     
17.08.2014 00:00:00   ;     7,8 ;     
18.08.2014 00:00:00   ;     7,8 ;     
19.08.2014 00:00:00   ;     7,8 ;     
20.08.2014 00:00:00   ;     7,7 ;     
21.08.2014 00:00:00   ;     7,8 ;     
22.08.2014 00:00:00   ;     7,8 ;     
23.08.2014 00:00:00   ;     7,8 ;     
24.08.2014 00:00:00   ;     7,7 ;     
25.08.2014 00:00:00   ;     7,7 ;     
26.08.2014 00:00:00   ;     7,7 ;     
27.08.2014 00:00:00   ;     7,7 ;     
28.08.2014 00:00:00   ;     7,8 ;     
29.08.2014 00:00:00   ;     7,8 ;     
30.08.2014 00:00:00   ;     7,8 ;     
31.08.2014 00:00:00   ;     7,8 ;     
01.09.2014 00:00:00   ;     7,5 ;     
02.09.2014 00:00:00   ;     7,3 ;     
03.09.2014 00:00:00   ;     7,3 ;     
04.09.2014 00:00:00   ;     7,4 ;     
05.09.2014 00:00:00   ;     7,5 ;     
06.09.2014 00:00:00   ;     7,6 ;     
07.09.2014 00:00:00   ;     7,7 ;     
08.09.2014 00:00:00   ;     7,7 ;     
09.09.2014 00:00:00   ;     7,8 ;     
10.09.2014 00:00:00   ;     7,9 ;     
11.09.2014 00:00:00   ;     7,8 ;     
12.09.2014 00:00:00   ;     7,7 ;     
13.09.2014 00:00:00   ;     7,5 ;     
14.09.2014 00:00:00   ;     7,3 ;     
15.09.2014 00:00:00   ;     7,4 ;     
16.09.2014 00:00:00   ;     7,5 ;     
17.09.2014 00:00:00   ;     7,5 ;     
18.09.2014 00:00:00   ;     7,6 ;     
19.09.2014 00:00:00   ;     7,7 ;     
20.09.2014 00:00:00   ;     7,8 ;     
21.09.2014 00:00:00   ;     7,8 ;     
22.09.2014 00:00:00   ;     7,6 ;     
23.09.2014 00:00:00   ;     7,3 ;     
24.09.2014 00:00:00   ;     7,3 ;     
25.09.2014 00:00:00   ;     7,3 ;     
26.09.2014 00:00:00   ;     7,4 ;     
27.09.2014 00:00:00   ;     7,5 ;     
28.09.2014 00:00:00   ;     7,5 ;     
29.09.2014 00:00:00   ;     7,5 ;     
30.09.2014 00:00:00   ;     7,6 ;     
01.10.2014 00:00:00   ;     7,6 ;     
02.10.2014 00:00:00   ;     7,7 ;     
03.10.2014 00:00:00   ;     7,7 ;     
04.10.2014 00:00:00   ;     7,7 ;     
05.10.2014 00:00:00   ;     7,7 ;     
06.10.2014 00:00:00   ;     7,7 ;     
07.10.2014 00:00:00   ;     7,7 ;     
08.10.2014 00:00:00   ;     7,8 ;     
09.10.2014 00:00:00   ;     7,8 ;     
10.10.2014 00:00:00   ;     7,9 ;     
11.10.2014 00:00:00   ;     7,9 ;     
12.10.2014 00:00:00   ;     7,9 ;     
13.10.2014 00:00:00   ;     7,9 ;     
14.10.2014 00:00:00   ;     7,9 ;     
15.10.2014 00:00:00   ;     7,9 ;     
16.10.2014 00:00:00   ;     7,9 ;     
17.10.2014 00:00:00   ;     7,9 ;     
18.10.2014 00:00:00   ;     7,9 ;     
19.10.2014 00:00:00   ;     7,8 ;     
20.10.2014 00:00:00   ;     7,9 ;     
21.10.2014 00:00:00   ;     7,9 ;     
22.10.2014 00:00:00   ;     7,5 ;     
23.10.2014 00:00:00   ;     7,4 ;     
24.10.2014 00:00:00   ;     7,4 ;     
25.10.2014 00:00:00   ;     7,2 ;     
26.10.2014 00:00:00   ;     7,3 ;     
27.10.2014 00:00:00   ;     7,3 ;     
28.10.2014 00:00:00   ;     7,3 ;     
29.10.2014 00:00:00   ;     7,3 ;     
30.10.2014 00:00:00   ;     7,4 ;     
31.10.2014 00:00:00   ;     7,4 ;     
01.11.2014 00:00:00   ;     7,3 ;     
02.11.2014 00:00:00   ;     7,4 ;     
03.11.2014 00:00:00   ;     7,4 ;     
04.11.2014 00:00:00   ;     7,4 ;     
05.11.2014 00:00:00   ;     7,5 ;     
06.11.2014 00:00:00   ;     7,6 ;     
07.11.2014 00:00:00   ;     7,6 ;     
08.11.2014 00:00:00   ;     7,6 ;     
09.11.2014 00:00:00   ;     7,6 ;     
10.11.2014 00:00:00   ;     7,6 ;     
11.11.2014 00:00:00   ;     7,7 ;     
12.11.2014 00:00:00   ;     7,7 ;     
13.11.2014 00:00:00   ;     7,6 ;     
14.11.2014 00:00:00   ;     7,7 ;     
15.11.2014 00:00:00   ;     7,6 ;     
16.11.2014 00:00:00   ;     7,6 ;     
17.11.2014 00:00:00   ;     7,5 ;     
18.11.2014 00:00:00   ;     7,6 ;     
19.11.2014 00:00:00   ;     7,6 ;     
20.11.2014 00:00:00   ;     7,6 ;     
21.11.2014 00:00:00   ;     7,6 ;     
22.11.2014 00:00:00   ;     7,6 ;     
23.11.2014 00:00:00   ;     7,5 ;     
24.11.2014 00:00:00   ;     7,5 ;     
25.11.2014 00:00:00   ;     7,6 ;     
26.11.2014 00:00:00   ;     7,5 ;     
27.11.2014 00:00:00   ;     7,4 ;     
28.11.2014 00:00:00   ;     7,4 ;     
29.11.2014 00:00:00   ;     7,3 ;     
30.11.2014 00:00:00   ;     7,3 ;     
01.12.2014 00:00:00   ;     7,4 ;     
02.12.2014 00:00:00   ;     7,3 ;     
03.12.2014 00:00:00   ;     7,2 ;     
04.12.2014 00:00:00   ;     7,2 ;     
05.12.2014 00:00:00   ;     7,2 ;     
06.12.2014 00:00:00   ;     7,2 ;     
07.12.2014 00:00:00   ;     7,1 ;     
08.12.2014 00:00:00   ;     7,0 ;     
09.12.2014 00:00:00   ;     6,7 ;     
10.12.2014 00:00:00   ;     6,1 ;     
11.12.2014 00:00:00   ;     6,5 ;     
12.12.2014 00:00:00   ;     6,3 ;     
13.12.2014 00:00:00   ;     6,4 ;     
14.12.2014 00:00:00   ;     6,5 ;     
15.12.2014 00:00:00   ;     6,8 ;     
16.12.2014 00:00:00   ;     6,9 ;     
17.12.2014 00:00:00   ;     7,3 ;     
18.12.2014 00:00:00   ;     7,4 ;     
19.12.2014 00:00:00   ;     7,4 ;     
20.12.2014 00:00:00   ;     7,4 ;     
21.12.2014 00:00:00   ;     7,2 ;     
22.12.2014 00:00:00   ;     7,3 ;     
23.12.2014 00:00:00   ;     7,4 ;     
24.12.2014 00:00:00   ;     7,2 ;     
25.12.2014 00:00:00   ;     7,3 ;     
26.12.2014 00:00:00   ;     7,2 ;     
27.12.2014 00:00:00   ;     7,1 ;     
28.12.2014 00:00:00   ;     7,0 ;     
29.12.2014 00:00:00   ;     6,8 ;     
30.12.2014 00:00:00   ;     6,7 ;     
31.12.2014 00:00:00   ;     6,9 ;     
01.01.2015 00:00:00   ;     7,1 ;     
02.01.2015 00:00:00   ;     7,0 ;     
03.01.2015 00:00:00   ;     7,3 ;     
04.01.2015 00:00:00   ;     7,0 ;     
05.01.2015 00:00:00   ;     7,1 ;     
06.01.2015 00:00:00   ;     7,2 ;     
07.01.2015 00:00:00   ;     7,2 ;     
08.01.2015 00:00:00   ;     7,3 ;     
09.01.2015 00:00:00   ;     7,2 ;     
10.01.2015 00:00:00   ;     7,1 ;     
11.01.2015 00:00:00   ;     6,9 ;     
12.01.2015 00:00:00   ;     6,8 ;     
13.01.2015 00:00:00   ;     6,9 ;     
14.01.2015 00:00:00   ;     7,0 ;     
15.01.2015 00:00:00   ;     7,1 ;     
16.01.2015 00:00:00   ;     7,1 ;     
17.01.2015 00:00:00   ;     7,2 ;     
18.01.2015 00:00:00   ;     7,2 ;     
19.01.2015 00:00:00   ;     7,2 ;     
20.01.2015 00:00:00   ;     7,1 ;     
21.01.2015 00:00:00   ;     7,1 ;     
22.01.2015 00:00:00   ;     7,2 ;     
23.01.2015 00:00:00   ;     7,2 ;     
24.01.2015 00:00:00   ;     7,2 ;     
25.01.2015 00:00:00   ;     7,0 ;     
26.01.2015 00:00:00   ;     7,0 ;     
27.01.2015 00:00:00   ;     6,8 ;     
28.01.2015 00:00:00   ;     7,0 ;     
29.01.2015 00:00:00   ;     7,0 ;     
30.01.2015 00:00:00   ;     7,0 ;     
31.01.2015 00:00:00   ;     7,0 ;     
01.02.2015 00:00:00   ;     7,0 ;     
02.02.2015 00:00:00   ;     6,9 ;     
03.02.2015 00:00:00   ;     6,8 ;     
04.02.2015 00:00:00   ;     6,9 ;     
05.02.2015 00:00:00   ;     7,0 ;     
06.02.2015 00:00:00   ;     6,8 ;     
07.02.2015 00:00:00   ;     6,8 ;     
08.02.2015 00:00:00   ;     6,6 ;     
09.02.2015 00:00:00   ;     6,8 ;     
10.02.2015 00:00:00   ;     7,2 ;     
11.02.2015 00:00:00   ;     6,9 ;     
12.02.2015 00:00:00   ;     7,0 ;     
13.02.2015 00:00:00   ;     7,1 ;     
14.02.2015 00:00:00   ;     7,1 ;     
15.02.2015 00:00:00   ;     7,1 ;     
16.02.2015 00:00:00   ;     7,2 ;     
17.02.2015 00:00:00   ;     7,2 ;     
18.02.2015 00:00:00   ;     7,2 ;     
19.02.2015 00:00:00   ;     7,1 ;     
20.02.2015 00:00:00   ;     7,2 ;     
21.02.2015 00:00:00   ;     7,3 ;     
22.02.2015 00:00:00   ;     7,3 ;     
23.02.2015 00:00:00   ;     7,3 ;     
24.02.2015 00:00:00   ;     7,3 ;     
25.02.2015 00:00:00   ;     7,3 ;     
26.02.2015 00:00:00   ;     7,3 ;     
27.02.2015 00:00:00   ;     7,2 ;     
28.02.2015 00:00:00   ;     7,3 ;     
01.03.2015 00:00:00   ;     7,3 ;     
02.03.2015 00:00:00   ;     7,1 ;     
03.03.2015 00:00:00   ;     7,1 ;     
04.03.2015 00:00:00   ;     7,1 ;     
05.03.2015 00:00:00   ;     7,0 ;     
06.03.2015 00:00:00   ;     7,1 ;     
07.03.2015 00:00:00   ;     7,2 ;     
08.03.2015 00:00:00   ;     7,1 ;     
09.03.2015 00:00:00   ;     7,2 ;     
10.03.2015 00:00:00   ;     7,2 ;     
11.03.2015 00:00:00   ;     7,2 ;     
12.03.2015 00:00:00   ;     7,2 ;     
13.03.2015 00:00:00   ;     7,2 ;     
14.03.2015 00:00:00   ;     7,2 ;     
15.03.2015 00:00:00   ;     7,2 ;     
16.03.2015 00:00:00   ;     7,4 ;     
17.03.2015 00:00:00   ;     7,4 ;     
18.03.2015 00:00:00   ;     7,3 ;     
19.03.2015 00:00:00   ;     7,2 ;     
20.03.2015 00:00:00   ;     7,2 ;     
21.03.2015 00:00:00   ;     7,1 ;     
22.03.2015 00:00:00   ;     7,2 ;     
23.03.2015 00:00:00   ;     7,2 ;     
24.03.2015 00:00:00   ;     7,2 ;     
25.03.2015 00:00:00   ;     7,1 ;     
26.03.2015 00:00:00   ;     7,2 ;     
27.03.2015 00:00:00   ;     7,2 ;     
28.03.2015 00:00:00   ;     7,1 ;     
29.03.2015 00:00:00   ;     7,2 ;     
30.03.2015 00:00:00   ;     7,0 ;     
31.03.2015 00:00:00   ;     6,8 ;     
01.04.2015 00:00:00   ;     6,7 ;     
02.04.2015 00:00:00   ;     6,6 ;     
03.04.2015 00:00:00   ;     6,9 ;     
04.04.2015 00:00:00   ;     7,0 ;     
05.04.2015 00:00:00   ;     7,0 ;     
06.04.2015 00:00:00   ;     7,0 ;     
07.04.2015 00:00:00   ;     7,0 ;     
08.04.2015 00:00:00   ;     7,1 ;     
09.04.2015 00:00:00   ;     7,2 ;     
10.04.2015 00:00:00   ;     7,2 ;     
11.04.2015 00:00:00   ;     7,1 ;     
12.04.2015 00:00:00   ;     7,0 ;     
13.04.2015 00:00:00   ;     6,9 ;     
14.04.2015 00:00:00   ;     6,9 ;     
15.04.2015 00:00:00   ;     6,9 ;     
16.04.2015 00:00:00   ;     6,8 ;     
17.04.2015 00:00:00   ;     6,8 ;     
18.04.2015 00:00:00   ;     6,7 ;     
19.04.2015 00:00:00   ;     6,8 ;     
20.04.2015 00:00:00   ;     6,9 ;     
21.04.2015 00:00:00   ;     7,0 ;     
22.04.2015 00:00:00   ;     7,1 ;     
23.04.2015 00:00:00   ;     7,0 ;     
24.04.2015 00:00:00   ;     7,0 ;     
25.04.2015 00:00:00   ;     7,0 ;     
26.04.2015 00:00:00   ;     7,1 ;     
27.04.2015 00:00:00   ;     7,0 ;     
28.04.2015 00:00:00   ;     6,9 ;     
29.04.2015 00:00:00   ;     7,0 ;     
30.04.2015 00:00:00   ;     7,0 ;     
01.05.2015 00:00:00   ;     7,1 ;     
02.05.2015 00:00:00   ;     7,2 ;     
03.05.2015 00:00:00   ;     7,2 ;     
04.05.2015 00:00:00   ;     7,2 ;     
05.05.2015 00:00:00   ;     7,2 ;     
06.05.2015 00:00:00   ;     7,1 ;     
07.05.2015 00:00:00   ;     7,1 ;     
08.05.2015 00:00:00   ;     7,2 ;     
09.05.2015 00:00:00   ;     7,1 ;     
10.05.2015 00:00:00   ;     7,2 ;     
11.05.2015 00:00:00   ;     7,3 ;     
12.05.2015 00:00:00   ;     7,4 ;     
13.05.2015 00:00:00   ;     7,4 ;     
14.05.2015 00:00:00   ;     7,4 ;     
15.05.2015 00:00:00   ;     7,3 ;     
16.05.2015 00:00:00   ;     7,3 ;     
17.05.2015 00:00:00   ;     7,3 ;     
18.05.2015 00:00:00   ;     7,4 ;     
19.05.2015 00:00:00   ;     7,4 ;     
20.05.2015 00:00:00   ;     7,4 ;     
21.05.2015 00:00:00   ;     7,4 ;     
22.05.2015 00:00:00   ;     7,3 ;     
23.05.2015 00:00:00   ;     7,1 ;     
24.05.2015 00:00:00   ;     6,9 ;     
25.05.2015 00:00:00   ;     7,0 ;     
26.05.2015 00:00:00   ;     7,1 ;     
27.05.2015 00:00:00   ;     7,1 ;     
28.05.2015 00:00:00   ;     7,2 ;     
29.05.2015 00:00:00   ;     7,3 ;     
30.05.2015 00:00:00   ;     7,3 ;     
31.05.2015 00:00:00   ;     7,5 ;     
01.06.2015 00:00:00   ;     7,6 ;     
02.06.2015 00:00:00   ;     7,5 ;     
03.06.2015 00:00:00   ;     7,6 ;     
04.06.2015 00:00:00   ;     7,7 ;     
05.06.2015 00:00:00   ;     7,6 ;     
06.06.2015 00:00:00   ;     7,7 ;     
07.06.2015 00:00:00   ;     7,9 ;     
08.06.2015 00:00:00   ;     7,7 ;     
09.06.2015 00:00:00   ;     7,6 ;     
10.06.2015 00:00:00   ;     7,8 ;     
11.06.2015 00:00:00   ;     7,7 ;     
12.06.2015 00:00:00   ;     7,8 ;     
13.06.2015 00:00:00   ;     7,8 ;     
14.06.2015 00:00:00   ;     7,9 ;     
15.06.2015 00:00:00   ;     7,8 ;     
16.06.2015 00:00:00   ;     7,7 ;     
17.06.2015 00:00:00   ;     7,7 ;     
18.06.2015 00:00:00   ;     7,5 ;     
19.06.2015 00:00:00   ;     7,5 ;     
20.06.2015 00:00:00   ;     7,4 ;     
21.06.2015 00:00:00   ;     7,3 ;     
22.06.2015 00:00:00   ;     7,4 ;     
23.06.2015 00:00:00   ;     7,3 ;     
24.06.2015 00:00:00   ;     7,2 ;     
25.06.2015 00:00:00   ;     7,3 ;     
26.06.2015 00:00:00   ;     7,5 ;     
27.06.2015 00:00:00   ;     7,4 ;     
28.06.2015 00:00:00   ;     7,5 ;     
29.06.2015 00:00:00   ;     7,3 ;     
30.06.2015 00:00:00   ;     7,4 ;     
01.07.2015 00:00:00   ;     7,6 ;     
02.07.2015 00:00:00   ;     7,7 ;     
03.07.2015 00:00:00   ;     7,7 ;     
04.07.2015 00:00:00   ;     7,7 ;     
05.07.2015 00:00:00   ;     7,9 ;     
06.07.2015 00:00:00   ;     7,8 ;     
07.07.2015 00:00:00   ;     8,1 ;     
08.07.2015 00:00:00   ;     7,8 ;     
09.07.2015 00:00:00   ;     7,8 ;     
10.07.2015 00:00:00   ;     7,9 ;     
11.07.2015 00:00:00   ;     7,8 ;     
12.07.2015 00:00:00   ;     8,0 ;     
13.07.2015 00:00:00   ;     7,8 ;     
14.07.2015 00:00:00   ;     7,9 ;     
15.07.2015 00:00:00   ;     8,0 ;     
16.07.2015 00:00:00   ;     8,2 ;     
17.07.2015 00:00:00   ;     8,3 ;     
18.07.2015 00:00:00   ;     8,4 ;     
19.07.2015 00:00:00   ;     8,4 ;     
20.07.2015 00:00:00   ;     8,2 ;     
21.07.2015 00:00:00   ;     8,1 ;     
22.07.2015 00:00:00   ;     8,3 ;     
23.07.2015 00:00:00   ;     8,4 ;     
24.07.2015 00:00:00   ;     8,7 ;     
25.07.2015 00:00:00   ;     8,3 ;     
26.07.2015 00:00:00   ;     8,0 ;     
27.07.2015 00:00:00   ;     8,0 ;     
28.07.2015 00:00:00   ;     7,9 ;     
29.07.2015 00:00:00   ;     8,0 ;     
30.07.2015 00:00:00   ;     7,9 ;     
31.07.2015 00:00:00   ;     7,9 ;     
01.08.2015 00:00:00   ;     8,1 ;     
02.08.2015 00:00:00   ;     7,9 ;     
03.08.2015 00:00:00   ;     8,1 ;     
04.08.2015 00:00:00   ;     8,2 ;     
05.08.2015 00:00:00   ;     8,5 ;     
06.08.2015 00:00:00   ;     8,4 ;     
07.08.2015 00:00:00   ;     8,4 ;     
08.08.2015 00:00:00   ;     8,7 ;     
09.08.2015 00:00:00   ;     9,1 ;     
10.08.2015 00:00:00   ;     9,3 ;     
11.08.2015 00:00:00   ;     9,3 ;     
12.08.2015 00:00:00   ;     8,9 ;     
13.08.2015 00:00:00   ;     9,4 ;     
14.08.2015 00:00:00   ;    10,0 ;     
15.08.2015 00:00:00   ;     9,7 ;     
16.08.2015 00:00:00   ;     9,0 ;     
17.08.2015 00:00:00   ;     8,3 ;     
18.08.2015 00:00:00   ;     8,1 ;     
19.08.2015 00:00:00   ;     8,2 ;     
20.08.2015 00:00:00   ;     8,0 ;     
21.08.2015 00:00:00   ;     8,0 ;     
22.08.2015 00:00:00   ;     8,0 ;     
23.08.2015 00:00:00   ;     8,0 ;     
24.08.2015 00:00:00   ;     8,3 ;     
25.08.2015 00:00:00   ;     8,2 ;     
26.08.2015 00:00:00   ;     8,5 ;     
27.08.2015 00:00:00   ;     8,5 ;     
28.08.2015 00:00:00   ;     9,6 ;     
29.08.2015 00:00:00   ;     8,9 ;     
30.08.2015 00:00:00   ;Lücke    ;     
31.08.2015 00:00:00   ;Lücke    ;     
01.09.2015 00:00:00   ;Lücke    ;     
02.09.2015 00:00:00   ;Lücke    ;     
03.09.2015 00:00:00   ;     8,4 ;     
04.09.2015 00:00:00   ;     8,1 ;     
05.09.2015 00:00:00   ;     8,0 ;     
06.09.2015 00:00:00   ;     7,8 ;     
07.09.2015 00:00:00   ;     7,6 ;     
08.09.2015 00:00:00   ;     7,6 ;     
09.09.2015 00:00:00   ;     7,6 ;     
10.09.2015 00:00:00   ;     7,6 ;     
11.09.2015 00:00:00   ;     7,7 ;     
12.09.2015 00:00:00   ;     7,8 ;     
13.09.2015 00:00:00   ;     7,9 ;     
14.09.2015 00:00:00   ;     7,9 ;     
15.09.2015 00:00:00   ;     8,1 ;     
16.09.2015 00:00:00   ;     8,2 ;     
17.09.2015 00:00:00   ;     8,3 ;     
18.09.2015 00:00:00   ;     8,0 ;     
19.09.2015 00:00:00   ;     7,8 ;     
20.09.2015 00:00:00   ;Lücke    ;     
21.09.2015 00:00:00   ;Lücke    ;     
22.09.2015 00:00:00   ;Lücke    ;     
23.09.2015 00:00:00   ;Lücke    ;     
24.09.2015 00:00:00   ;     7,7 ;     
25.09.2015 00:00:00   ;     7,8 ;     
26.09.2015 00:00:00   ;     7,9 ;     
27.09.2015 00:00:00   ;     7,8 ;     
28.09.2015 00:00:00   ;     7,7 ;     
29.09.2015 00:00:00   ;     7,6 ;     
30.09.2015 00:00:00   ;     7,5 ;     
01.10.2015 00:00:00   ;Lücke    ;     
02.10.2015 00:00:00   ;Lücke    ;     
03.10.2015 00:00:00   ;Lücke    ;     
04.10.2015 00:00:00   ;Lücke    ;     
05.10.2015 00:00:00   ;Lücke    ;     
06.10.2015 00:00:00   ;Lücke    ;     
07.10.2015 00:00:00   ;     7,9 ;     
08.10.2015 00:00:00   ;     7,7 ;     
09.10.2015 00:00:00   ;     7,5 ;     
10.10.2015 00:00:00   ;     7,6 ;     
11.10.2015 00:00:00   ;     7,6 ;     
12.10.2015 00:00:00   ;     7,6 ;     
13.10.2015 00:00:00   ;     7,6 ;     
14.10.2015 00:00:00   ;     7,6 ;     
15.10.2015 00:00:00   ;     7,7 ;     
16.10.2015 00:00:00   ;     7,6 ;     
17.10.2015 00:00:00   ;     7,7 ;     
18.10.2015 00:00:00   ;     7,8 ;     
19.10.2015 00:00:00   ;     7,7 ;     
20.10.2015 00:00:00   ;     7,7 ;     
21.10.2015 00:00:00   ;     7,7 ;     
22.10.2015 00:00:00   ;     7,6 ;     
23.10.2015 00:00:00   ;     7,6 ;     
24.10.2015 00:00:00   ;     7,6 ;     
25.10.2015 00:00:00   ;     7,6 ;     
26.10.2015 00:00:00   ;     7,6 ;     
27.10.2015 00:00:00   ;     7,5 ;     
28.10.2015 00:00:00   ;     7,5 ;     
29.10.2015 00:00:00   ;     7,6 ;     
30.10.2015 00:00:00   ;     7,7 ;     
31.10.2015 00:00:00   ;     7,6 ;     
01.11.2015 00:00:00   ;Lücke    ;     
02.11.2015 00:00:00   ;Lücke    ;     
03.11.2015 00:00:00   ;Lücke    ;     
04.11.2015 00:00:00   ;Lücke    ;     
05.11.2015 00:00:00   ;Lücke    ;     
06.11.2015 00:00:00   ;Lücke    ;     
07.11.2015 00:00:00   ;Lücke    ;     
08.11.2015 00:00:00   ;Lücke    ;     
09.11.2015 00:00:00   ;Lücke    ;     
10.11.2015 00:00:00   ;Lücke    ;     
11.11.2015 00:00:00   ;Lücke    ;     
12.11.2015 00:00:00   ;Lücke    ;     
13.11.2015 00:00:00   ;Lücke    ;     
14.11.2015 00:00:00   ;Lücke    ;     
15.11.2015 00:00:00   ;Lücke    ;     
16.11.2015 00:00:00   ;Lücke    ;     
17.11.2015 00:00:00   ;Lücke    ;     
18.11.2015 00:00:00   ;Lücke    ;     
19.11.2015 00:00:00   ;Lücke    ;     
20.11.2015 00:00:00   ;Lücke    ;     
21.11.2015 00:00:00   ;     7,6 ;     
22.11.2015 00:00:00   ;     7,4 ;     
23.11.2015 00:00:00   ;     7,1 ;     
24.11.2015 00:00:00   ;     6,9 ;     
25.11.2015 00:00:00   ;Lücke    ;     
26.11.2015 00:00:00   ;Lücke    ;     
27.11.2015 00:00:00   ;Lücke    ;     
28.11.2015 00:00:00   ;Lücke    ;     
29.11.2015 00:00:00   ;     7,2 ;     
30.11.2015 00:00:00   ;     7,2 ;     
01.12.2015 00:00:00   ;     7,3 ;     
02.12.2015 00:00:00   ;     7,2 ;     
03.12.2015 00:00:00   ;     7,1 ;     
04.12.2015 00:00:00   ;     7,1 ;     
05.12.2015 00:00:00   ;     7,2 ;     
06.12.2015 00:00:00   ;     7,2 ;     
07.12.2015 00:00:00   ;     7,2 ;     
08.12.2015 00:00:00   ;     7,2 ;     
09.12.2015 00:00:00   ;     7,2 ;     
10.12.2015 00:00:00   ;     7,3 ;     
11.12.2015 00:00:00   ;     7,1 ;     
12.12.2015 00:00:00   ;     7,2 ;     
13.12.2015 00:00:00   ;     7,2 ;     
14.12.2015 00:00:00   ;     7,2 ;     
15.12.2015 00:00:00   ;     7,3 ;     
16.12.2015 00:00:00   ;     7,4 ;     
17.12.2015 00:00:00   ;     7,4 ;     
18.12.2015 00:00:00   ;     7,4 ;     
19.12.2015 00:00:00   ;     7,4 ;     
20.12.2015 00:00:00   ;     7,3 ;     
21.12.2015 00:00:00   ;     7,3 ;     
22.12.2015 00:00:00   ;     7,3 ;     
23.12.2015 00:00:00   ;     7,2 ;     
24.12.2015 00:00:00   ;     7,2 ;     
25.12.2015 00:00:00   ;     7,2 ;     
26.12.2015 00:00:00   ;     7,1 ;     
27.12.2015 00:00:00   ;     7,0 ;     
28.12.2015 00:00:00   ;     6,9 ;     
29.12.2015 00:00:00   ;     6,7 ;     
30.12.2015 00:00:00   ;     6,5 ;     
31.12.2015 00:00:00   ;     6,2 ;     
01.01.2016 00:00:00   ;     6,7 ;     
02.01.2016 00:00:00   ;     6,6 ;     
03.01.2016 00:00:00   ;     5,8 ;     
04.01.2016 00:00:00   ;     6,2 ;     
05.01.2016 00:00:00   ;     6,6 ;     
06.01.2016 00:00:00   ;     6,3 ;     
07.01.2016 00:00:00   ;     5,8 ;     
08.01.2016 00:00:00   ;     6,5 ;     
09.01.2016 00:00:00   ;     7,0 ;     
10.01.2016 00:00:00   ;     7,3 ;     
11.01.2016 00:00:00   ;     7,3 ;     
12.01.2016 00:00:00   ;     7,4 ;     
13.01.2016 00:00:00   ;     7,3 ;     
14.01.2016 00:00:00   ;     7,2 ;     
15.01.2016 00:00:00   ;     7,2 ;     
16.01.2016 00:00:00   ;     7,1 ;     
17.01.2016 00:00:00   ;     6,9 ;     
18.01.2016 00:00:00   ;     6,8 ;     
19.01.2016 00:00:00   ;     6,7 ;     
20.01.2016 00:00:00   ;     6,9 ;     
21.01.2016 00:00:00   ;     6,7 ;     
22.01.2016 00:00:00   ;     6,3 ;     
23.01.2016 00:00:00   ;     6,5 ;     
24.01.2016 00:00:00   ;     7,2 ;     
25.01.2016 00:00:00   ;     7,2 ;     
26.01.2016 00:00:00   ;     7,0 ;     
27.01.2016 00:00:00   ;     7,1 ;     
28.01.2016 00:00:00   ;     7,1 ;     
29.01.2016 00:00:00   ;     7,1 ;     
30.01.2016 00:00:00   ;     7,0 ;     
31.01.2016 00:00:00   ;     7,0 ;     
01.02.2016 00:00:00   ;     7,0 ;     
02.02.2016 00:00:00   ;     6,8 ;     
03.02.2016 00:00:00   ;     6,8 ;     
04.02.2016 00:00:00   ;     6,8 ;     
05.02.2016 00:00:00   ;     6,9 ;     
06.02.2016 00:00:00   ;     7,0 ;     
07.02.2016 00:00:00   ;     7,0 ;     
08.02.2016 00:00:00   ;     7,1 ;     
09.02.2016 00:00:00   ;     7,1 ;     
10.02.2016 00:00:00   ;     7,0 ;     
11.02.2016 00:00:00   ;     7,0 ;     
12.02.2016 00:00:00   ;     7,0 ;     
13.02.2016 00:00:00   ;     7,0 ;     
14.02.2016 00:00:00   ;     7,0 ;     
15.02.2016 00:00:00   ;     7,0 ;     
16.02.2016 00:00:00   ;     7,1 ;     
17.02.2016 00:00:00   ;     7,1 ;     
18.02.2016 00:00:00   ;     7,1 ;     
19.02.2016 00:00:00   ;     7,1 ;     
20.02.2016 00:00:00   ;     7,1 ;     
21.02.2016 00:00:00   ;     7,0 ;     
22.02.2016 00:00:00   ;     6,8 ;     
23.02.2016 00:00:00   ;     6,8 ;     
24.02.2016 00:00:00   ;     6,8 ;     
25.02.2016 00:00:00   ;     6,8 ;     
26.02.2016 00:00:00   ;     6,9 ;     
27.02.2016 00:00:00   ;     6,9 ;     
28.02.2016 00:00:00   ;     7,0 ;     
29.02.2016 00:00:00   ;     7,1 ;     
01.03.2016 00:00:00   ;     7,1 ;     
02.03.2016 00:00:00   ;     7,1 ;     
03.03.2016 00:00:00   ;     7,1 ;     
04.03.2016 00:00:00   ;     7,1 ;     
05.03.2016 00:00:00   ;     7,2 ;     
06.03.2016 00:00:00   ;     7,2 ;     
07.03.2016 00:00:00   ;     7,1 ;     
08.03.2016 00:00:00   ;     7,1 ;     
09.03.2016 00:00:00   ;     7,1 ;     
10.03.2016 00:00:00   ;     7,1 ;     
11.03.2016 00:00:00   ;     7,2 ;     
12.03.2016 00:00:00   ;     7,2 ;     
13.03.2016 00:00:00   ;     7,2 ;     
14.03.2016 00:00:00   ;     7,2 ;     
15.03.2016 00:00:00   ;     7,0 ;     
16.03.2016 00:00:00   ;     7,0 ;     
17.03.2016 00:00:00   ;     7,0 ;     
18.03.2016 00:00:00   ;     7,1 ;     
19.03.2016 00:00:00   ;     7,3 ;     
20.03.2016 00:00:00   ;     7,3 ;     
21.03.2016 00:00:00   ;     7,3 ;     
22.03.2016 00:00:00   ;     7,3 ;     
23.03.2016 00:00:00   ;     7,2 ;     
24.03.2016 00:00:00   ;     7,2 ;     
25.03.2016 00:00:00   ;     7,3 ;     
26.03.2016 00:00:00   ;     7,3 ;     
27.03.2016 00:00:00   ;     7,4 ;     
28.03.2016 00:00:00   ;     7,4 ;     
29.03.2016 00:00:00   ;     7,4 ;     
30.03.2016 00:00:00   ;     7,3 ;     
31.03.2016 00:00:00   ;     7,3 ;     
01.04.2016 00:00:00   ;     7,2 ;     
02.04.2016 00:00:00   ;     7,2 ;     
03.04.2016 00:00:00   ;     7,1 ;     
04.04.2016 00:00:00   ;     7,1 ;     
05.04.2016 00:00:00   ;     7,2 ;     
06.04.2016 00:00:00   ;     7,1 ;     
07.04.2016 00:00:00   ;     7,1 ;     
08.04.2016 00:00:00   ;     7,1 ;     
09.04.2016 00:00:00   ;     7,1 ;     
10.04.2016 00:00:00   ;     7,2 ;     
11.04.2016 00:00:00   ;     7,2 ;     
12.04.2016 00:00:00   ;     7,2 ;     
13.04.2016 00:00:00   ;     7,3 ;     
14.04.2016 00:00:00   ;     7,3 ;     
15.04.2016 00:00:00   ;     7,1 ;     
16.04.2016 00:00:00   ;     7,1 ;     
17.04.2016 00:00:00   ;     7,3 ;     
18.04.2016 00:00:00   ;     7,3 ;     
19.04.2016 00:00:00   ;     7,2 ;     
20.04.2016 00:00:00   ;     7,1 ;     
21.04.2016 00:00:00   ;     7,1 ;     
22.04.2016 00:00:00   ;     7,3 ;     
23.04.2016 00:00:00   ;     7,3 ;     
24.04.2016 00:00:00   ;     7,1 ;     
25.04.2016 00:00:00   ;     7,1 ;     
26.04.2016 00:00:00   ;     7,3 ;     
27.04.2016 00:00:00   ;     7,2 ;     
28.04.2016 00:00:00   ;     7,2 ;     
29.04.2016 00:00:00   ;     7,3 ;     
30.04.2016 00:00:00   ;     7,4 ;     
01.05.2016 00:00:00   ;     7,3 ;     
02.05.2016 00:00:00   ;     7,2 ;     
03.05.2016 00:00:00   ;     7,0 ;     
04.05.2016 00:00:00   ;     7,0 ;     
05.05.2016 00:00:00   ;     7,1 ;     
06.05.2016 00:00:00   ;     7,1 ;     
07.05.2016 00:00:00   ;     7,1 ;     
08.05.2016 00:00:00   ;     7,2 ;     
09.05.2016 00:00:00   ;     7,3 ;     
10.05.2016 00:00:00   ;     7,3 ;     
11.05.2016 00:00:00   ;     7,4 ;     
12.05.2016 00:00:00   ;     7,3 ;     
13.05.2016 00:00:00   ;     7,1 ;     
14.05.2016 00:00:00   ;     7,0 ;     
15.05.2016 00:00:00   ;     6,9 ;     
16.05.2016 00:00:00   ;     7,0 ;     
17.05.2016 00:00:00   ;     7,1 ;     
18.05.2016 00:00:00   ;     7,2 ;     
19.05.2016 00:00:00   ;     7,2 ;     
20.05.2016 00:00:00   ;     7,2 ;     
21.05.2016 00:00:00   ;     7,3 ;     
22.05.2016 00:00:00   ;     7,4 ;     
23.05.2016 00:00:00   ;     7,4 ;     
24.05.2016 00:00:00   ;     7,3 ;     
25.05.2016 00:00:00   ;     7,2 ;     
26.05.2016 00:00:00   ;     7,3 ;     
27.05.2016 00:00:00   ;     7,4 ;     
28.05.2016 00:00:00   ;     7,5 ;     
29.05.2016 00:00:00   ;     7,5 ;     
30.05.2016 00:00:00   ;     7,4 ;     
31.05.2016 00:00:00   ;     7,5 ;     
01.06.2016 00:00:00   ;     7,5 ;     
02.06.2016 00:00:00   ;     7,5 ;     
03.06.2016 00:00:00   ;     7,6 ;     
04.06.2016 00:00:00   ;     7,6 ;     
05.06.2016 00:00:00   ;     7,6 ;     
06.06.2016 00:00:00   ;     7,7 ;     
07.06.2016 00:00:00   ;     7,7 ;     
08.06.2016 00:00:00   ;     7,6 ;     
09.06.2016 00:00:00   ;     7,5 ;     
10.06.2016 00:00:00   ;     7,6 ;     
11.06.2016 00:00:00   ;     7,5 ;     
12.06.2016 00:00:00   ;     7,5 ;     
13.06.2016 00:00:00   ;     7,6 ;     
14.06.2016 00:00:00   ;     7,5 ;     
15.06.2016 00:00:00   ;     7,5 ;     
16.06.2016 00:00:00   ;     7,5 ;     
17.06.2016 00:00:00   ;     7,5 ;     
18.06.2016 00:00:00   ;     7,6 ;     
19.06.2016 00:00:00   ;     7,6 ;     
20.06.2016 00:00:00   ;     7,6 ;     
21.06.2016 00:00:00   ;     7,4 ;     
22.06.2016 00:00:00   ;     7,5 ;     
23.06.2016 00:00:00   ;     7,7 ;     
24.06.2016 00:00:00   ;     7,8 ;     
25.06.2016 00:00:00   ;     7,8 ;     
26.06.2016 00:00:00   ;     7,8 ;     
27.06.2016 00:00:00   ;     7,7 ;     
28.06.2016 00:00:00   ;     7,8 ;     
29.06.2016 00:00:00   ;     7,8 ;     
30.06.2016 00:00:00   ;     7,8 ;     
01.07.2016 00:00:00   ;     7,9 ;     
02.07.2016 00:00:00   ;     7,8 ;     
03.07.2016 00:00:00   ;     7,4 ;     
04.07.2016 00:00:00   ;     7,4 ;     
05.07.2016 00:00:00   ;     7,5 ;     
06.07.2016 00:00:00   ;     7,6 ;     
07.07.2016 00:00:00   ;     7,7 ;     
08.07.2016 00:00:00   ;     7,8 ;     
09.07.2016 00:00:00   ;     7,8 ;     
10.07.2016 00:00:00   ;     7,9 ;     
11.07.2016 00:00:00   ;     8,0 ;     
12.07.2016 00:00:00   ;     7,9 ;     
13.07.2016 00:00:00   ;     7,4 ;     
14.07.2016 00:00:00   ;     7,3 ;     
15.07.2016 00:00:00   ;     7,2 ;     
16.07.2016 00:00:00   ;     7,3 ;     
17.07.2016 00:00:00   ;     7,4 ;     
18.07.2016 00:00:00   ;     7,5 ;     
19.07.2016 00:00:00   ;     7,5 ;     
20.07.2016 00:00:00   ;     7,6 ;     
21.07.2016 00:00:00   ;     7,6 ;     
22.07.2016 00:00:00   ;     7,8 ;     
23.07.2016 00:00:00   ;     7,9 ;     
24.07.2016 00:00:00   ;     7,9 ;     
25.07.2016 00:00:00   ;     7,9 ;     
26.07.2016 00:00:00   ;     7,8 ;     
27.07.2016 00:00:00   ;     7,7 ;     
28.07.2016 00:00:00   ;     7,4 ;     
29.07.2016 00:00:00   ;     7,5 ;     
30.07.2016 00:00:00   ;     7,6 ;     
31.07.2016 00:00:00   ;     7,7 ;     
01.08.2016 00:00:00   ;     7,7 ;     
02.08.2016 00:00:00   ;     7,6 ;     
03.08.2016 00:00:00   ;     7,7 ;     
04.08.2016 00:00:00   ;     7,8 ;     
05.08.2016 00:00:00   ;     7,7 ;     
06.08.2016 00:00:00   ;     7,4 ;     
07.08.2016 00:00:00   ;     7,5 ;     
08.08.2016 00:00:00   ;     7,6 ;     
09.08.2016 00:00:00   ;     7,6 ;     
10.08.2016 00:00:00   ;     7,6 ;     
11.08.2016 00:00:00   ;     7,4 ;     
12.08.2016 00:00:00   ;     7,4 ;     
13.08.2016 00:00:00   ;     7,5 ;     
14.08.2016 00:00:00   ;     7,5 ;     
15.08.2016 00:00:00   ;     7,5 ;     
16.08.2016 00:00:00   ;     7,7 ;     
17.08.2016 00:00:00   ;     7,7 ;     
18.08.2016 00:00:00   ;     7,7 ;     
19.08.2016 00:00:00   ;     7,9 ;     
20.08.2016 00:00:00   ;     8,0 ;     
21.08.2016 00:00:00   ;     7,9 ;     
22.08.2016 00:00:00   ;     7,9 ;     
23.08.2016 00:00:00   ;     7,9 ;     
24.08.2016 00:00:00   ;     7,9 ;     
25.08.2016 00:00:00   ;     8,1 ;     
26.08.2016 00:00:00   ;     8,0 ;     
27.08.2016 00:00:00   ;     8,1 ;     
28.08.2016 00:00:00   ;     8,1 ;     
29.08.2016 00:00:00   ;     8,0 ;     
30.08.2016 00:00:00   ;     8,2 ;     
31.08.2016 00:00:00   ;     8,1 ;     
01.09.2016 00:00:00   ;     8,1 ;     
02.09.2016 00:00:00   ;     8,1 ;     
03.09.2016 00:00:00   ;     8,2 ;     
04.09.2016 00:00:00   ;     8,3 ;     
05.09.2016 00:00:00   ;     8,1 ;     
06.09.2016 00:00:00   ;     7,7 ;     
07.09.2016 00:00:00   ;     7,5 ;     
08.09.2016 00:00:00   ;     7,6 ;     
09.09.2016 00:00:00   ;     7,7 ;     
10.09.2016 00:00:00   ;     7,8 ;     
11.09.2016 00:00:00   ;     7,9 ;     
12.09.2016 00:00:00   ;     7,9 ;     
13.09.2016 00:00:00   ;     8,0 ;     
14.09.2016 00:00:00   ;     8,0 ;     
15.09.2016 00:00:00   ;     8,0 ;     
16.09.2016 00:00:00   ;     8,1 ;     
17.09.2016 00:00:00   ;     8,0 ;     
18.09.2016 00:00:00   ;     8,0 ;     
19.09.2016 00:00:00   ;     8,0 ;     
20.09.2016 00:00:00   ;     7,6 ;     
21.09.2016 00:00:00   ;     7,5 ;     
22.09.2016 00:00:00   ;     7,6 ;     
23.09.2016 00:00:00   ;     7,7 ;     
24.09.2016 00:00:00   ;     7,8 ;     
25.09.2016 00:00:00   ;     7,7 ;     
26.09.2016 00:00:00   ;     7,9 ;     
27.09.2016 00:00:00   ;     7,9 ;     
28.09.2016 00:00:00   ;     7,9 ;     
29.09.2016 00:00:00   ;     8,0 ;     
30.09.2016 00:00:00   ;     8,0 ;     
01.10.2016 00:00:00   ;     8,0 ;     
02.10.2016 00:00:00   ;     7,9 ;     
03.10.2016 00:00:00   ;     7,9 ;     
04.10.2016 00:00:00   ;     7,8 ;     
05.10.2016 00:00:00   ;     7,4 ;     
06.10.2016 00:00:00   ;     7,4 ;     
07.10.2016 00:00:00   ;     7,5 ;     
08.10.2016 00:00:00   ;     7,5 ;     
09.10.2016 00:00:00   ;     7,5 ;     
10.10.2016 00:00:00   ;     7,5 ;     
11.10.2016 00:00:00   ;     7,6 ;     
12.10.2016 00:00:00   ;     7,5 ;     
13.10.2016 00:00:00   ;     7,6 ;     
14.10.2016 00:00:00   ;     7,7 ;     
15.10.2016 00:00:00   ;     7,7 ;     
16.10.2016 00:00:00   ;     7,7 ;     
17.10.2016 00:00:00   ;     7,6 ;     
18.10.2016 00:00:00   ;     7,7 ;     
19.10.2016 00:00:00   ;     7,8 ;     
20.10.2016 00:00:00   ;     7,6 ;     
21.10.2016 00:00:00   ;     7,5 ;     
22.10.2016 00:00:00   ;     7,5 ;     
23.10.2016 00:00:00   ;     7,5 ;     
24.10.2016 00:00:00   ;     7,6 ;     
25.10.2016 00:00:00   ;     7,7 ;     
26.10.2016 00:00:00   ;     7,8 ;     
27.10.2016 00:00:00   ;     7,8 ;     
28.10.2016 00:00:00   ;     7,6 ;     
29.10.2016 00:00:00   ;     7,7 ;     
30.10.2016 00:00:00   ;     7,7 ;     
31.10.2016 00:00:00   ;     7,7 ;     
01.11.2016 00:00:00   ;     7,6 ;     
02.11.2016 00:00:00   ;     7,7 ;     
03.11.2016 00:00:00   ;     7,6 ;     
04.11.2016 00:00:00   ;     7,5 ;     
05.11.2016 00:00:00   ;     7,6 ;     
06.11.2016 00:00:00   ;     7,7 ;     
07.11.2016 00:00:00   ;     7,7 ;     
08.11.2016 00:00:00   ;     7,6 ;     
09.11.2016 00:00:00   ;     7,5 ;     
10.11.2016 00:00:00   ;     7,5 ;     
11.11.2016 00:00:00   ;     7,6 ;     
12.11.2016 00:00:00   ;     7,5 ;     
13.11.2016 00:00:00   ;     7,5 ;     
14.11.2016 00:00:00   ;     7,4 ;     
15.11.2016 00:00:00   ;     7,4 ;     
16.11.2016 00:00:00   ;     7,5 ;     
17.11.2016 00:00:00   ;     7,3 ;     
18.11.2016 00:00:00   ;     7,3 ;     
19.11.2016 00:00:00   ;     7,3 ;     
20.11.2016 00:00:00   ;     7,2 ;     
21.11.2016 00:00:00   ;     7,4 ;     
22.11.2016 00:00:00   ;     7,4 ;     
23.11.2016 00:00:00   ;     7,5 ;     
24.11.2016 00:00:00   ;     7,5 ;     
25.11.2016 00:00:00   ;     7,6 ;     
26.11.2016 00:00:00   ;     7,6 ;     
27.11.2016 00:00:00   ;     7,6 ;     
28.11.2016 00:00:00   ;     7,2 ;     
29.11.2016 00:00:00   ;     7,0 ;     
30.11.2016 00:00:00   ;     7,0 ;     
01.12.2016 00:00:00   ;     7,3 ;     
02.12.2016 00:00:00   ;     7,2 ;     
03.12.2016 00:00:00   ;     7,2 ;     
04.12.2016 00:00:00   ;     6,9 ;     
05.12.2016 00:00:00   ;     6,7 ;     
06.12.2016 00:00:00   ;     6,9 ;     
07.12.2016 00:00:00   ;     6,9 ;     
08.12.2016 00:00:00   ;     6,9 ;     
09.12.2016 00:00:00   ;     6,8 ;     
10.12.2016 00:00:00   ;     6,9 ;     
11.12.2016 00:00:00   ;     7,1 ;     
12.12.2016 00:00:00   ;     7,4 ;     
13.12.2016 00:00:00   ;     7,5 ;     
14.12.2016 00:00:00   ;     7,5 ;     
15.12.2016 00:00:00   ;     7,5 ;     
16.12.2016 00:00:00   ;     7,4 ;     
17.12.2016 00:00:00   ;     7,2 ;     
18.12.2016 00:00:00   ;     7,2 ;     
19.12.2016 00:00:00   ;     7,2 ;     
20.12.2016 00:00:00   ;     7,0 ;     
21.12.2016 00:00:00   ;     7,0 ;     
22.12.2016 00:00:00   ;     7,0 ;     
23.12.2016 00:00:00   ;     7,0 ;     
24.12.2016 00:00:00   ;     7,2 ;     
25.12.2016 00:00:00   ;     7,3 ;     
26.12.2016 00:00:00   ;     7,2 ;     
27.12.2016 00:00:00   ;     7,1 ;     
28.12.2016 00:00:00   ;     7,0 ;     
29.12.2016 00:00:00   ;     7,1 ;     
30.12.2016 00:00:00   ;     7,0 ;     
31.12.2016 00:00:00   ;     7,0 ;     
01.01.2017 00:00:00   ;     7,0 ;     
02.01.2017 00:00:00   ;     7,1 ;     
03.01.2017 00:00:00   ;     7,2 ;     
04.01.2017 00:00:00   ;     7,0 ;     
05.01.2017 00:00:00   ;     6,9 ;     
06.01.2017 00:00:00   ;     6,9 ;     
07.01.2017 00:00:00   ;     6,8 ;     
08.01.2017 00:00:00   ;     6,8 ;     
09.01.2017 00:00:00   ;     7,0 ;     
10.01.2017 00:00:00   ;     6,9 ;     
11.01.2017 00:00:00   ;     6,9 ;     
12.01.2017 00:00:00   ;     7,0 ;     
13.01.2017 00:00:00   ;     7,1 ;     
14.01.2017 00:00:00   ;     6,9 ;     
15.01.2017 00:00:00   ;     7,0 ;     
16.01.2017 00:00:00   ;     6,8 ;     
17.01.2017 00:00:00   ;     6,9 ;     
18.01.2017 00:00:00   ;     6,9 ;     
19.01.2017 00:00:00   ;     6,5 ;     
20.01.2017 00:00:00   ;     6,5 ;     
21.01.2017 00:00:00   ;     6,5 ;     
22.01.2017 00:00:00   ;     6,7 ;     
23.01.2017 00:00:00   ;     6,7 ;     
24.01.2017 00:00:00   ;     6,7 ;     
25.01.2017 00:00:00   ;     6,8 ;     
26.01.2017 00:00:00   ;     6,6 ;     
27.01.2017 00:00:00   ;     6,6 ;     
28.01.2017 00:00:00   ;     6,6 ;     
29.01.2017 00:00:00   ;     6,7 ;     
30.01.2017 00:00:00   ;     6,9 ;     
31.01.2017 00:00:00   ;     7,3 ;     
01.02.2017 00:00:00   ;     7,4 ;     
02.02.2017 00:00:00   ;     7,4 ;     
03.02.2017 00:00:00   ;     7,3 ;     
04.02.2017 00:00:00   ;     7,3 ;     
05.02.2017 00:00:00   ;     7,2 ;     
06.02.2017 00:00:00   ;     7,2 ;     
07.02.2017 00:00:00   ;     7,3 ;     
08.02.2017 00:00:00   ;     7,3 ;     
09.02.2017 00:00:00   ;     7,2 ;     
10.02.2017 00:00:00   ;     7,2 ;     
11.02.2017 00:00:00   ;     7,3 ;     
12.02.2017 00:00:00   ;     7,3 ;     
13.02.2017 00:00:00   ;     7,3 ;     
14.02.2017 00:00:00   ;     7,2 ;     
15.02.2017 00:00:00   ;     7,3 ;     
16.02.2017 00:00:00   ;     7,3 ;     
17.02.2017 00:00:00   ;     7,3 ;     
18.02.2017 00:00:00   ;     7,3 ;     
19.02.2017 00:00:00   ;     7,3 ;     
20.02.2017 00:00:00   ;     7,3 ;     
21.02.2017 00:00:00   ;     7,1 ;     
22.02.2017 00:00:00   ;     7,0 ;     
23.02.2017 00:00:00   ;     6,9 ;     
24.02.2017 00:00:00   ;     6,9 ;     
25.02.2017 00:00:00   ;     7,0 ;     
26.02.2017 00:00:00   ;     7,0 ;     
27.02.2017 00:00:00   ;     7,1 ;     
28.02.2017 00:00:00   ;     7,1 ;     
01.03.2017 00:00:00   ;     7,2 ;     
02.03.2017 00:00:00   ;     7,1 ;     
03.03.2017 00:00:00   ;     7,2 ;     
04.03.2017 00:00:00   ;     7,2 ;     
05.03.2017 00:00:00   ;     7,2 ;     
06.03.2017 00:00:00   ;     7,2 ;     
07.03.2017 00:00:00   ;     7,1 ;     
08.03.2017 00:00:00   ;     7,2 ;     
09.03.2017 00:00:00   ;     7,1 ;     
10.03.2017 00:00:00   ;     7,0 ;     
11.03.2017 00:00:00   ;     7,1 ;     
12.03.2017 00:00:00   ;     7,1 ;     
13.03.2017 00:00:00   ;     7,1 ;     
14.03.2017 00:00:00   ;     7,2 ;     
15.03.2017 00:00:00   ;     7,2 ;     
16.03.2017 00:00:00   ;     7,3 ;     
17.03.2017 00:00:00   ;     7,3 ;     
18.03.2017 00:00:00   ;     7,1 ;     
19.03.2017 00:00:00   ;     6,9 ;     
20.03.2017 00:00:00   ;     6,8 ;     
21.03.2017 00:00:00   ;     6,9 ;     
22.03.2017 00:00:00   ;     6,9 ;     
23.03.2017 00:00:00   ;     6,9 ;     
24.03.2017 00:00:00   ;     7,0 ;     
25.03.2017 00:00:00   ;     7,1 ;     
26.03.2017 00:00:00   ;     7,0 ;     
27.03.2017 00:00:00   ;     7,0 ;     
28.03.2017 00:00:00   ;     7,2 ;     
29.03.2017 00:00:00   ;     7,2 ;     
30.03.2017 00:00:00   ;     7,2 ;     
31.03.2017 00:00:00   ;     7,3 ;     
01.04.2017 00:00:00   ;     7,3 ;     
02.04.2017 00:00:00   ;     7,2 ;     
03.04.2017 00:00:00   ;     7,2 ;     
04.04.2017 00:00:00   ;     7,2 ;     
05.04.2017 00:00:00   ;     7,2 ;     
06.04.2017 00:00:00   ;     7,2 ;     
07.04.2017 00:00:00   ;     7,2 ;     
08.04.2017 00:00:00   ;     7,2 ;     
09.04.2017 00:00:00   ;     7,2 ;     
10.04.2017 00:00:00   ;     7,2 ;     
11.04.2017 00:00:00   ;     7,2 ;     
12.04.2017 00:00:00   ;     7,3 ;     
13.04.2017 00:00:00   ;     7,2 ;     
14.04.2017 00:00:00   ;     7,3 ;     
15.04.2017 00:00:00   ;     7,4 ;     
16.04.2017 00:00:00   ;     7,3 ;     
17.04.2017 00:00:00   ;     7,2 ;     
18.04.2017 00:00:00   ;     7,1 ;     
19.04.2017 00:00:00   ;     6,9 ;     
20.04.2017 00:00:00   ;     7,1 ;     
21.04.2017 00:00:00   ;     7,2 ;     
22.04.2017 00:00:00   ;     7,2 ;     
23.04.2017 00:00:00   ;     7,1 ;     
24.04.2017 00:00:00   ;     7,3 ;     
25.04.2017 00:00:00   ;     7,3 ;     
26.04.2017 00:00:00   ;     7,1 ;     
27.04.2017 00:00:00   ;     7,0 ;     
28.04.2017 00:00:00   ;     7,0 ;     
29.04.2017 00:00:00   ;     7,1 ;     
30.04.2017 00:00:00   ;     7,3 ;     
01.05.2017 00:00:00   ;     7,3 ;     
02.05.2017 00:00:00   ;     7,2 ;     
03.05.2017 00:00:00   ;     7,1 ;     
04.05.2017 00:00:00   ;     7,2 ;     
05.05.2017 00:00:00   ;     7,1 ;     
06.05.2017 00:00:00   ;     7,2 ;     
07.05.2017 00:00:00   ;     7,1 ;     
08.05.2017 00:00:00   ;     7,0 ;     
09.05.2017 00:00:00   ;     6,9 ;     
10.05.2017 00:00:00   ;     7,0 ;     
11.05.2017 00:00:00   ;     7,1 ;     
12.05.2017 00:00:00   ;     7,2 ;     
13.05.2017 00:00:00   ;     7,2 ;     
14.05.2017 00:00:00   ;     7,2 ;     
15.05.2017 00:00:00   ;     7,3 ;     
16.05.2017 00:00:00   ;     7,4 ;     
17.05.2017 00:00:00   ;     7,5 ;     
18.05.2017 00:00:00   ;     7,5 ;     
19.05.2017 00:00:00   ;     7,6 ;     
20.05.2017 00:00:00   ;     7,5 ;     
21.05.2017 00:00:00   ;     7,5 ;     
22.05.2017 00:00:00   ;     7,7 ;     
23.05.2017 00:00:00   ;     7,7 ;     
24.05.2017 00:00:00   ;     7,7 ;     
25.05.2017 00:00:00   ;     7,7 ;     
26.05.2017 00:00:00   ;     8,0 ;     
27.05.2017 00:00:00   ;     8,0 ;     
28.05.2017 00:00:00   ;     8,1 ;     
29.05.2017 00:00:00   ;     8,1 ;     
30.05.2017 00:00:00   ;     8,2 ;     
31.05.2017 00:00:00   ;     8,0 ;     
01.06.2017 00:00:00   ;     8,0 ;     
02.06.2017 00:00:00   ;     8,0 ;     
03.06.2017 00:00:00   ;     8,2 ;     
04.06.2017 00:00:00   ;     7,9 ;     
05.06.2017 00:00:00   ;     8,2 ;     
06.06.2017 00:00:00   ;     8,0 ;     
07.06.2017 00:00:00   ;     7,8 ;     
08.06.2017 00:00:00   ;     8,1 ;     
09.06.2017 00:00:00   ;     8,3 ;     
10.06.2017 00:00:00   ;     8,1 ;     
11.06.2017 00:00:00   ;     8,3 ;     
12.06.2017 00:00:00   ;     8,1 ;     
13.06.2017 00:00:00   ;     8,3 ;     
14.06.2017 00:00:00   ;     8,4 ;     
15.06.2017 00:00:00   ;     8,6 ;     
16.06.2017 00:00:00   ;     8,3 ;     
17.06.2017 00:00:00   ;     8,1 ;     
18.06.2017 00:00:00   ;     8,1 ;     
19.06.2017 00:00:00   ;     8,7 ;     
20.06.2017 00:00:00   ;     8,7 ;     
21.06.2017 00:00:00   ;     9,2 ;     
22.06.2017 00:00:00   ;     9,1 ;     
23.06.2017 00:00:00   ;     9,3 ;     
24.06.2017 00:00:00   ;     9,7 ;     
25.06.2017 00:00:00   ;     8,6 ;     
26.06.2017 00:00:00   ;     8,4 ;     
27.06.2017 00:00:00   ;     8,6 ;     
28.06.2017 00:00:00   ;     9,1 ;     
29.06.2017 00:00:00   ;     8,8 ;     
30.06.2017 00:00:00   ;     9,3 ;     
01.07.2017 00:00:00   ;     8,2 ;     
02.07.2017 00:00:00   ;     8,0 ;     
03.07.2017 00:00:00   ;     8,0 ;     
04.07.2017 00:00:00   ;     7,8 ;     
05.07.2017 00:00:00   ;     8,0 ;     
06.07.2017 00:00:00   ;     8,2 ;     
07.07.2017 00:00:00   ;     8,3 ;     
08.07.2017 00:00:00   ;     8,5 ;     
09.07.2017 00:00:00   ;     8,5 ;     
10.07.2017 00:00:00   ;     8,0 ;     
11.07.2017 00:00:00   ;     8,2 ;     
12.07.2017 00:00:00   ;     8,3 ;     
13.07.2017 00:00:00   ;     8,1 ;     
14.07.2017 00:00:00   ;Lücke    ;     
15.07.2017 00:00:00   ;Lücke    ;     
16.07.2017 00:00:00   ;Lücke    ;     
17.07.2017 00:00:00   ;Lücke    ;     
18.07.2017 00:00:00   ;Lücke    ;     
19.07.2017 00:00:00   ;Lücke    ;     
20.07.2017 00:00:00   ;Lücke    ;     
21.07.2017 00:00:00   ;Lücke    ;     
22.07.2017 00:00:00   ;Lücke    ;     
23.07.2017 00:00:00   ;Lücke    ;     
24.07.2017 00:00:00   ;Lücke    ;     
25.07.2017 00:00:00   ;Lücke    ;     
26.07.2017 00:00:00   ;Lücke    ;     
27.07.2017 00:00:00   ;Lücke    ;     
28.07.2017 00:00:00   ;Lücke    ;     
29.07.2017 00:00:00   ;Lücke    ;     
30.07.2017 00:00:00   ;Lücke    ;     
31.07.2017 00:00:00   ;Lücke    ;     
01.08.2017 00:00:00   ;Lücke    ;     
02.08.2017 00:00:00   ;     8,2 ;     
03.08.2017 00:00:00   ;     8,3 ;     
04.08.2017 00:00:00   ;     8,4 ;     
05.08.2017 00:00:00   ;     8,3 ;     
06.08.2017 00:00:00   ;     8,1 ;     
07.08.2017 00:00:00   ;     7,8 ;     
08.08.2017 00:00:00   ;     7,9 ;     
09.08.2017 00:00:00   ;     8,0 ;     
10.08.2017 00:00:00   ;     8,1 ;     
11.08.2017 00:00:00   ;     8,0 ;     
12.08.2017 00:00:00   ;     7,9 ;     
13.08.2017 00:00:00   ;     7,9 ;     
14.08.2017 00:00:00   ;     8,1 ;     
15.08.2017 00:00:00   ;     8,2 ;     
16.08.2017 00:00:00   ;     8,1 ;     
17.08.2017 00:00:00   ;     8,2 ;     
18.08.2017 00:00:00   ;     8,4 ;     
19.08.2017 00:00:00   ;     8,2 ;     
20.08.2017 00:00:00   ;     7,9 ;     
21.08.2017 00:00:00   ;     7,9 ;     
22.08.2017 00:00:00   ;     8,0 ;     
23.08.2017 00:00:00   ;     8,0 ;     
24.08.2017 00:00:00   ;     8,2 ;     
25.08.2017 00:00:00   ;     8,2 ;     
26.08.2017 00:00:00   ;     8,2 ;     
27.08.2017 00:00:00   ;     8,2 ;     
28.08.2017 00:00:00   ;     8,1 ;     
29.08.2017 00:00:00   ;     8,4 ;     
30.08.2017 00:00:00   ;     8,4 ;     
31.08.2017 00:00:00   ;     8,4 ;     
01.09.2017 00:00:00   ;     8,2 ;     
02.09.2017 00:00:00   ;     8,2 ;     
03.09.2017 00:00:00   ;     7,7 ;     
04.09.2017 00:00:00   ;     7,7 ;     
05.09.2017 00:00:00   ;     7,8 ;     
06.09.2017 00:00:00   ;     7,9 ;     
07.09.2017 00:00:00   ;     7,9 ;     
08.09.2017 00:00:00   ;     7,9 ;     
09.09.2017 00:00:00   ;     7,9 ;     
10.09.2017 00:00:00   ;     7,9 ;     
11.09.2017 00:00:00   ;     8,0 ;     
12.09.2017 00:00:00   ;     8,0 ;     
13.09.2017 00:00:00   ;     8,1 ;     
14.09.2017 00:00:00   ;     8,1 ;     
15.09.2017 00:00:00   ;     8,1 ;     
16.09.2017 00:00:00   ;     8,0 ;     
17.09.2017 00:00:00   ;     8,1 ;     
18.09.2017 00:00:00   ;     8,1 ;     
19.09.2017 00:00:00   ;     8,0 ;     
20.09.2017 00:00:00   ;     7,5 ;     
21.09.2017 00:00:00   ;     7,5 ;     
22.09.2017 00:00:00   ;     7,7 ;     
23.09.2017 00:00:00   ;     7,8 ;     
24.09.2017 00:00:00   ;     7,8 ;     
25.09.2017 00:00:00   ;     8,0 ;     
26.09.2017 00:00:00   ;     7,9 ;     
27.09.2017 00:00:00   ;     8,0 ;     
28.09.2017 00:00:00   ;     8,1 ;     
29.09.2017 00:00:00   ;     8,1 ;     
30.09.2017 00:00:00   ;     8,1 ;     
01.10.2017 00:00:00   ;     8,1 ;     
02.10.2017 00:00:00   ;     8,1 ;     
03.10.2017 00:00:00   ;     7,9 ;     
04.10.2017 00:00:00   ;     7,9 ;     
05.10.2017 00:00:00   ;     8,0 ;     
06.10.2017 00:00:00   ;     7,9 ;     
07.10.2017 00:00:00   ;     7,5 ;     
08.10.2017 00:00:00   ;     7,3 ;     
09.10.2017 00:00:00   ;     7,3 ;     
10.10.2017 00:00:00   ;     7,3 ;     
11.10.2017 00:00:00   ;     7,5 ;     
12.10.2017 00:00:00   ;     7,5 ;     
13.10.2017 00:00:00   ;     7,6 ;     
14.10.2017 00:00:00   ;     7,6 ;     
15.10.2017 00:00:00   ;     7,6 ;     
16.10.2017 00:00:00   ;     7,6 ;     
17.10.2017 00:00:00   ;     7,7 ;     
18.10.2017 00:00:00   ;     7,7 ;     
19.10.2017 00:00:00   ;     7,6 ;     
20.10.2017 00:00:00   ;     7,6 ;     
21.10.2017 00:00:00   ;     7,7 ;     
22.10.2017 00:00:00   ;     7,8 ;     
23.10.2017 00:00:00   ;     7,7 ;     
24.10.2017 00:00:00   ;     7,5 ;     
25.10.2017 00:00:00   ;     7,4 ;     
26.10.2017 00:00:00   ;     7,5 ;     
27.10.2017 00:00:00   ;     7,4 ;     
28.10.2017 00:00:00   ;     7,3 ;     
29.10.2017 00:00:00   ;     7,3 ;     
30.10.2017 00:00:00   ;     7,1 ;     
31.10.2017 00:00:00   ;     7,3 ;     
01.11.2017 00:00:00   ;     7,3 ;     
02.11.2017 00:00:00   ;     7,5 ;     
03.11.2017 00:00:00   ;     7,5 ;     
04.11.2017 00:00:00   ;     7,4 ;     
05.11.2017 00:00:00   ;     7,4 ;     
06.11.2017 00:00:00   ;     7,4 ;     
07.11.2017 00:00:00   ;     7,5 ;     
08.11.2017 00:00:00   ;     7,5 ;     
09.11.2017 00:00:00   ;     7,5 ;     
10.11.2017 00:00:00   ;     7,5 ;     
11.11.2017 00:00:00   ;     7,5 ;     
12.11.2017 00:00:00   ;     7,3 ;     
13.11.2017 00:00:00   ;     7,1 ;     
14.11.2017 00:00:00   ;     7,2 ;     
15.11.2017 00:00:00   ;     7,2 ;     
16.11.2017 00:00:00   ;     7,3 ;     
17.11.2017 00:00:00   ;     7,3 ;     
18.11.2017 00:00:00   ;     7,5 ;     
19.11.2017 00:00:00   ;     7,3 ;     
20.11.2017 00:00:00   ;     7,4 ;     
21.11.2017 00:00:00   ;     7,3 ;     
22.11.2017 00:00:00   ;     7,3 ;     
23.11.2017 00:00:00   ;     7,2 ;     
24.11.2017 00:00:00   ;     7,3 ;     
25.11.2017 00:00:00   ;     7,3 ;     
26.11.2017 00:00:00   ;     7,2 ;     
27.11.2017 00:00:00   ;     7,2 ;     
28.11.2017 00:00:00   ;     7,2 ;     
29.11.2017 00:00:00   ;     7,3 ;     
30.11.2017 00:00:00   ;     7,3 ;     
01.12.2017 00:00:00   ;     7,2 ;     
02.12.2017 00:00:00   ;     7,2 ;     
03.12.2017 00:00:00   ;     7,2 ;     
04.12.2017 00:00:00   ;     7,2 ;     
05.12.2017 00:00:00   ;     7,2 ;     
06.12.2017 00:00:00   ;     7,3 ;     
07.12.2017 00:00:00   ;     7,3 ;     
08.12.2017 00:00:00   ;     7,2 ;     
09.12.2017 00:00:00   ;     7,2 ;     
10.12.2017 00:00:00   ;     7,1 ;     
11.12.2017 00:00:00   ;     7,3 ;     
12.12.2017 00:00:00   ;     7,4 ;     
13.12.2017 00:00:00   ;     7,3 ;     
14.12.2017 00:00:00   ;     7,3 ;     
15.12.2017 00:00:00   ;     7,3 ;     
16.12.2017 00:00:00   ;     7,2 ;     
17.12.2017 00:00:00   ;     7,1 ;     
18.12.2017 00:00:00   ;     7,1 ;     
19.12.2017 00:00:00   ;     7,1 ;     
20.12.2017 00:00:00   ;     7,2 ;     
21.12.2017 00:00:00   ;     7,2 ;     
22.12.2017 00:00:00   ;     7,3 ;     
23.12.2017 00:00:00   ;     7,2 ;     
24.12.2017 00:00:00   ;     7,2 ;     
25.12.2017 00:00:00   ;     7,1 ;     
26.12.2017 00:00:00   ;     7,2 ;     
27.12.2017 00:00:00   ;     7,1 ;     
28.12.2017 00:00:00   ;     7,2 ;     
29.12.2017 00:00:00   ;     7,1 ;     
30.12.2017 00:00:00   ;     7,1 ;     
31.12.2017 00:00:00   ;     7,0 ;     
01.01.2018 00:00:00   ;     7,0 ;     
02.01.2018 00:00:00   ;     7,1 ;     
03.01.2018 00:00:00   ;     7,1 ;     
04.01.2018 00:00:00   ;     7,1 ;     
05.01.2018 00:00:00   ;     7,1 ;     
06.01.2018 00:00:00   ;     6,9 ;     
07.01.2018 00:00:00   ;     7,0 ;     
08.01.2018 00:00:00   ;     7,1 ;     
09.01.2018 00:00:00   ;     7,2 ;     
10.01.2018 00:00:00   ;     7,1 ;     
11.01.2018 00:00:00   ;     7,1 ;     
12.01.2018 00:00:00   ;     7,1 ;     
13.01.2018 00:00:00   ;     7,1 ;     
14.01.2018 00:00:00   ;     7,1 ;     
15.01.2018 00:00:00   ;     7,1 ;     
16.01.2018 00:00:00   ;     7,2 ;     
17.01.2018 00:00:00   ;     7,1 ;     
18.01.2018 00:00:00   ;     7,2 ;     
19.01.2018 00:00:00   ;     7,1 ;     
20.01.2018 00:00:00   ;     7,2 ;     
21.01.2018 00:00:00   ;     7,0 ;     
22.01.2018 00:00:00   ;     7,1 ;     
23.01.2018 00:00:00   ;     7,2 ;     
24.01.2018 00:00:00   ;     7,2 ;     
25.01.2018 00:00:00   ;     7,2 ;     
26.01.2018 00:00:00   ;     7,2 ;     
27.01.2018 00:00:00   ;     7,2 ;     
28.01.2018 00:00:00   ;     7,2 ;     
29.01.2018 00:00:00   ;     7,1 ;     
30.01.2018 00:00:00   ;     7,2 ;     
31.01.2018 00:00:00   ;     7,1 ;     
01.02.2018 00:00:00   ;     7,1 ;     
02.02.2018 00:00:00   ;     7,1 ;     
03.02.2018 00:00:00   ;     7,1 ;     
04.02.2018 00:00:00   ;     7,1 ;     
05.02.2018 00:00:00   ;     7,1 ;     
06.02.2018 00:00:00   ;     7,1 ;     
07.02.2018 00:00:00   ;     7,1 ;     
08.02.2018 00:00:00   ;     7,2 ;     
09.02.2018 00:00:00   ;     7,3 ;     
10.02.2018 00:00:00   ;     7,2 ;     
11.02.2018 00:00:00   ;     7,2 ;     
12.02.2018 00:00:00   ;     7,2 ;     
13.02.2018 00:00:00   ;     7,1 ;     
14.02.2018 00:00:00   ;     7,0 ;     
15.02.2018 00:00:00   ;     7,1 ;     
16.02.2018 00:00:00   ;     7,3 ;     
17.02.2018 00:00:00   ;     7,3 ;     
18.02.2018 00:00:00   ;     7,2 ;     
19.02.2018 00:00:00   ;     7,1 ;     
20.02.2018 00:00:00   ;     7,2 ;     
21.02.2018 00:00:00   ;     7,2 ;     
22.02.2018 00:00:00   ;     7,1 ;     
23.02.2018 00:00:00   ;     7,1 ;     
24.02.2018 00:00:00   ;     7,1 ;     
25.02.2018 00:00:00   ;     6,8 ;     
26.02.2018 00:00:00   ;     6,6 ;     
27.02.2018 00:00:00   ;     6,6 ;     
28.02.2018 00:00:00   ;     6,6 ;     
01.03.2018 00:00:00   ;     6,6 ;     
02.03.2018 00:00:00   ;     6,7 ;     
03.03.2018 00:00:00   ;     7,1 ;     
04.03.2018 00:00:00   ;     7,2 ;     
05.03.2018 00:00:00   ;     7,2 ;     
06.03.2018 00:00:00   ;     7,3 ;     
07.03.2018 00:00:00   ;     7,4 ;     
08.03.2018 00:00:00   ;     7,5 ;     
09.03.2018 00:00:00   ;     7,5 ;     
10.03.2018 00:00:00   ;     7,5 ;     
11.03.2018 00:00:00   ;     7,4 ;     
12.03.2018 00:00:00   ;     7,2 ;     
13.03.2018 00:00:00   ;     7,2 ;     
14.03.2018 00:00:00   ;     7,1 ;     
15.03.2018 00:00:00   ;     7,2 ;     
16.03.2018 00:00:00   ;     7,2 ;     
17.03.2018 00:00:00   ;     7,1 ;     
18.03.2018 00:00:00   ;     7,0 ;     
19.03.2018 00:00:00   ;     6,9 ;     
20.03.2018 00:00:00   ;     7,0 ;     
21.03.2018 00:00:00   ;     7,1 ;     
22.03.2018 00:00:00   ;     7,2 ;     
23.03.2018 00:00:00   ;     7,2 ;     
24.03.2018 00:00:00   ;     7,4 ;     
25.03.2018 00:00:00   ;     7,3 ;     
26.03.2018 00:00:00   ;     7,3 ;     
27.03.2018 00:00:00   ;     7,3 ;     
28.03.2018 00:00:00   ;     7,3 ;     
29.03.2018 00:00:00   ;     7,4 ;     
30.03.2018 00:00:00   ;     7,5 ;     
31.03.2018 00:00:00   ;     7,3 ;     
01.04.2018 00:00:00   ;     7,2 ;     
02.04.2018 00:00:00   ;     7,3 ;     
03.04.2018 00:00:00   ;     7,3 ;     
04.04.2018 00:00:00   ;     7,2 ;     
05.04.2018 00:00:00   ;     7,0 ;     
06.04.2018 00:00:00   ;     7,1 ;     
07.04.2018 00:00:00   ;     7,1 ;     
08.04.2018 00:00:00   ;     7,2 ;     
09.04.2018 00:00:00   ;     7,1 ;     
10.04.2018 00:00:00   ;     7,0 ;     
11.04.2018 00:00:00   ;     7,1 ;     
12.04.2018 00:00:00   ;     7,0 ;     
13.04.2018 00:00:00   ;     7,0 ;     
14.04.2018 00:00:00   ;     7,0 ;     
15.04.2018 00:00:00   ;     7,0 ;     
16.04.2018 00:00:00   ;     6,9 ;     
17.04.2018 00:00:00   ;     7,0 ;     
18.04.2018 00:00:00   ;     7,0 ;     
19.04.2018 00:00:00   ;     7,1 ;     
20.04.2018 00:00:00   ;     7,1 ;     
21.04.2018 00:00:00   ;     7,1 ;     
22.04.2018 00:00:00   ;     7,0 ;     
23.04.2018 00:00:00   ;     7,0 ;     
24.04.2018 00:00:00   ;     6,9 ;     
25.04.2018 00:00:00   ;     7,0 ;     
26.04.2018 00:00:00   ;     6,8 ;     
27.04.2018 00:00:00   ;     7,0 ;     
28.04.2018 00:00:00   ;     7,1 ;     
29.04.2018 00:00:00   ;     7,1 ;     
30.04.2018 00:00:00   ;     7,1 ;     
01.05.2018 00:00:00   ;     7,1 ;     
02.05.2018 00:00:00   ;     7,2 ;     
03.05.2018 00:00:00   ;     7,4 ;     
04.05.2018 00:00:00   ;     7,3 ;     
05.05.2018 00:00:00   ;     7,3 ;     
06.05.2018 00:00:00   ;     7,5 ;     
07.05.2018 00:00:00   ;     7,5 ;     
08.05.2018 00:00:00   ;     7,6 ;     
09.05.2018 00:00:00   ;     7,6 ;     
10.05.2018 00:00:00   ;     7,5 ;     
11.05.2018 00:00:00   ;     7,8 ;     
12.05.2018 00:00:00   ;     7,6 ;     
13.05.2018 00:00:00   ;     7,8 ;     
14.05.2018 00:00:00   ;     8,0 ;     
15.05.2018 00:00:00   ;     7,5 ;     
16.05.2018 00:00:00   ;     7,5 ;     
17.05.2018 00:00:00   ;     7,4 ;     
18.05.2018 00:00:00   ;     7,4 ;     
19.05.2018 00:00:00   ;     7,5 ;     
20.05.2018 00:00:00   ;     7,5 ;     
21.05.2018 00:00:00   ;     7,6 ;     
22.05.2018 00:00:00   ;     7,8 ;     
23.05.2018 00:00:00   ;     7,9 ;     
24.05.2018 00:00:00   ;     7,8 ;     
25.05.2018 00:00:00   ;     7,8 ;     
26.05.2018 00:00:00   ;     8,3 ;     
27.05.2018 00:00:00   ;     8,2 ;     
28.05.2018 00:00:00   ;     8,6 ;     
29.05.2018 00:00:00   ;     8,9 ;     
30.05.2018 00:00:00   ;     9,2 ;     
31.05.2018 00:00:00   ;     9,0 ;     
01.06.2018 00:00:00   ;     9,3 ;     
02.06.2018 00:00:00   ;     7,8 ;     
03.06.2018 00:00:00   ;     7,7 ;     
04.06.2018 00:00:00   ;     8,0 ;     
05.06.2018 00:00:00   ;     7,9 ;     
06.06.2018 00:00:00   ;     8,1 ;     
07.06.2018 00:00:00   ;     8,3 ;     
08.06.2018 00:00:00   ;     8,5 ;     
09.06.2018 00:00:00   ;     8,6 ;     
10.06.2018 00:00:00   ;     8,7 ;     
11.06.2018 00:00:00   ;     9,8 ;     
12.06.2018 00:00:00   ;     9,5 ;     
13.06.2018 00:00:00   ;     7,8 ;     
14.06.2018 00:00:00   ;     7,2 ;     
15.06.2018 00:00:00   ;     7,3 ;     
16.06.2018 00:00:00   ;     7,5 ;     
17.06.2018 00:00:00   ;     7,6 ;     
18.06.2018 00:00:00   ;     7,6 ;     
19.06.2018 00:00:00   ;     7,8 ;     
20.06.2018 00:00:00   ;     8,0 ;     
21.06.2018 00:00:00   ;     8,1 ;     
22.06.2018 00:00:00   ;     7,8 ;     
23.06.2018 00:00:00   ;     7,8 ;     
24.06.2018 00:00:00   ;     7,9 ;     
25.06.2018 00:00:00   ;     7,7 ;     
26.06.2018 00:00:00   ;     7,8 ;     
27.06.2018 00:00:00   ;     7,8 ;     
28.06.2018 00:00:00   ;     7,5 ;     
29.06.2018 00:00:00   ;     7,2 ;     
30.06.2018 00:00:00   ;     7,3 ;     
01.07.2018 00:00:00   ;     7,4 ;     
02.07.2018 00:00:00   ;     7,5 ;     
03.07.2018 00:00:00   ;     7,7 ;     
04.07.2018 00:00:00   ;     7,7 ;     
05.07.2018 00:00:00   ;     7,7 ;     
06.07.2018 00:00:00   ;     7,6 ;     
07.07.2018 00:00:00   ;     7,6 ;     
08.07.2018 00:00:00   ;     7,5 ;     
09.07.2018 00:00:00   ;     7,6 ;     
10.07.2018 00:00:00   ;     7,5 ;     
11.07.2018 00:00:00   ;     7,7 ;     
12.07.2018 00:00:00   ;     7,8 ;     
13.07.2018 00:00:00   ;     7,8 ;     
14.07.2018 00:00:00   ;     7,8 ;     
15.07.2018 00:00:00   ;     8,0 ;     
16.07.2018 00:00:00   ;     8,0 ;     
17.07.2018 00:00:00   ;     7,9 ;     
18.07.2018 00:00:00   ;     8,1 ;     
19.07.2018 00:00:00   ;     8,3 ;     
20.07.2018 00:00:00   ;     8,3 ;     
21.07.2018 00:00:00   ;     8,1 ;     
22.07.2018 00:00:00   ;     8,0 ;     
23.07.2018 00:00:00   ;     8,1 ;     
24.07.2018 00:00:00   ;     8,3 ;     
25.07.2018 00:00:00   ;     8,5 ;     
26.07.2018 00:00:00   ;     8,1 ;     
27.07.2018 00:00:00   ;     8,4 ;     
28.07.2018 00:00:00   ;     8,3 ;     
29.07.2018 00:00:00   ;     8,3 ;     
30.07.2018 00:00:00   ;     8,4 ;     
31.07.2018 00:00:00   ;     8,8 ;     
01.08.2018 00:00:00   ;     9,1 ;     
02.08.2018 00:00:00   ;     9,3 ;     
03.08.2018 00:00:00   ;    10,0 ;     
04.08.2018 00:00:00   ;    10,4 ;     
05.08.2018 00:00:00   ;     8,8 ;     
06.08.2018 00:00:00   ;     9,7 ;     
07.08.2018 00:00:00   ;     8,6 ;     
08.08.2018 00:00:00   ;Lücke    ;     
09.08.2018 00:00:00   ;    10,4 ;     
10.08.2018 00:00:00   ;     8,9 ;     
11.08.2018 00:00:00   ;Lücke    ;     
12.08.2018 00:00:00   ;Lücke    ;     
13.08.2018 00:00:00   ;Lücke    ;     
14.08.2018 00:00:00   ;     9,2 ;     
15.08.2018 00:00:00   ;     9,3 ;     
16.08.2018 00:00:00   ;Lücke    ;     
17.08.2018 00:00:00   ;Lücke    ;     
18.08.2018 00:00:00   ;Lücke    ;     
19.08.2018 00:00:00   ;Lücke    ;     
20.08.2018 00:00:00   ;Lücke    ;     
21.08.2018 00:00:00   ;Lücke    ;     
22.08.2018 00:00:00   ;Lücke    ;     
23.08.2018 00:00:00   ;Lücke    ;     
24.08.2018 00:00:00   ;Lücke    ;     
25.08.2018 00:00:00   ;Lücke    ;     
26.08.2018 00:00:00   ;     8,3 ;     
27.08.2018 00:00:00   ;     8,2 ;     
28.08.2018 00:00:00   ;     9,0 ;     
29.08.2018 00:00:00   ;Lücke    ;     
30.08.2018 00:00:00   ;     8,9 ;     
31.08.2018 00:00:00   ;     8,5 ;     
01.09.2018 00:00:00   ;     8,1 ;     
02.09.2018 00:00:00   ;     8,0 ;     
03.09.2018 00:00:00   ;     8,0 ;     
04.09.2018 00:00:00   ;     8,0 ;     
05.09.2018 00:00:00   ;     8,1 ;     
06.09.2018 00:00:00   ;     8,2 ;     
07.09.2018 00:00:00   ;     8,1 ;     
08.09.2018 00:00:00   ;     8,4 ;     
09.09.2018 00:00:00   ;     8,7 ;     
10.09.2018 00:00:00   ;Lücke    ;     
11.09.2018 00:00:00   ;Lücke    ;     
12.09.2018 00:00:00   ;Lücke    ;     
13.09.2018 00:00:00   ;Lücke    ;     
14.09.2018 00:00:00   ;Lücke    ;     
15.09.2018 00:00:00   ;Lücke    ;     
16.09.2018 00:00:00   ;Lücke    ;     
17.09.2018 00:00:00   ;Lücke    ;     
18.09.2018 00:00:00   ;Lücke    ;     
19.09.2018 00:00:00   ;Lücke    ;     
20.09.2018 00:00:00   ;Lücke    ;     
21.09.2018 00:00:00   ;Lücke    ;     
22.09.2018 00:00:00   ;Lücke    ;     
23.09.2018 00:00:00   ;Lücke    ;     
24.09.2018 00:00:00   ;     7,9 ;     
25.09.2018 00:00:00   ;     7,5 ;     
26.09.2018 00:00:00   ;     7,4 ;     
27.09.2018 00:00:00   ;     7,7 ;     
28.09.2018 00:00:00   ;     7,8 ;     
29.09.2018 00:00:00   ;     7,9 ;     
30.09.2018 00:00:00   ;     7,3 ;     
01.10.2018 00:00:00   ;     7,7 ;     
02.10.2018 00:00:00   ;     7,6 ;     
03.10.2018 00:00:00   ;     7,8 ;     
04.10.2018 00:00:00   ;     7,7 ;     
05.10.2018 00:00:00   ;     7,5 ;     
06.10.2018 00:00:00   ;     7,8 ;     
07.10.2018 00:00:00   ;     7,8 ;     
08.10.2018 00:00:00   ;     8,0 ;     
09.10.2018 00:00:00   ;     7,8 ;     
10.10.2018 00:00:00   ;     7,9 ;     
11.10.2018 00:00:00   ;     7,9 ;     
12.10.2018 00:00:00   ;Lücke    ;     
13.10.2018 00:00:00   ;Lücke    ;     
14.10.2018 00:00:00   ;Lücke    ;     
15.10.2018 00:00:00   ;Lücke    ;     
16.10.2018 00:00:00   ;Lücke    ;     
17.10.2018 00:00:00   ;Lücke    ;     
18.10.2018 00:00:00   ;Lücke    ;     
19.10.2018 00:00:00   ;Lücke    ;     
20.10.2018 00:00:00   ;Lücke    ;     
21.10.2018 00:00:00   ;Lücke    ;     
22.10.2018 00:00:00   ;Lücke    ;     
23.10.2018 00:00:00   ;Lücke    ;     
24.10.2018 00:00:00   ;     7,8 ;     
25.10.2018 00:00:00   ;     7,4 ;     
26.10.2018 00:00:00   ;     7,4 ;     
27.10.2018 00:00:00   ;     7,4 ;     
28.10.2018 00:00:00   ;     7,5 ;     
29.10.2018 00:00:00   ;     7,7 ;     
30.10.2018 00:00:00   ;     7,6 ;     
31.10.2018 00:00:00   ;     7,5 ;     
01.11.2018 00:00:00   ;     7,6 ;     
02.11.2018 00:00:00   ;     7,6 ;     
03.11.2018 00:00:00   ;     7,7 ;     
04.11.2018 00:00:00   ;     7,6 ;     
05.11.2018 00:00:00   ;     7,7 ;     
06.11.2018 00:00:00   ;     7,5 ;     
07.11.2018 00:00:00   ;     7,3 ;     
08.11.2018 00:00:00   ;     7,1 ;     
09.11.2018 00:00:00   ;     7,0 ;     
10.11.2018 00:00:00   ;Lücke    ;     
11.11.2018 00:00:00   ;Lücke    ;     
12.11.2018 00:00:00   ;Lücke    ;     
13.11.2018 00:00:00   ;Lücke    ;     
14.11.2018 00:00:00   ;Lücke    ;     
15.11.2018 00:00:00   ;Lücke    ;     
16.11.2018 00:00:00   ;Lücke    ;     
17.11.2018 00:00:00   ;Lücke    ;     
18.11.2018 00:00:00   ;Lücke    ;     
19.11.2018 00:00:00   ;Lücke    ;     
20.11.2018 00:00:00   ;Lücke    ;     
21.11.2018 00:00:00   ;Lücke    ;     
22.11.2018 00:00:00   ;Lücke    ;     
23.11.2018 00:00:00   ;Lücke    ;     
24.11.2018 00:00:00   ;Lücke    ;     
25.11.2018 00:00:00   ;Lücke    ;     
26.11.2018 00:00:00   ;Lücke    ;     
27.11.2018 00:00:00   ;Lücke    ;     
28.11.2018 00:00:00   ;Lücke    ;     
29.11.2018 00:00:00   ;Lücke    ;     
30.11.2018 00:00:00   ;Lücke    ;     
01.12.2018 00:00:00   ;Lücke    ;     
02.12.2018 00:00:00   ;     6,7 ;     
03.12.2018 00:00:00   ;     7,4 ;     
04.12.2018 00:00:00   ;     7,3 ;     
05.12.2018 00:00:00   ;     7,2 ;     
06.12.2018 00:00:00   ;     7,3 ;     
07.12.2018 00:00:00   ;     7,4 ;     
08.12.2018 00:00:00   ;     7,2 ;     
09.12.2018 00:00:00   ;     7,2 ;     
10.12.2018 00:00:00   ;     7,2 ;     
11.12.2018 00:00:00   ;     7,2 ;     
12.12.2018 00:00:00   ;     7,2 ;     
13.12.2018 00:00:00   ;     7,2 ;     
14.12.2018 00:00:00   ;     7,1 ;     
15.12.2018 00:00:00   ;     7,1 ;     
16.12.2018 00:00:00   ;     7,0 ;     
17.12.2018 00:00:00   ;     7,1 ;     
18.12.2018 00:00:00   ;     7,2 ;     
19.12.2018 00:00:00   ;     7,2 ;     
20.12.2018 00:00:00   ;     7,3 ;     
21.12.2018 00:00:00   ;     7,3 ;     
22.12.2018 00:00:00   ;     7,2 ;     
23.12.2018 00:00:00   ;     7,2 ;     
24.12.2018 00:00:00   ;     7,1 ;     
25.12.2018 00:00:00   ;     7,0 ;     
26.12.2018 00:00:00   ;     7,1 ;     
27.12.2018 00:00:00   ;     7,2 ;     
28.12.2018 00:00:00   ;     7,2 ;     
29.12.2018 00:00:00   ;     7,2 ;     
30.12.2018 00:00:00   ;     7,1 ;     
31.12.2018 00:00:00   ;     7,2 ;     
01.01.2019 00:00:00   ;     7,2 ;     
02.01.2019 00:00:00   ;     6,9 ;     
03.01.2019 00:00:00   ;     7,0 ;     
04.01.2019 00:00:00   ;     7,0 ;     
05.01.2019 00:00:00   ;     7,0 ;     
06.01.2019 00:00:00   ;     7,0 ;     
07.01.2019 00:00:00   ;     7,0 ;     
08.01.2019 00:00:00   ;     7,1 ;     
09.01.2019 00:00:00   ;     7,0 ;     
10.01.2019 00:00:00   ;     7,0 ;     
11.01.2019 00:00:00   ;     7,0 ;     
12.01.2019 00:00:00   ;     7,1 ;     
13.01.2019 00:00:00   ;     7,0 ;     
14.01.2019 00:00:00   ;     6,8 ;     
15.01.2019 00:00:00   ;     7,0 ;     
16.01.2019 00:00:00   ;     7,1 ;     
17.01.2019 00:00:00   ;     7,1 ;     
18.01.2019 00:00:00   ;     7,0 ;     
19.01.2019 00:00:00   ;     6,9 ;     
20.01.2019 00:00:00   ;     7,0 ;     
21.01.2019 00:00:00   ;     7,1 ;     
22.01.2019 00:00:00   ;     7,0 ;     
23.01.2019 00:00:00   ;     7,0 ;     
24.01.2019 00:00:00   ;     7,0 ;     
25.01.2019 00:00:00   ;     7,1 ;     
26.01.2019 00:00:00   ;     7,0 ;     
27.01.2019 00:00:00   ;     7,3 ;     
28.01.2019 00:00:00   ;     7,2 ;     
29.01.2019 00:00:00   ;     7,1 ;     
30.01.2019 00:00:00   ;     7,0 ;     
31.01.2019 00:00:00   ;     7,0 ;     
01.02.2019 00:00:00   ;     7,1 ;     
02.02.2019 00:00:00   ;     7,3 ;     
03.02.2019 00:00:00   ;     7,2 ;     
04.02.2019 00:00:00   ;     7,2 ;     
05.02.2019 00:00:00   ;     7,0 ;     
06.02.2019 00:00:00   ;     7,0 ;     
07.02.2019 00:00:00   ;     7,1 ;     
08.02.2019 00:00:00   ;     7,3 ;     
09.02.2019 00:00:00   ;     7,2 ;     
10.02.2019 00:00:00   ;     7,3 ;     
11.02.2019 00:00:00   ;     7,1 ;     
12.02.2019 00:00:00   ;     7,1 ;     
13.02.2019 00:00:00   ;     7,2 ;     
14.02.2019 00:00:00   ;     7,2 ;     
15.02.2019 00:00:00   ;     7,1 ;     
16.02.2019 00:00:00   ;     7,2 ;     
17.02.2019 00:00:00   ;     7,2 ;     
18.02.2019 00:00:00   ;     7,2 ;     
19.02.2019 00:00:00   ;     7,2 ;     
20.02.2019 00:00:00   ;     7,2 ;     
21.02.2019 00:00:00   ;     7,2 ;     
22.02.2019 00:00:00   ;     6,9 ;     
23.02.2019 00:00:00   ;     6,9 ;     
24.02.2019 00:00:00   ;     6,9 ;     
25.02.2019 00:00:00   ;     7,0 ;     
26.02.2019 00:00:00   ;     7,1 ;     
27.02.2019 00:00:00   ;     7,1 ;     
28.02.2019 00:00:00   ;     7,1 ;     
01.03.2019 00:00:00   ;     7,1 ;     
02.03.2019 00:00:00   ;     7,1 ;     
03.03.2019 00:00:00   ;     7,0 ;     
04.03.2019 00:00:00   ;     7,0 ;     
05.03.2019 00:00:00   ;     7,1 ;     
06.03.2019 00:00:00   ;     7,0 ;     
07.03.2019 00:00:00   ;     7,1 ;     
08.03.2019 00:00:00   ;     7,1 ;     
09.03.2019 00:00:00   ;     7,0 ;     
10.03.2019 00:00:00   ;     7,1 ;     
11.03.2019 00:00:00   ;     6,9 ;     
12.03.2019 00:00:00   ;     6,8 ;     
13.03.2019 00:00:00   ;     7,0 ;     
14.03.2019 00:00:00   ;     7,0 ;     
15.03.2019 00:00:00   ;     7,0 ;     
16.03.2019 00:00:00   ;     7,0 ;     
17.03.2019 00:00:00   ;     6,8 ;     
18.03.2019 00:00:00   ;     6,9 ;     
19.03.2019 00:00:00   ;     6,8 ;     
20.03.2019 00:00:00   ;     7,0 ;     
21.03.2019 00:00:00   ;     7,0 ;     
22.03.2019 00:00:00   ;     7,1 ;     
23.03.2019 00:00:00   ;     7,1 ;     
24.03.2019 00:00:00   ;     7,1 ;     
25.03.2019 00:00:00   ;     7,0 ;     
26.03.2019 00:00:00   ;     7,0 ;     
27.03.2019 00:00:00   ;     7,0 ;     
28.03.2019 00:00:00   ;     7,1 ;     
29.03.2019 00:00:00   ;     7,1 ;     
30.03.2019 00:00:00   ;     7,2 ;     
31.03.2019 00:00:00   ;     7,1 ;     
01.04.2019 00:00:00   ;     7,0 ;     
02.04.2019 00:00:00   ;     7,0 ;     
03.04.2019 00:00:00   ;     6,9 ;     
04.04.2019 00:00:00   ;     6,9 ;     
05.04.2019 00:00:00   ;     6,9 ;     
06.04.2019 00:00:00   ;     7,0 ;     
07.04.2019 00:00:00   ;     7,0 ;     
08.04.2019 00:00:00   ;     6,9 ;     
09.04.2019 00:00:00   ;     7,0 ;     
10.04.2019 00:00:00   ;     6,8 ;     
11.04.2019 00:00:00   ;     6,9 ;     
12.04.2019 00:00:00   ;     6,9 ;     
13.04.2019 00:00:00   ;     6,9 ;     
14.04.2019 00:00:00   ;     7,0 ;     
15.04.2019 00:00:00   ;     7,1 ;     
16.04.2019 00:00:00   ;     7,2 ;     
17.04.2019 00:00:00   ;     7,2 ;     
18.04.2019 00:00:00   ;     7,0 ;     
19.04.2019 00:00:00   ;     7,1 ;     
20.04.2019 00:00:00   ;     6,9 ;     
21.04.2019 00:00:00   ;     6,9 ;     
22.04.2019 00:00:00   ;     6,9 ;     
23.04.2019 00:00:00   ;     6,8 ;     
24.04.2019 00:00:00   ;     6,9 ;     
25.04.2019 00:00:00   ;     6,8 ;     
26.04.2019 00:00:00   ;     6,6 ;     
27.04.2019 00:00:00   ;     6,6 ;     
28.04.2019 00:00:00   ;     6,7 ;     
29.04.2019 00:00:00   ;     6,7 ;     
30.04.2019 00:00:00   ;     6,7 ;     
01.05.2019 00:00:00   ;     6,8 ;     
02.05.2019 00:00:00   ;     6,9 ;     
03.05.2019 00:00:00   ;     6,8 ;     
04.05.2019 00:00:00   ;     6,7 ;     
05.05.2019 00:00:00   ;     6,6 ;     
06.05.2019 00:00:00   ;     6,8 ;     
07.05.2019 00:00:00   ;     6,9 ;     
08.05.2019 00:00:00   ;     7,0 ;     
09.05.2019 00:00:00   ;     7,0 ;     
10.05.2019 00:00:00   ;     6,8 ;     
11.05.2019 00:00:00   ;     6,9 ;     
12.05.2019 00:00:00   ;     6,8 ;     
13.05.2019 00:00:00   ;     6,7 ;     
14.05.2019 00:00:00   ;     6,7 ;     
15.05.2019 00:00:00   ;     6,8 ;     
16.05.2019 00:00:00   ;     7,0 ;     
17.05.2019 00:00:00   ;     7,2 ;     
18.05.2019 00:00:00   ;     7,1 ;     
19.05.2019 00:00:00   ;     7,0 ;     
20.05.2019 00:00:00   ;     6,9 ;     
21.05.2019 00:00:00   ;     6,8 ;     
22.05.2019 00:00:00   ;     6,7 ;     
23.05.2019 00:00:00   ;     6,6 ;     
24.05.2019 00:00:00   ;     6,7 ;     
25.05.2019 00:00:00   ;     6,8 ;     
26.05.2019 00:00:00   ;     6,9 ;     
27.05.2019 00:00:00   ;     6,8 ;     
28.05.2019 00:00:00   ;     6,8 ;     
29.05.2019 00:00:00   ;     6,6 ;     
30.05.2019 00:00:00   ;     6,6 ;     
31.05.2019 00:00:00   ;     6,7 ;     
01.06.2019 00:00:00   ;     6,9 ;     
02.06.2019 00:00:00   ;     7,0 ;     
03.06.2019 00:00:00   ;     7,0 ;     
04.06.2019 00:00:00   ;     6,9 ;     
05.06.2019 00:00:00   ;     7,0 ;     
06.06.2019 00:00:00   ;     6,9 ;     
07.06.2019 00:00:00   ;     6,9 ;     
08.06.2019 00:00:00   ;     6,8 ;     
09.06.2019 00:00:00   ;     7,1 ;     
10.06.2019 00:00:00   ;     7,1 ;     
11.06.2019 00:00:00   ;     7,2 ;     
12.06.2019 00:00:00   ;     7,2 ;     
13.06.2019 00:00:00   ;     7,4 ;     
14.06.2019 00:00:00   ;     7,4 ;     
15.06.2019 00:00:00   ;     7,5 ;     
16.06.2019 00:00:00   ;     7,2 ;     
17.06.2019 00:00:00   ;     7,4 ;     
18.06.2019 00:00:00   ;     7,4 ;     
19.06.2019 00:00:00   ;     7,4 ;     
20.06.2019 00:00:00   ;     7,6 ;     
21.06.2019 00:00:00   ;     7,6 ;     
22.06.2019 00:00:00   ;     7,7 ;     
23.06.2019 00:00:00   ;     7,6 ;     
24.06.2019 00:00:00   ;     7,9 ;     
25.06.2019 00:00:00   ;     7,8 ;     
26.06.2019 00:00:00   ;     8,0 ;     
27.06.2019 00:00:00   ;     8,0 ;     
28.06.2019 00:00:00   ;     8,0 ;     
29.06.2019 00:00:00   ;     8,1 ;     
30.06.2019 00:00:00   ;     8,1 ;     
01.07.2019 00:00:00   ;     8,1 ;     
02.07.2019 00:00:00   ;     7,6 ;     
03.07.2019 00:00:00   ;     7,8 ;     
04.07.2019 00:00:00   ;     7,7 ;     
05.07.2019 00:00:00   ;     7,8 ;     
06.07.2019 00:00:00   ;     7,9 ;     
07.07.2019 00:00:00   ;     7,8 ;     
08.07.2019 00:00:00   ;     7,7 ;     
09.07.2019 00:00:00   ;     7,5 ;     
10.07.2019 00:00:00   ;     7,5 ;     
11.07.2019 00:00:00   ;     7,6 ;     
12.07.2019 00:00:00   ;     7,7 ;     
13.07.2019 00:00:00   ;     7,4 ;     
14.07.2019 00:00:00   ;     7,2 ;     
15.07.2019 00:00:00   ;     7,3 ;     
16.07.2019 00:00:00   ;     7,4 ;     
17.07.2019 00:00:00   ;     7,5 ;     
18.07.2019 00:00:00   ;     7,6 ;     
19.07.2019 00:00:00   ;     7,7 ;     
20.07.2019 00:00:00   ;     7,8 ;     
21.07.2019 00:00:00   ;     7,8 ;     
22.07.2019 00:00:00   ;     7,9 ;     
23.07.2019 00:00:00   ;     8,0 ;     
24.07.2019 00:00:00   ;     8,1 ;     
25.07.2019 00:00:00   ;     8,1 ;     
26.07.2019 00:00:00   ;     8,1 ;     
27.07.2019 00:00:00   ;     8,1 ;     
28.07.2019 00:00:00   ;     8,1 ;     
29.07.2019 00:00:00   ;     7,8 ;     
30.07.2019 00:00:00   ;     7,6 ;     
31.07.2019 00:00:00   ;     7,7 ;     
01.08.2019 00:00:00   ;     7,8 ;     
02.08.2019 00:00:00   ;     7,8 ;     
03.08.2019 00:00:00   ;     7,8 ;     
04.08.2019 00:00:00   ;     7,8 ;     
05.08.2019 00:00:00   ;     7,9 ;     
06.08.2019 00:00:00   ;     8,0 ;     
07.08.2019 00:00:00   ;     8,1 ;     
08.08.2019 00:00:00   ;     8,1 ;     
09.08.2019 00:00:00   ;     8,1 ;     
10.08.2019 00:00:00   ;     8,1 ;     
11.08.2019 00:00:00   ;     8,2 ;     
12.08.2019 00:00:00   ;     8,1 ;     
13.08.2019 00:00:00   ;     8,1 ;     
14.08.2019 00:00:00   ;     7,9 ;     
15.08.2019 00:00:00   ;     8,0 ;     
16.08.2019 00:00:00   ;     8,0 ;     
17.08.2019 00:00:00   ;     8,0 ;     
18.08.2019 00:00:00   ;     8,1 ;     
19.08.2019 00:00:00   ;     8,0 ;     
20.08.2019 00:00:00   ;     8,2 ;     
21.08.2019 00:00:00   ;     8,0 ;     
22.08.2019 00:00:00   ;     8,2 ;     
23.08.2019 00:00:00   ;     8,2 ;     
24.08.2019 00:00:00   ;     8,3 ;     
25.08.2019 00:00:00   ;     8,2 ;     
26.08.2019 00:00:00   ;     8,4 ;     
27.08.2019 00:00:00   ;     8,4 ;     
28.08.2019 00:00:00   ;     8,5 ;     
29.08.2019 00:00:00   ;     8,7 ;     
30.08.2019 00:00:00   ;     8,2 ;     
31.08.2019 00:00:00   ;     8,4 ;     
01.09.2019 00:00:00   ;     8,4 ;     
02.09.2019 00:00:00   ;     8,0 ;     
03.09.2019 00:00:00   ;     7,5 ;     
04.09.2019 00:00:00   ;     7,5 ;     
05.09.2019 00:00:00   ;     7,6 ;     
06.09.2019 00:00:00   ;     7,6 ;     
07.09.2019 00:00:00   ;     7,7 ;     
08.09.2019 00:00:00   ;     7,8 ;     
09.09.2019 00:00:00   ;     7,7 ;     
10.09.2019 00:00:00   ;     7,6 ;     
11.09.2019 00:00:00   ;     7,6 ;     
12.09.2019 00:00:00   ;     7,6 ;     
13.09.2019 00:00:00   ;     7,8 ;     
14.09.2019 00:00:00   ;     7,9 ;     
15.09.2019 00:00:00   ;     8,0 ;     
16.09.2019 00:00:00   ;     8,0 ;     
17.09.2019 00:00:00   ;     8,1 ;     
18.09.2019 00:00:00   ;     7,9 ;     
19.09.2019 00:00:00   ;     7,6 ;     
20.09.2019 00:00:00   ;     7,5 ;     
21.09.2019 00:00:00   ;     7,5 ;     
22.09.2019 00:00:00   ;     7,7 ;     
23.09.2019 00:00:00   ;     7,8 ;     
24.09.2019 00:00:00   ;     7,9 ;     
25.09.2019 00:00:00   ;     7,9 ;     
26.09.2019 00:00:00   ;     8,1 ;     
27.09.2019 00:00:00   ;     8,2 ;     
28.09.2019 00:00:00   ;     8,0 ;     
29.09.2019 00:00:00   ;     8,0 ;     
30.09.2019 00:00:00   ;     8,1 ;     
01.10.2019 00:00:00   ;     7,8 ;     
02.10.2019 00:00:00   ;     8,1 ;     
03.10.2019 00:00:00   ;     7,8 ;     
04.10.2019 00:00:00   ;     7,8 ;     
05.10.2019 00:00:00   ;     7,6 ;     
06.10.2019 00:00:00   ;     7,4 ;     
07.10.2019 00:00:00   ;     7,4 ;     
08.10.2019 00:00:00   ;     7,4 ;     
09.10.2019 00:00:00   ;     7,4 ;     
10.10.2019 00:00:00   ;     7,3 ;     
11.10.2019 00:00:00   ;     7,4 ;     
12.10.2019 00:00:00   ;     7,4 ;     
13.10.2019 00:00:00   ;     7,5 ;     
14.10.2019 00:00:00   ;     7,5 ;     
15.10.2019 00:00:00   ;     7,5 ;     
16.10.2019 00:00:00   ;     7,6 ;     
17.10.2019 00:00:00   ;     7,5 ;     
18.10.2019 00:00:00   ;     7,5 ;     
19.10.2019 00:00:00   ;     7,7 ;     
20.10.2019 00:00:00   ;     7,7 ;     
21.10.2019 00:00:00   ;     7,8 ;     
22.10.2019 00:00:00   ;     7,6 ;     
23.10.2019 00:00:00   ;     7,6 ;     
24.10.2019 00:00:00   ;     7,6 ;     
25.10.2019 00:00:00   ;     7,6 ;     
26.10.2019 00:00:00   ;     7,3 ;     
27.10.2019 00:00:00   ;     7,3 ;     
28.10.2019 00:00:00   ;     7,8 ;     
29.10.2019 00:00:00   ;     7,5 ;     
30.10.2019 00:00:00   ;     7,4 ;     
31.10.2019 00:00:00   ;     7,4 ;     
01.11.2019 00:00:00   ;     7,4 ;     
02.11.2019 00:00:00   ;     7,5 ;     
03.11.2019 00:00:00   ;     7,5 ;     
04.11.2019 00:00:00   ;     7,5 ;     
05.11.2019 00:00:00   ;     7,5 ;     
06.11.2019 00:00:00   ;     7,7 ;     
07.11.2019 00:00:00   ;     7,6 ;     
08.11.2019 00:00:00   ;     7,6 ;     
09.11.2019 00:00:00   ;     7,5 ;     
10.11.2019 00:00:00   ;     7,4 ;     
11.11.2019 00:00:00   ;     7,4 ;     
12.11.2019 00:00:00   ;     7,3 ;     
13.11.2019 00:00:00   ;     7,2 ;     
14.11.2019 00:00:00   ;     7,3 ;     
15.11.2019 00:00:00   ;     7,7 ;     
16.11.2019 00:00:00   ;     7,6 ;     
17.11.2019 00:00:00   ;     7,5 ;     
18.11.2019 00:00:00   ;     7,5 ;     
19.11.2019 00:00:00   ;     7,4 ;     
20.11.2019 00:00:00   ;     7,4 ;     
21.11.2019 00:00:00   ;     7,5 ;     
22.11.2019 00:00:00   ;     7,3 ;     
23.11.2019 00:00:00   ;     7,4 ;     
24.11.2019 00:00:00   ;     7,4 ;     
25.11.2019 00:00:00   ;     7,3 ;     
26.11.2019 00:00:00   ;     7,3 ;     
27.11.2019 00:00:00   ;     7,1 ;     
28.11.2019 00:00:00   ;     7,3 ;     
29.11.2019 00:00:00   ;     7,3 ;     
30.11.2019 00:00:00   ;     7,3 ;     
01.12.2019 00:00:00   ;     7,3 ;     
02.12.2019 00:00:00   ;     7,4 ;     
03.12.2019 00:00:00   ;     7,2 ;     
04.12.2019 00:00:00   ;     7,0 ;     
05.12.2019 00:00:00   ;     6,9 ;     
06.12.2019 00:00:00   ;     6,9 ;     
07.12.2019 00:00:00   ;     7,1 ;     
08.12.2019 00:00:00   ;     7,1 ;     
09.12.2019 00:00:00   ;     7,2 ;     
10.12.2019 00:00:00   ;     7,4 ;     
11.12.2019 00:00:00   ;     7,2 ;     
12.12.2019 00:00:00   ;     7,3 ;     
13.12.2019 00:00:00   ;     7,1 ;     
14.12.2019 00:00:00   ;     7,1 ;     
15.12.2019 00:00:00   ;     7,3 ;     
16.12.2019 00:00:00   ;     7,4 ;     
17.12.2019 00:00:00   ;     7,4 ;     
18.12.2019 00:00:00   ;     7,4 ;     
19.12.2019 00:00:00   ;     7,3 ;     
20.12.2019 00:00:00   ;     7,3 ;     
21.12.2019 00:00:00   ;     7,3 ;     
22.12.2019 00:00:00   ;     7,3 ;     
23.12.2019 00:00:00   ;     7,3 ;     
24.12.2019 00:00:00   ;     7,2 ;     
25.12.2019 00:00:00   ;     7,2 ;     
26.12.2019 00:00:00   ;     7,2 ;     
27.12.2019 00:00:00   ;     7,1 ;     
28.12.2019 00:00:00   ;     7,2 ;     
29.12.2019 00:00:00   ;     7,0 ;     
30.12.2019 00:00:00   ;     7,1 ;     
31.12.2019 00:00:00   ;     7,2 ;     
01.01.2020 00:00:00   ;     7,2 ;     
02.01.2020 00:00:00   ;     7,1 ;     
03.01.2020 00:00:00   ;     7,1 ;     
04.01.2020 00:00:00   ;     7,2 ;     
05.01.2020 00:00:00   ;     7,2 ;     
06.01.2020 00:00:00   ;     7,1 ;     
07.01.2020 00:00:00   ;     7,1 ;     
08.01.2020 00:00:00   ;     7,2 ;     
09.01.2020 00:00:00   ;     7,2 ;     
10.01.2020 00:00:00   ;     7,2 ;     
11.01.2020 00:00:00   ;     7,3 ;     
12.01.2020 00:00:00   ;     7,1 ;     
13.01.2020 00:00:00   ;     7,1 ;     
14.01.2020 00:00:00   ;     7,1 ;     
15.01.2020 00:00:00   ;     7,0 ;     
16.01.2020 00:00:00   ;     7,2 ;     
17.01.2020 00:00:00   ;     7,2 ;     
18.01.2020 00:00:00   ;     7,2 ;     
19.01.2020 00:00:00   ;     7,1 ;     
20.01.2020 00:00:00   ;     7,1 ;     
21.01.2020 00:00:00   ;     7,0 ;     
22.01.2020 00:00:00   ;     7,0 ;     
23.01.2020 00:00:00   ;     7,0 ;     
24.01.2020 00:00:00   ;     7,0 ;     
25.01.2020 00:00:00   ;     7,1 ;     
26.01.2020 00:00:00   ;     7,2 ;     
27.01.2020 00:00:00   ;     7,3 ;     
28.01.2020 00:00:00   ;     7,1 ;     
29.01.2020 00:00:00   ;     6,8 ;     
30.01.2020 00:00:00   ;     7,1 ;     
31.01.2020 00:00:00   ;     7,0 ;     
01.02.2020 00:00:00   ;     6,9 ;     
02.02.2020 00:00:00   ;     7,0 ;     
03.02.2020 00:00:00   ;     6,9 ;     
04.02.2020 00:00:00   ;     6,9 ;     
05.02.2020 00:00:00   ;     6,6 ;     
06.02.2020 00:00:00   ;     6,7 ;     
07.02.2020 00:00:00   ;     6,9 ;     
08.02.2020 00:00:00   ;     6,9 ;     
09.02.2020 00:00:00   ;     7,0 ;     
10.02.2020 00:00:00   ;     7,0 ;     
11.02.2020 00:00:00   ;     7,0 ;     
12.02.2020 00:00:00   ;     6,9 ;     
13.02.2020 00:00:00   ;     7,1 ;     
14.02.2020 00:00:00   ;     7,1 ;     
15.02.2020 00:00:00   ;     7,1 ;     
16.02.2020 00:00:00   ;     7,1 ;     
17.02.2020 00:00:00   ;     7,2 ;     
18.02.2020 00:00:00   ;     7,1 ;     
19.02.2020 00:00:00   ;     7,0 ;     
20.02.2020 00:00:00   ;     6,9 ;     
21.02.2020 00:00:00   ;     7,0 ;     
22.02.2020 00:00:00   ;     7,1 ;     
23.02.2020 00:00:00   ;     7,3 ;     
24.02.2020 00:00:00   ;     7,0 ;     
25.02.2020 00:00:00   ;     6,8 ;     
26.02.2020 00:00:00   ;     6,8 ;     
27.02.2020 00:00:00   ;     6,9 ;     
28.02.2020 00:00:00   ;     6,8 ;     
29.02.2020 00:00:00   ;     7,0 ;     
01.03.2020 00:00:00   ;     7,1 ;     
02.03.2020 00:00:00   ;     7,2 ;     
03.03.2020 00:00:00   ;     7,2 ;     
04.03.2020 00:00:00   ;     7,1 ;     
05.03.2020 00:00:00   ;     7,1 ;     
06.03.2020 00:00:00   ;     7,2 ;     
07.03.2020 00:00:00   ;     7,2 ;     
08.03.2020 00:00:00   ;     7,1 ;     
09.03.2020 00:00:00   ;     7,1 ;     
10.03.2020 00:00:00   ;     7,2 ;     
11.03.2020 00:00:00   ;     7,1 ;     
12.03.2020 00:00:00   ;     6,9 ;     
13.03.2020 00:00:00   ;     6,8 ;     
14.03.2020 00:00:00   ;     6,9 ;     
15.03.2020 00:00:00   ;     6,9 ;     
16.03.2020 00:00:00   ;     6,9 ;     
17.03.2020 00:00:00   ;     7,1 ;     
18.03.2020 00:00:00   ;     7,2 ;     
19.03.2020 00:00:00   ;     7,1 ;     
20.03.2020 00:00:00   ;     7,1 ;     
21.03.2020 00:00:00   ;     7,0 ;     
22.03.2020 00:00:00   ;     6,9 ;     
23.03.2020 00:00:00   ;     6,9 ;     
24.03.2020 00:00:00   ;     6,9 ;     
25.03.2020 00:00:00   ;     6,9 ;     
26.03.2020 00:00:00   ;     7,0 ;     
27.03.2020 00:00:00   ;     7,2 ;     
28.03.2020 00:00:00   ;     7,2 ;     
29.03.2020 00:00:00   ;     7,3 ;     
30.03.2020 00:00:00   ;     7,1 ;     
31.03.2020 00:00:00   ;     7,1 ;     
01.04.2020 00:00:00   ;     7,1 ;     
02.04.2020 00:00:00   ;     7,1 ;     
03.04.2020 00:00:00   ;     7,3 ;     
04.04.2020 00:00:00   ;     7,4 ;     
05.04.2020 00:00:00   ;     7,3 ;     
06.04.2020 00:00:00   ;     7,4 ;     
07.04.2020 00:00:00   ;     7,3 ;     
08.04.2020 00:00:00   ;     7,3 ;     
09.04.2020 00:00:00   ;     7,3 ;     
10.04.2020 00:00:00   ;     7,3 ;     
11.04.2020 00:00:00   ;     7,3 ;     
12.04.2020 00:00:00   ;     7,3 ;     
13.04.2020 00:00:00   ;     7,3 ;     
14.04.2020 00:00:00   ;     7,1 ;     
15.04.2020 00:00:00   ;     7,0 ;     
16.04.2020 00:00:00   ;     7,2 ;     
17.04.2020 00:00:00   ;     7,3 ;     
18.04.2020 00:00:00   ;     7,4 ;     
19.04.2020 00:00:00   ;     7,3 ;     
20.04.2020 00:00:00   ;     7,1 ;     
21.04.2020 00:00:00   ;     7,1 ;     
22.04.2020 00:00:00   ;     7,2 ;     
23.04.2020 00:00:00   ;     7,2 ;     
24.04.2020 00:00:00   ;     7,3 ;     
25.04.2020 00:00:00   ;     7,4 ;     
26.04.2020 00:00:00   ;     7,3 ;     
27.04.2020 00:00:00   ;     7,4 ;     
28.04.2020 00:00:00   ;     7,5 ;     
29.04.2020 00:00:00   ;     7,5 ;     
30.04.2020 00:00:00   ;     7,6 ;     
01.05.2020 00:00:00   ;     7,5 ;     
02.05.2020 00:00:00   ;     7,5 ;     
03.05.2020 00:00:00   ;     7,4 ;     
04.05.2020 00:00:00   ;     7,5 ;     
05.05.2020 00:00:00   ;     7,4 ;     
06.05.2020 00:00:00   ;     7,5 ;     
07.05.2020 00:00:00   ;     7,5 ;     
08.05.2020 00:00:00   ;     7,6 ;     
09.05.2020 00:00:00   ;     7,8 ;     
10.05.2020 00:00:00   ;     7,7 ;     
11.05.2020 00:00:00   ;     7,7 ;     
12.05.2020 00:00:00   ;     7,5 ;     
13.05.2020 00:00:00   ;     7,6 ;     
14.05.2020 00:00:00   ;     7,6 ;     
15.05.2020 00:00:00   ;     7,5 ;     
16.05.2020 00:00:00   ;     7,7 ;     
17.05.2020 00:00:00   ;     7,7 ;     
18.05.2020 00:00:00   ;     7,7 ;     
19.05.2020 00:00:00   ;     7,9 ;     
20.05.2020 00:00:00   ;     7,9 ;     
21.05.2020 00:00:00   ;     8,1 ;     
22.05.2020 00:00:00   ;     8,0 ;     
23.05.2020 00:00:00   ;     8,2 ;     
24.05.2020 00:00:00   ;     7,6 ;     
25.05.2020 00:00:00   ;     7,6 ;     
26.05.2020 00:00:00   ;     7,4 ;     
27.05.2020 00:00:00   ;     7,3 ;     
28.05.2020 00:00:00   ;     7,2 ;     
29.05.2020 00:00:00   ;     7,2 ;     
30.05.2020 00:00:00   ;     7,2 ;     
31.05.2020 00:00:00   ;     7,3 ;     
01.06.2020 00:00:00   ;     7,5 ;     
02.06.2020 00:00:00   ;     7,5 ;     
03.06.2020 00:00:00   ;     7,6 ;     
04.06.2020 00:00:00   ;     7,7 ;     
05.06.2020 00:00:00   ;     7,7 ;     
06.06.2020 00:00:00   ;     7,8 ;     
07.06.2020 00:00:00   ;     7,8 ;     
08.06.2020 00:00:00   ;     7,7 ;     
09.06.2020 00:00:00   ;     7,8 ;     
10.06.2020 00:00:00   ;     7,8 ;     
11.06.2020 00:00:00   ;     7,8 ;     
12.06.2020 00:00:00   ;     7,9 ;     
13.06.2020 00:00:00   ;     8,0 ;     
14.06.2020 00:00:00   ;     7,9 ;     
15.06.2020 00:00:00   ;     7,8 ;     
16.06.2020 00:00:00   ;     7,4 ;     
17.06.2020 00:00:00   ;     7,5 ;     
18.06.2020 00:00:00   ;     7,4 ;     
19.06.2020 00:00:00   ;     7,4 ;     
20.06.2020 00:00:00   ;     7,4 ;     
21.06.2020 00:00:00   ;     7,1 ;     
22.06.2020 00:00:00   ;     7,2 ;     
23.06.2020 00:00:00   ;     7,4 ;     
24.06.2020 00:00:00   ;     7,5 ;     
25.06.2020 00:00:00   ;     7,5 ;     
26.06.2020 00:00:00   ;     7,6 ;     
27.06.2020 00:00:00   ;     7,7 ;     
28.06.2020 00:00:00   ;     7,8 ;     
29.06.2020 00:00:00   ;     7,7 ;     
30.06.2020 00:00:00   ;     7,8 ;     
01.07.2020 00:00:00   ;     7,7 ;     
02.07.2020 00:00:00   ;     7,7 ;     
03.07.2020 00:00:00   ;     7,5 ;     
04.07.2020 00:00:00   ;     7,5 ;     
05.07.2020 00:00:00   ;     7,5 ;     
06.07.2020 00:00:00   ;     7,6 ;     
07.07.2020 00:00:00   ;     7,7 ;     
08.07.2020 00:00:00   ;     7,7 ;     
09.07.2020 00:00:00   ;     7,8 ;     
10.07.2020 00:00:00   ;     7,9 ;     
11.07.2020 00:00:00   ;     7,8 ;     
12.07.2020 00:00:00   ;     7,5 ;     
13.07.2020 00:00:00   ;     7,6 ;     
14.07.2020 00:00:00   ;     7,6 ;     
15.07.2020 00:00:00   ;     7,7 ;     
16.07.2020 00:00:00   ;     7,7 ;     
17.07.2020 00:00:00   ;     7,5 ;     
18.07.2020 00:00:00   ;     7,3 ;     
19.07.2020 00:00:00   ;     7,2 ;     
20.07.2020 00:00:00   ;     7,4 ;     
21.07.2020 00:00:00   ;     7,5 ;     
22.07.2020 00:00:00   ;     7,5 ;     
23.07.2020 00:00:00   ;     7,6 ;     
24.07.2020 00:00:00   ;     7,7 ;     
25.07.2020 00:00:00   ;     7,8 ;     
26.07.2020 00:00:00   ;     7,6 ;     
27.07.2020 00:00:00   ;     7,7 ;     
28.07.2020 00:00:00   ;     7,8 ;     
29.07.2020 00:00:00   ;     7,8 ;     
30.07.2020 00:00:00   ;     7,8 ;     
31.07.2020 00:00:00   ;     7,8 ;     
01.08.2020 00:00:00   ;     7,8 ;     
02.08.2020 00:00:00   ;     7,9 ;     
03.08.2020 00:00:00   ;     7,9 ;     
04.08.2020 00:00:00   ;     7,4 ;     
05.08.2020 00:00:00   ;     7,3 ;     
06.08.2020 00:00:00   ;     7,6 ;     
07.08.2020 00:00:00   ;     7,7 ;     
08.08.2020 00:00:00   ;     7,7 ;     
09.08.2020 00:00:00   ;     7,7 ;     
10.08.2020 00:00:00   ;     7,8 ;     
11.08.2020 00:00:00   ;     7,9 ;     
12.08.2020 00:00:00   ;     7,9 ;     
13.08.2020 00:00:00   ;     8,0 ;     
14.08.2020 00:00:00   ;     7,5 ;     
15.08.2020 00:00:00   ;     7,6 ;     
16.08.2020 00:00:00   ;     7,7 ;     
17.08.2020 00:00:00   ;     7,8 ;     
18.08.2020 00:00:00   ;     7,6 ;     
19.08.2020 00:00:00   ;     7,5 ;     
20.08.2020 00:00:00   ;     7,7 ;     
21.08.2020 00:00:00   ;     7,7 ;     
22.08.2020 00:00:00   ;     7,8 ;     
23.08.2020 00:00:00   ;     7,8 ;     
24.08.2020 00:00:00   ;     7,7 ;     
25.08.2020 00:00:00   ;     7,8 ;     
26.08.2020 00:00:00   ;     7,8 ;     
27.08.2020 00:00:00   ;     7,9 ;     
28.08.2020 00:00:00   ;     7,9 ;     
29.08.2020 00:00:00   ;     8,0 ;     
30.08.2020 00:00:00   ;     7,9 ;     
31.08.2020 00:00:00   ;     7,8 ;     
01.09.2020 00:00:00   ;     7,6 ;     
02.09.2020 00:00:00   ;     7,4 ;     
03.09.2020 00:00:00   ;     7,6 ;     
04.09.2020 00:00:00   ;     7,6 ;     
05.09.2020 00:00:00   ;     7,7 ;     
06.09.2020 00:00:00   ;     7,8 ;     
07.09.2020 00:00:00   ;     7,6 ;     
08.09.2020 00:00:00   ;     7,6 ;     
09.09.2020 00:00:00   ;     7,7 ;     
10.09.2020 00:00:00   ;     7,7 ;     
11.09.2020 00:00:00   ;     7,7 ;     
12.09.2020 00:00:00   ;     7,8 ;     
13.09.2020 00:00:00   ;     7,9 ;     
14.09.2020 00:00:00   ;     7,9 ;     
15.09.2020 00:00:00   ;     7,8 ;     
16.09.2020 00:00:00   ;     7,9 ;     
17.09.2020 00:00:00   ;     7,9 ;     
18.09.2020 00:00:00   ;     7,9 ;     
19.09.2020 00:00:00   ;     7,8 ;     
20.09.2020 00:00:00   ;     7,8 ;     
21.09.2020 00:00:00   ;     7,9 ;     
22.09.2020 00:00:00   ;     8,0 ;     
23.09.2020 00:00:00   ;     7,9 ;     
24.09.2020 00:00:00   ;     8,0 ;     
25.09.2020 00:00:00   ;     7,9 ;     
26.09.2020 00:00:00   ;     7,6 ;     
27.09.2020 00:00:00   ;     7,5 ;     
28.09.2020 00:00:00   ;     7,5 ;     
29.09.2020 00:00:00   ;     7,5 ;     
30.09.2020 00:00:00   ;     7,5 ;     
01.10.2020 00:00:00   ;     7,5 ;     
02.10.2020 00:00:00   ;     7,5 ;     
03.10.2020 00:00:00   ;     7,7 ;     
04.10.2020 00:00:00   ;     7,7 ;     
05.10.2020 00:00:00   ;     7,7 ;     
06.10.2020 00:00:00   ;     7,7 ;     
07.10.2020 00:00:00   ;     7,8 ;     
08.10.2020 00:00:00   ;     7,8 ;     
09.10.2020 00:00:00   ;     7,8 ;     
10.10.2020 00:00:00   ;     7,7 ;     
11.10.2020 00:00:00   ;     7,7 ;     
12.10.2020 00:00:00   ;     7,7 ;     
13.10.2020 00:00:00   ;     7,7 ;     
14.10.2020 00:00:00   ;     7,7 ;     
15.10.2020 00:00:00   ;     7,6 ;     
16.10.2020 00:00:00   ;     7,6 ;     
17.10.2020 00:00:00   ;     7,5 ;     
18.10.2020 00:00:00   ;     7,5 ;     
19.10.2020 00:00:00   ;     7,5 ;     
20.10.2020 00:00:00   ;     7,4 ;     
21.10.2020 00:00:00   ;     7,5 ;     
22.10.2020 00:00:00   ;     7,5 ;     
23.10.2020 00:00:00   ;     7,5 ;     
24.10.2020 00:00:00   ;     7,6 ;     
25.10.2020 00:00:00   ;     7,6 ;     
26.10.2020 00:00:00   ;     7,6 ;     
27.10.2020 00:00:00   ;     7,6 ;     
28.10.2020 00:00:00   ;     7,6 ;     
29.10.2020 00:00:00   ;     7,6 ;     
30.10.2020 00:00:00   ;     7,3 ;     
31.10.2020 00:00:00   ;     7,3 ;     
01.11.2020 00:00:00   ;     7,4 ;     
02.11.2020 00:00:00   ;     7,5 ;     
03.11.2020 00:00:00   ;     7,5 ;     
04.11.2020 00:00:00   ;     7,6 ;     
05.11.2020 00:00:00   ;     7,6 ;     
06.11.2020 00:00:00   ;     7,5 ;     
07.11.2020 00:00:00   ;     7,5 ;     
08.11.2020 00:00:00   ;     7,5 ;     
09.11.2020 00:00:00   ;     7,5 ;     
10.11.2020 00:00:00   ;     7,5 ;     
11.11.2020 00:00:00   ;     7,6 ;     
12.11.2020 00:00:00   ;     7,7 ;     
13.11.2020 00:00:00   ;     7,4 ;     
14.11.2020 00:00:00   ;     7,5 ;     
15.11.2020 00:00:00   ;     7,4 ;     
16.11.2020 00:00:00   ;     7,5 ;     
17.11.2020 00:00:00   ;     7,6 ;     
18.11.2020 00:00:00   ;     7,4 ;     
19.11.2020 00:00:00   ;     7,5 ;     
20.11.2020 00:00:00   ;     7,6 ;     
21.11.2020 00:00:00   ;     7,5 ;     
22.11.2020 00:00:00   ;     7,4 ;     
23.11.2020 00:00:00   ;     7,4 ;     
24.11.2020 00:00:00   ;     7,5 ;     
25.11.2020 00:00:00   ;     7,3 ;     
26.11.2020 00:00:00   ;     7,2 ;     
27.11.2020 00:00:00   ;     7,2 ;     
28.11.2020 00:00:00   ;     7,2 ;     
29.11.2020 00:00:00   ;     7,3 ;     
30.11.2020 00:00:00   ;     7,0 ;     
01.12.2020 00:00:00   ;     6,8 ;     
02.12.2020 00:00:00   ;     6,8 ;     
03.12.2020 00:00:00   ;     6,8 ;     
04.12.2020 00:00:00   ;     6,7 ;     
05.12.2020 00:00:00   ;     7,3 ;     
06.12.2020 00:00:00   ;     7,6 ;     
07.12.2020 00:00:00   ;     7,2 ;     
08.12.2020 00:00:00   ;     7,1 ;     
09.12.2020 00:00:00   ;     7,1 ;     
10.12.2020 00:00:00   ;     6,9 ;     
11.12.2020 00:00:00   ;     6,8 ;     
12.12.2020 00:00:00   ;     6,4 ;     
13.12.2020 00:00:00   ;     6,6 ;     
14.12.2020 00:00:00   ;     7,2 ;     
15.12.2020 00:00:00   ;     7,3 ;     
16.12.2020 00:00:00   ;     7,4 ;     
17.12.2020 00:00:00   ;     7,4 ;     
18.12.2020 00:00:00   ;     7,3 ;     
19.12.2020 00:00:00   ;     7,2 ;     
20.12.2020 00:00:00   ;     7,0 ;     
21.12.2020 00:00:00   ;     7,0 ;     
22.12.2020 00:00:00   ;     7,2 ;     
23.12.2020 00:00:00   ;     7,2 ;     
24.12.2020 00:00:00   ;     7,3 ;     
25.12.2020 00:00:00   ;     7,3 ;     
26.12.2020 00:00:00   ;     7,2 ;     
27.12.2020 00:00:00   ;     7,1 ;     
28.12.2020 00:00:00   ;     7,3 ;     
29.12.2020 00:00:00   ;     7,3 ;     
30.12.2020 00:00:00   ;     7,3 ;     
31.12.2020 00:00:00   ;     7,2 ;     
01.01.2021 00:00:00   ;Lücke        ; 
