Messstelle:                ;Ernstbrunn
HZB-Nummer:                ;109157
HD-Nummer:                 ;1133
DBMS-Nummer:               ;3000187
Sachgebiet:                ;NLV
Dienststelle:              ;HD-Niederösterreich
Messstellenbetreiber:      ;Hydrographischer Dienst
Höhe:
 gültig seit:              ;Höhe [m ü.A.]:
  01.01.1887               ;345
  01.01.1998               ;268
Geographische Koordinaten (Referenzellipsoid: Bessel 1841):
 gültig seit:              ;Länge (Grad,Min,Sek):    ;Breite  (Grad,Min,Sek):
  01.01.1998               ;16 21 42                 ;48 31 24
  01.01.1887               ;16 20 21                 ;48 31 52
Exportzeitreihe:           ;Niederschlag,I,Sum,T,1,O,Z,0,,,;original N-Messer-Tagessummen
Exportqualität:            ;MAXQUAL
Exportzeitraum:            ;01.01.1971 07:00; bis ;01.01.2022 07:00
Hinweis:                   ;Der Intervallwert gilt bis zum nächsten Zeitpunkt mit einem Wert oder Lücke
Hinweis:                   ;Messwert=0,001 - nicht messbarer Niederschlag
Werteformat:               ;1 Nachkommastelle
Einheit:                   ;mm
Werte:
01.01.1981 07:00:00   ;     0,5
02.01.1981 07:00:00   ;     0,0
03.01.1981 07:00:00   ;     0,0
04.01.1981 07:00:00   ;     2,0
05.01.1981 07:00:00   ;     0,0
06.01.1981 07:00:00   ;     8,0
07.01.1981 07:00:00   ;     0,0
08.01.1981 07:00:00   ;     0,0
09.01.1981 07:00:00   ;     0,0
10.01.1981 07:00:00   ;     0,0
11.01.1981 07:00:00   ;     0,0
12.01.1981 07:00:00   ;     0,0
13.01.1981 07:00:00   ;     0,0
14.01.1981 07:00:00   ;     0,0
15.01.1981 07:00:00   ;     0,5
16.01.1981 07:00:00   ;     1,0
17.01.1981 07:00:00   ;     0,0
18.01.1981 07:00:00   ;     2,0
19.01.1981 07:00:00   ;     0,5
20.01.1981 07:00:00   ;     0,0
21.01.1981 07:00:00   ;     0,0
22.01.1981 07:00:00   ;     0,0
23.01.1981 07:00:00   ;     0,0
24.01.1981 07:00:00   ;     0,0
25.01.1981 07:00:00   ;     1,0
26.01.1981 07:00:00   ;     0,0
27.01.1981 07:00:00   ;     0,0
28.01.1981 07:00:00   ;     0,0
29.01.1981 07:00:00   ;     0,0
30.01.1981 07:00:00   ;     0,0
31.01.1981 07:00:00   ;     0,0
01.02.1981 07:00:00   ;     0,0
02.02.1981 07:00:00   ;     0,0
03.02.1981 07:00:00   ;     1,0
04.02.1981 07:00:00   ;     0,0
05.02.1981 07:00:00   ;     0,0
06.02.1981 07:00:00   ;     3,0
07.02.1981 07:00:00   ;     0,0
08.02.1981 07:00:00   ;     0,0
09.02.1981 07:00:00   ;     0,0
10.02.1981 07:00:00   ;     0,0
11.02.1981 07:00:00   ;     0,0
12.02.1981 07:00:00   ;     0,0
13.02.1981 07:00:00   ;     0,5
14.02.1981 07:00:00   ;     1,5
15.02.1981 07:00:00   ;     0,0
16.02.1981 07:00:00   ;     0,0
17.02.1981 07:00:00   ;     0,0
18.02.1981 07:00:00   ;     1,0
19.02.1981 07:00:00   ;     0,5
20.02.1981 07:00:00   ;     0,0
21.02.1981 07:00:00   ;    10,0
22.02.1981 07:00:00   ;     2,5
23.02.1981 07:00:00   ;     0,0
24.02.1981 07:00:00   ;     0,0
25.02.1981 07:00:00   ;     0,0
26.02.1981 07:00:00   ;     0,0
27.02.1981 07:00:00   ;     0,0
28.02.1981 07:00:00   ;     0,0
01.03.1981 07:00:00   ;     0,0
02.03.1981 07:00:00   ;     0,0
03.03.1981 07:00:00   ;     0,0
04.03.1981 07:00:00   ;     0,0
05.03.1981 07:00:00   ;     0,0
06.03.1981 07:00:00   ;     0,0
07.03.1981 07:00:00   ;     0,0
08.03.1981 07:00:00   ;     2,0
09.03.1981 07:00:00   ;     3,0
10.03.1981 07:00:00   ;     4,0
11.03.1981 07:00:00   ;     5,0
12.03.1981 07:00:00   ;     0,0
13.03.1981 07:00:00   ;     0,0
14.03.1981 07:00:00   ;     0,0
15.03.1981 07:00:00   ;     0,9
16.03.1981 07:00:00   ;     4,1
17.03.1981 07:00:00   ;     2,0
18.03.1981 07:00:00   ;     1,0
19.03.1981 07:00:00   ;     0,0
20.03.1981 07:00:00   ;     0,0
21.03.1981 07:00:00   ;     0,0
22.03.1981 07:00:00   ;     0,0
23.03.1981 07:00:00   ;     4,0
24.03.1981 07:00:00   ;     1,0
25.03.1981 07:00:00   ;     0,0
26.03.1981 07:00:00   ;     0,0
27.03.1981 07:00:00   ;     0,0
28.03.1981 07:00:00   ;     0,0
29.03.1981 07:00:00   ;     0,0
30.03.1981 07:00:00   ;     0,0
31.03.1981 07:00:00   ;     0,0
01.04.1981 07:00:00   ;     0,0
02.04.1981 07:00:00   ;     0,0
03.04.1981 07:00:00   ;     0,0
04.04.1981 07:00:00   ;     0,0
05.04.1981 07:00:00   ;     0,0
06.04.1981 07:00:00   ;     0,0
07.04.1981 07:00:00   ;     0,0
08.04.1981 07:00:00   ;     0,0
09.04.1981 07:00:00   ;     0,0
10.04.1981 07:00:00   ;     0,0
11.04.1981 07:00:00   ;     0,0
12.04.1981 07:00:00   ;     0,0
13.04.1981 07:00:00   ;     0,0
14.04.1981 07:00:00   ;     0,0
15.04.1981 07:00:00   ;     0,0
16.04.1981 07:00:00   ;     0,0
17.04.1981 07:00:00   ;     0,0
18.04.1981 07:00:00   ;     1,0
19.04.1981 07:00:00   ;     0,0
20.04.1981 07:00:00   ;     0,0
21.04.1981 07:00:00   ;     0,0
22.04.1981 07:00:00   ;     0,0
23.04.1981 07:00:00   ;     0,0
24.04.1981 07:00:00   ;     0,2
25.04.1981 07:00:00   ;     0,5
26.04.1981 07:00:00   ;     2,0
27.04.1981 07:00:00   ;     6,0
28.04.1981 07:00:00   ;     2,3
29.04.1981 07:00:00   ;     2,7
30.04.1981 07:00:00   ;     3,5
01.05.1981 07:00:00   ;     4,3
02.05.1981 07:00:00   ;     0,0
03.05.1981 07:00:00   ;     0,0
04.05.1981 07:00:00   ;    23,3
05.05.1981 07:00:00   ;     0,0
06.05.1981 07:00:00   ;     0,0
07.05.1981 07:00:00   ;     0,0
08.05.1981 07:00:00   ;     0,0
09.05.1981 07:00:00   ;     0,0
10.05.1981 07:00:00   ;     0,0
11.05.1981 07:00:00   ;     0,0
12.05.1981 07:00:00   ;     0,0
13.05.1981 07:00:00   ;     3,4
14.05.1981 07:00:00   ;    20,8
15.05.1981 07:00:00   ;     0,0
16.05.1981 07:00:00   ;     0,0
17.05.1981 07:00:00   ;     2,3
18.05.1981 07:00:00   ;     0,0
19.05.1981 07:00:00   ;     0,0
20.05.1981 07:00:00   ;     0,7
21.05.1981 07:00:00   ;     0,0
22.05.1981 07:00:00   ;     1,0
23.05.1981 07:00:00   ;     4,6
24.05.1981 07:00:00   ;     1,2
25.05.1981 07:00:00   ;     0,0
26.05.1981 07:00:00   ;     0,0
27.05.1981 07:00:00   ;     0,0
28.05.1981 07:00:00   ;     0,0
29.05.1981 07:00:00   ;     0,0
30.05.1981 07:00:00   ;     2,6
31.05.1981 07:00:00   ;     0,0
01.06.1981 07:00:00   ;     0,0
02.06.1981 07:00:00   ;     0,0
03.06.1981 07:00:00   ;     0,0
04.06.1981 07:00:00   ;     1,0
05.06.1981 07:00:00   ;     0,0
06.06.1981 07:00:00   ;     0,0
07.06.1981 07:00:00   ;     3,7
08.06.1981 07:00:00   ;     2,2
09.06.1981 07:00:00   ;     6,6
10.06.1981 07:00:00   ;     0,0
11.06.1981 07:00:00   ;     0,0
12.06.1981 07:00:00   ;     0,0
13.06.1981 07:00:00   ;     0,0
14.06.1981 07:00:00   ;     0,0
15.06.1981 07:00:00   ;     2,0
16.06.1981 07:00:00   ;     0,0
17.06.1981 07:00:00   ;     0,0
18.06.1981 07:00:00   ;     2,8
19.06.1981 07:00:00   ;     1,7
20.06.1981 07:00:00   ;     0,0
21.06.1981 07:00:00   ;     0,0
22.06.1981 07:00:00   ;     0,0
23.06.1981 07:00:00   ;    18,1
24.06.1981 07:00:00   ;    16,9
25.06.1981 07:00:00   ;     0,0
26.06.1981 07:00:00   ;    12,0
27.06.1981 07:00:00   ;     0,0
28.06.1981 07:00:00   ;     0,0
29.06.1981 07:00:00   ;     0,0
30.06.1981 07:00:00   ;     0,0
01.07.1981 07:00:00   ;     0,0
02.07.1981 07:00:00   ;     0,0
03.07.1981 07:00:00   ;     0,0
04.07.1981 07:00:00   ;     0,0
05.07.1981 07:00:00   ;     0,0
06.07.1981 07:00:00   ;     0,0
07.07.1981 07:00:00   ;     0,0
08.07.1981 07:00:00   ;     0,0
09.07.1981 07:00:00   ;     0,0
10.07.1981 07:00:00   ;     0,0
11.07.1981 07:00:00   ;     0,0
12.07.1981 07:00:00   ;     0,0
13.07.1981 07:00:00   ;     3,2
14.07.1981 07:00:00   ;     5,4
15.07.1981 07:00:00   ;     2,3
16.07.1981 07:00:00   ;     0,0
17.07.1981 07:00:00   ;     9,2
18.07.1981 07:00:00   ;     8,8
19.07.1981 07:00:00   ;     7,5
20.07.1981 07:00:00   ;    10,3
21.07.1981 07:00:00   ;     0,0
22.07.1981 07:00:00   ;     0,0
23.07.1981 07:00:00   ;     0,0
24.07.1981 07:00:00   ;    18,7
25.07.1981 07:00:00   ;     9,8
26.07.1981 07:00:00   ;     1,5
27.07.1981 07:00:00   ;     6,8
28.07.1981 07:00:00   ;     1,2
29.07.1981 07:00:00   ;     0,0
30.07.1981 07:00:00   ;     0,0
31.07.1981 07:00:00   ;     0,0
01.08.1981 07:00:00   ;     3,2
02.08.1981 07:00:00   ;     0,0
03.08.1981 07:00:00   ;     0,0
04.08.1981 07:00:00   ;     0,0
05.08.1981 07:00:00   ;     0,0
06.08.1981 07:00:00   ;     0,0
07.08.1981 07:00:00   ;     0,0
08.08.1981 07:00:00   ;     0,0
09.08.1981 07:00:00   ;     0,0
10.08.1981 07:00:00   ;     0,0
11.08.1981 07:00:00   ;     0,0
12.08.1981 07:00:00   ;     0,0
13.08.1981 07:00:00   ;     0,0
14.08.1981 07:00:00   ;     0,0
15.08.1981 07:00:00   ;     0,0
16.08.1981 07:00:00   ;     6,3
17.08.1981 07:00:00   ;     0,0
18.08.1981 07:00:00   ;     0,0
19.08.1981 07:00:00   ;     0,0
20.08.1981 07:00:00   ;     3,8
21.08.1981 07:00:00   ;     3,1
22.08.1981 07:00:00   ;     1,4
23.08.1981 07:00:00   ;     1,3
24.08.1981 07:00:00   ;     0,0
25.08.1981 07:00:00   ;     0,0
26.08.1981 07:00:00   ;     1,7
27.08.1981 07:00:00   ;     4,8
28.08.1981 07:00:00   ;     0,0
29.08.1981 07:00:00   ;     0,0
30.08.1981 07:00:00   ;     0,0
31.08.1981 07:00:00   ;     0,0
01.09.1981 07:00:00   ;     2,3
02.09.1981 07:00:00   ;     0,0
03.09.1981 07:00:00   ;     0,0
04.09.1981 07:00:00   ;     0,0
05.09.1981 07:00:00   ;     0,0
06.09.1981 07:00:00   ;     0,0
07.09.1981 07:00:00   ;     0,0
08.09.1981 07:00:00   ;     0,0
09.09.1981 07:00:00   ;     0,0
10.09.1981 07:00:00   ;     0,0
11.09.1981 07:00:00   ;     0,0
12.09.1981 07:00:00   ;     0,0
13.09.1981 07:00:00   ;    25,0
14.09.1981 07:00:00   ;     5,0
15.09.1981 07:00:00   ;     0,0
16.09.1981 07:00:00   ;     9,0
17.09.1981 07:00:00   ;     0,0
18.09.1981 07:00:00   ;     0,0
19.09.1981 07:00:00   ;     2,2
20.09.1981 07:00:00   ;     0,0
21.09.1981 07:00:00   ;     0,0
22.09.1981 07:00:00   ;     0,0
23.09.1981 07:00:00   ;     1,2
24.09.1981 07:00:00   ;    16,1
25.09.1981 07:00:00   ;     0,8
26.09.1981 07:00:00   ;     0,0
27.09.1981 07:00:00   ;     0,0
28.09.1981 07:00:00   ;    12,5
29.09.1981 07:00:00   ;    13,4
30.09.1981 07:00:00   ;    33,5
01.10.1981 07:00:00   ;     0,0
02.10.1981 07:00:00   ;     0,0
03.10.1981 07:00:00   ;     0,0
04.10.1981 07:00:00   ;     0,0
05.10.1981 07:00:00   ;     0,0
06.10.1981 07:00:00   ;     0,0
07.10.1981 07:00:00   ;     0,0
08.10.1981 07:00:00   ;     0,0
09.10.1981 07:00:00   ;     0,0
10.10.1981 07:00:00   ;    11,1
11.10.1981 07:00:00   ;     2,2
12.10.1981 07:00:00   ;     0,0
13.10.1981 07:00:00   ;     0,0
14.10.1981 07:00:00   ;     1,2
15.10.1981 07:00:00   ;     2,6
16.10.1981 07:00:00   ;     0,0
17.10.1981 07:00:00   ;     0,0
18.10.1981 07:00:00   ;     2,6
19.10.1981 07:00:00   ;     0,0
20.10.1981 07:00:00   ;     0,0
21.10.1981 07:00:00   ;     0,0
22.10.1981 07:00:00   ;    20,6
23.10.1981 07:00:00   ;     0,0
24.10.1981 07:00:00   ;     0,0
25.10.1981 07:00:00   ;     0,0
26.10.1981 07:00:00   ;     0,0
27.10.1981 07:00:00   ;     5,1
28.10.1981 07:00:00   ;     0,0
29.10.1981 07:00:00   ;     0,0
30.10.1981 07:00:00   ;     0,0
31.10.1981 07:00:00   ;     0,0
01.11.1981 07:00:00   ;     1,8
02.11.1981 07:00:00   ;     0,0
03.11.1981 07:00:00   ;     0,0
04.11.1981 07:00:00   ;     0,4
05.11.1981 07:00:00   ;     0,0
06.11.1981 07:00:00   ;     0,0
07.11.1981 07:00:00   ;     0,0
08.11.1981 07:00:00   ;     0,0
09.11.1981 07:00:00   ;     4,8
10.11.1981 07:00:00   ;     0,0
11.11.1981 07:00:00   ;     2,9
12.11.1981 07:00:00   ;     0,0
13.11.1981 07:00:00   ;     0,0
14.11.1981 07:00:00   ;     0,0
15.11.1981 07:00:00   ;     0,0
16.11.1981 07:00:00   ;     5,0
17.11.1981 07:00:00   ;     0,0
18.11.1981 07:00:00   ;     0,0
19.11.1981 07:00:00   ;     1,6
20.11.1981 07:00:00   ;     0,0
21.11.1981 07:00:00   ;     0,0
22.11.1981 07:00:00   ;     0,0
23.11.1981 07:00:00   ;     0,0
24.11.1981 07:00:00   ;     0,0
25.11.1981 07:00:00   ;     0,0
26.11.1981 07:00:00   ;     3,0
27.11.1981 07:00:00   ;    12,9
28.11.1981 07:00:00   ;     1,2
29.11.1981 07:00:00   ;     0,0
30.11.1981 07:00:00   ;     3,6
01.12.1981 07:00:00   ;     1,5
02.12.1981 07:00:00   ;     0,0
03.12.1981 07:00:00   ;     1,1
04.12.1981 07:00:00   ;     5,5
05.12.1981 07:00:00   ;     2,4
06.12.1981 07:00:00   ;     0,0
07.12.1981 07:00:00   ;     0,0
08.12.1981 07:00:00   ;     0,0
09.12.1981 07:00:00   ;     0,0
10.12.1981 07:00:00   ;     0,0
11.12.1981 07:00:00   ;     0,0
12.12.1981 07:00:00   ;     0,0
13.12.1981 07:00:00   ;     0,0
14.12.1981 07:00:00   ;     2,4
15.12.1981 07:00:00   ;     0,0
16.12.1981 07:00:00   ;     3,5
17.12.1981 07:00:00   ;     0,0
18.12.1981 07:00:00   ;     0,0
19.12.1981 07:00:00   ;    12,0
20.12.1981 07:00:00   ;     0,0
21.12.1981 07:00:00   ;     0,0
22.12.1981 07:00:00   ;     0,0
23.12.1981 07:00:00   ;     4,0
24.12.1981 07:00:00   ;     2,0
25.12.1981 07:00:00   ;    14,5
26.12.1981 07:00:00   ;     0,0
27.12.1981 07:00:00   ;     0,0
28.12.1981 07:00:00   ;     0,0
29.12.1981 07:00:00   ;     0,0
30.12.1981 07:00:00   ;     0,0
31.12.1981 07:00:00   ;     9,1
01.01.1982 07:00:00   ;     9,4
02.01.1982 07:00:00   ;     0,0
03.01.1982 07:00:00   ;     0,0
04.01.1982 07:00:00   ;     0,0
05.01.1982 07:00:00   ;     0,0
06.01.1982 07:00:00   ;     0,0
07.01.1982 07:00:00   ;     0,0
08.01.1982 07:00:00   ;     0,0
09.01.1982 07:00:00   ;     6,0
10.01.1982 07:00:00   ;     0,0
11.01.1982 07:00:00   ;     0,0
12.01.1982 07:00:00   ;     2,3
13.01.1982 07:00:00   ;     0,0
14.01.1982 07:00:00   ;     0,0
15.01.1982 07:00:00   ;     1,8
16.01.1982 07:00:00   ;     0,0
17.01.1982 07:00:00   ;     0,0
18.01.1982 07:00:00   ;     0,0
19.01.1982 07:00:00   ;     0,0
20.01.1982 07:00:00   ;     0,0
21.01.1982 07:00:00   ;     0,0
22.01.1982 07:00:00   ;     0,0
23.01.1982 07:00:00   ;     0,0
24.01.1982 07:00:00   ;     0,0
25.01.1982 07:00:00   ;     0,0
26.01.1982 07:00:00   ;     0,0
27.01.1982 07:00:00   ;     0,0
28.01.1982 07:00:00   ;     0,0
29.01.1982 07:00:00   ;     5,3
30.01.1982 07:00:00   ;     7,9
31.01.1982 07:00:00   ;     0,0
01.02.1982 07:00:00   ;     0,0
02.02.1982 07:00:00   ;     0,0
03.02.1982 07:00:00   ;     0,0
04.02.1982 07:00:00   ;     0,0
05.02.1982 07:00:00   ;     0,0
06.02.1982 07:00:00   ;     0,0
07.02.1982 07:00:00   ;     0,0
08.02.1982 07:00:00   ;     0,0
09.02.1982 07:00:00   ;     0,0
10.02.1982 07:00:00   ;     0,0
11.02.1982 07:00:00   ;     0,0
12.02.1982 07:00:00   ;     0,0
13.02.1982 07:00:00   ;     0,0
14.02.1982 07:00:00   ;     0,0
15.02.1982 07:00:00   ;     0,0
16.02.1982 07:00:00   ;     0,0
17.02.1982 07:00:00   ;     0,0
18.02.1982 07:00:00   ;     0,0
19.02.1982 07:00:00   ;     0,0
20.02.1982 07:00:00   ;     0,0
21.02.1982 07:00:00   ;     0,0
22.02.1982 07:00:00   ;     0,9
23.02.1982 07:00:00   ;     0,0
24.02.1982 07:00:00   ;     0,0
25.02.1982 07:00:00   ;     1,0
26.02.1982 07:00:00   ;     0,0
27.02.1982 07:00:00   ;     0,0
28.02.1982 07:00:00   ;     0,0
01.03.1982 07:00:00   ;     0,0
02.03.1982 07:00:00   ;     0,0
03.03.1982 07:00:00   ;     0,0
04.03.1982 07:00:00   ;     0,0
05.03.1982 07:00:00   ;     0,0
06.03.1982 07:00:00   ;     0,0
07.03.1982 07:00:00   ;     0,0
08.03.1982 07:00:00   ;     0,0
09.03.1982 07:00:00   ;     0,0
10.03.1982 07:00:00   ;     0,0
11.03.1982 07:00:00   ;     1,6
12.03.1982 07:00:00   ;     1,0
13.03.1982 07:00:00   ;     0,0
14.03.1982 07:00:00   ;     0,0
15.03.1982 07:00:00   ;     0,0
16.03.1982 07:00:00   ;     0,0
17.03.1982 07:00:00   ;     0,0
18.03.1982 07:00:00   ;    14,5
19.03.1982 07:00:00   ;     5,1
20.03.1982 07:00:00   ;     0,0
21.03.1982 07:00:00   ;     0,0
22.03.1982 07:00:00   ;     0,0
23.03.1982 07:00:00   ;     0,0
24.03.1982 07:00:00   ;     0,0
25.03.1982 07:00:00   ;     0,0
26.03.1982 07:00:00   ;     0,0
27.03.1982 07:00:00   ;     0,0
28.03.1982 07:00:00   ;     0,0
29.03.1982 07:00:00   ;     0,0
30.03.1982 07:00:00   ;     0,5
31.03.1982 07:00:00   ;     1,4
01.04.1982 07:00:00   ;     0,0
02.04.1982 07:00:00   ;     0,0
03.04.1982 07:00:00   ;     0,0
04.04.1982 07:00:00   ;     0,0
05.04.1982 07:00:00   ;     0,0
06.04.1982 07:00:00   ;     0,0
07.04.1982 07:00:00   ;     1,8
08.04.1982 07:00:00   ;     0,0
09.04.1982 07:00:00   ;     0,0
10.04.1982 07:00:00   ;     0,0
11.04.1982 07:00:00   ;     0,0
12.04.1982 07:00:00   ;     0,0
13.04.1982 07:00:00   ;     0,0
14.04.1982 07:00:00   ;     0,0
15.04.1982 07:00:00   ;     0,0
16.04.1982 07:00:00   ;     0,0
17.04.1982 07:00:00   ;     0,0
18.04.1982 07:00:00   ;     1,4
19.04.1982 07:00:00   ;     0,0
20.04.1982 07:00:00   ;     0,4
21.04.1982 07:00:00   ;     0,0
22.04.1982 07:00:00   ;     0,0
23.04.1982 07:00:00   ;     0,0
24.04.1982 07:00:00   ;     0,0
25.04.1982 07:00:00   ;     0,0
26.04.1982 07:00:00   ;     4,5
27.04.1982 07:00:00   ;     0,0
28.04.1982 07:00:00   ;     2,5
29.04.1982 07:00:00   ;     0,0
30.04.1982 07:00:00   ;     1,1
01.05.1982 07:00:00   ;     4,5
02.05.1982 07:00:00   ;     0,0
03.05.1982 07:00:00   ;     0,0
04.05.1982 07:00:00   ;     0,0
05.05.1982 07:00:00   ;     0,0
06.05.1982 07:00:00   ;     0,0
07.05.1982 07:00:00   ;     0,0
08.05.1982 07:00:00   ;    10,6
09.05.1982 07:00:00   ;     0,0
10.05.1982 07:00:00   ;    10,9
11.05.1982 07:00:00   ;     5,6
12.05.1982 07:00:00   ;     0,0
13.05.1982 07:00:00   ;     0,0
14.05.1982 07:00:00   ;     0,0
15.05.1982 07:00:00   ;     0,0
16.05.1982 07:00:00   ;     0,0
17.05.1982 07:00:00   ;     0,0
18.05.1982 07:00:00   ;     0,5
19.05.1982 07:00:00   ;     0,8
20.05.1982 07:00:00   ;     0,0
21.05.1982 07:00:00   ;     0,4
22.05.1982 07:00:00   ;     0,0
23.05.1982 07:00:00   ;     1,6
24.05.1982 07:00:00   ;    12,0
25.05.1982 07:00:00   ;     0,0
26.05.1982 07:00:00   ;     0,0
27.05.1982 07:00:00   ;     0,0
28.05.1982 07:00:00   ;    24,0
29.05.1982 07:00:00   ;     6,0
30.05.1982 07:00:00   ;     0,0
31.05.1982 07:00:00   ;     0,0
01.06.1982 07:00:00   ;     0,0
02.06.1982 07:00:00   ;     0,0
03.06.1982 07:00:00   ;     0,0
04.06.1982 07:00:00   ;     0,0
05.06.1982 07:00:00   ;     0,0
06.06.1982 07:00:00   ;     0,0
07.06.1982 07:00:00   ;     8,3
08.06.1982 07:00:00   ;     0,0
09.06.1982 07:00:00   ;     8,0
10.06.1982 07:00:00   ;     0,0
11.06.1982 07:00:00   ;     0,0
12.06.1982 07:00:00   ;     3,0
13.06.1982 07:00:00   ;     0,0
14.06.1982 07:00:00   ;     0,0
15.06.1982 07:00:00   ;     0,0
16.06.1982 07:00:00   ;     1,2
17.06.1982 07:00:00   ;     0,0
18.06.1982 07:00:00   ;     0,8
19.06.1982 07:00:00   ;     0,0
20.06.1982 07:00:00   ;     0,0
21.06.1982 07:00:00   ;     0,0
22.06.1982 07:00:00   ;     0,5
23.06.1982 07:00:00   ;     3,0
24.06.1982 07:00:00   ;     0,0
25.06.1982 07:00:00   ;     0,0
26.06.1982 07:00:00   ;     2,1
27.06.1982 07:00:00   ;    16,0
28.06.1982 07:00:00   ;     1,2
29.06.1982 07:00:00   ;     0,5
30.06.1982 07:00:00   ;     4,5
01.07.1982 07:00:00   ;     0,0
02.07.1982 07:00:00   ;     0,0
03.07.1982 07:00:00   ;     0,0
04.07.1982 07:00:00   ;    17,0
05.07.1982 07:00:00   ;     0,0
06.07.1982 07:00:00   ;     2,0
07.07.1982 07:00:00   ;     0,0
08.07.1982 07:00:00   ;     0,0
09.07.1982 07:00:00   ;     0,0
10.07.1982 07:00:00   ;     0,0
11.07.1982 07:00:00   ;     8,0
12.07.1982 07:00:00   ;     9,2
13.07.1982 07:00:00   ;     0,0
14.07.1982 07:00:00   ;     0,0
15.07.1982 07:00:00   ;     0,0
16.07.1982 07:00:00   ;     0,4
17.07.1982 07:00:00   ;     0,0
18.07.1982 07:00:00   ;     0,0
19.07.1982 07:00:00   ;     0,0
20.07.1982 07:00:00   ;     0,0
21.07.1982 07:00:00   ;     1,0
22.07.1982 07:00:00   ;     2,0
23.07.1982 07:00:00   ;     1,2
24.07.1982 07:00:00   ;     0,7
25.07.1982 07:00:00   ;     0,0
26.07.1982 07:00:00   ;    21,7
27.07.1982 07:00:00   ;     2,0
28.07.1982 07:00:00   ;     4,0
29.07.1982 07:00:00   ;     0,0
30.07.1982 07:00:00   ;     0,0
31.07.1982 07:00:00   ;     9,2
01.08.1982 07:00:00   ;     0,0
02.08.1982 07:00:00   ;     0,0
03.08.1982 07:00:00   ;     0,0
04.08.1982 07:00:00   ;     2,7
05.08.1982 07:00:00   ;     0,0
06.08.1982 07:00:00   ;     0,0
07.08.1982 07:00:00   ;    24,0
08.08.1982 07:00:00   ;     9,7
09.08.1982 07:00:00   ;     0,0
10.08.1982 07:00:00   ;     0,4
11.08.1982 07:00:00   ;     0,0
12.08.1982 07:00:00   ;     0,0
13.08.1982 07:00:00   ;     0,0
14.08.1982 07:00:00   ;     0,0
15.08.1982 07:00:00   ;     0,0
16.08.1982 07:00:00   ;     0,0
17.08.1982 07:00:00   ;     0,2
18.08.1982 07:00:00   ;     0,0
19.08.1982 07:00:00   ;     1,0
20.08.1982 07:00:00   ;     7,7
21.08.1982 07:00:00   ;     0,0
22.08.1982 07:00:00   ;     0,0
23.08.1982 07:00:00   ;     0,0
24.08.1982 07:00:00   ;     1,5
25.08.1982 07:00:00   ;     0,0
26.08.1982 07:00:00   ;     0,0
27.08.1982 07:00:00   ;     0,0
28.08.1982 07:00:00   ;     3,5
29.08.1982 07:00:00   ;     0,0
30.08.1982 07:00:00   ;     0,0
31.08.1982 07:00:00   ;     0,0
01.09.1982 07:00:00   ;     0,0
02.09.1982 07:00:00   ;     0,0
03.09.1982 07:00:00   ;     0,0
04.09.1982 07:00:00   ;     0,0
05.09.1982 07:00:00   ;     0,0
06.09.1982 07:00:00   ;     0,0
07.09.1982 07:00:00   ;     0,0
08.09.1982 07:00:00   ;     0,0
09.09.1982 07:00:00   ;     0,0
10.09.1982 07:00:00   ;     0,0
11.09.1982 07:00:00   ;     0,0
12.09.1982 07:00:00   ;     0,0
13.09.1982 07:00:00   ;     0,0
14.09.1982 07:00:00   ;     0,0
15.09.1982 07:00:00   ;     0,0
16.09.1982 07:00:00   ;     0,0
17.09.1982 07:00:00   ;     0,0
18.09.1982 07:00:00   ;     0,0
19.09.1982 07:00:00   ;     0,0
20.09.1982 07:00:00   ;     0,0
21.09.1982 07:00:00   ;     0,0
22.09.1982 07:00:00   ;     1,5
23.09.1982 07:00:00   ;    28,3
24.09.1982 07:00:00   ;     0,0
25.09.1982 07:00:00   ;     0,0
26.09.1982 07:00:00   ;     0,0
27.09.1982 07:00:00   ;     0,0
28.09.1982 07:00:00   ;     0,0
29.09.1982 07:00:00   ;     0,0
30.09.1982 07:00:00   ;     0,0
01.10.1982 07:00:00   ;     8,3
02.10.1982 07:00:00   ;     0,0
03.10.1982 07:00:00   ;     0,0
04.10.1982 07:00:00   ;     2,0
05.10.1982 07:00:00   ;     2,0
06.10.1982 07:00:00   ;     4,3
07.10.1982 07:00:00   ;     0,0
08.10.1982 07:00:00   ;     0,0
09.10.1982 07:00:00   ;     0,0
10.10.1982 07:00:00   ;     0,0
11.10.1982 07:00:00   ;     0,0
12.10.1982 07:00:00   ;     0,0
13.10.1982 07:00:00   ;     1,7
14.10.1982 07:00:00   ;     8,0
15.10.1982 07:00:00   ;     0,0
16.10.1982 07:00:00   ;     0,0
17.10.1982 07:00:00   ;     0,0
18.10.1982 07:00:00   ;     0,0
19.10.1982 07:00:00   ;     1,4
20.10.1982 07:00:00   ;     0,0
21.10.1982 07:00:00   ;     0,7
22.10.1982 07:00:00   ;     0,0
23.10.1982 07:00:00   ;     0,0
24.10.1982 07:00:00   ;     0,0
25.10.1982 07:00:00   ;     2,6
26.10.1982 07:00:00   ;     0,0
27.10.1982 07:00:00   ;     0,0
28.10.1982 07:00:00   ;     0,0
29.10.1982 07:00:00   ;     0,0
30.10.1982 07:00:00   ;     0,0
31.10.1982 07:00:00   ;     0,0
01.11.1982 07:00:00   ;     0,0
02.11.1982 07:00:00   ;     0,0
03.11.1982 07:00:00   ;     0,0
04.11.1982 07:00:00   ;     2,5
05.11.1982 07:00:00   ;     0,0
06.11.1982 07:00:00   ;     0,0
07.11.1982 07:00:00   ;     0,0
08.11.1982 07:00:00   ;     0,0
09.11.1982 07:00:00   ;     0,0
10.11.1982 07:00:00   ;     0,0
11.11.1982 07:00:00   ;     0,0
12.11.1982 07:00:00   ;     0,0
13.11.1982 07:00:00   ;     6,6
14.11.1982 07:00:00   ;     0,0
15.11.1982 07:00:00   ;     0,0
16.11.1982 07:00:00   ;     0,0
17.11.1982 07:00:00   ;     0,8
18.11.1982 07:00:00   ;     0,0
19.11.1982 07:00:00   ;     0,0
20.11.1982 07:00:00   ;     0,0
21.11.1982 07:00:00   ;     0,0
22.11.1982 07:00:00   ;     0,0
23.11.1982 07:00:00   ;     0,3
24.11.1982 07:00:00   ;     1,3
25.11.1982 07:00:00   ;     0,0
26.11.1982 07:00:00   ;     0,0
27.11.1982 07:00:00   ;     0,0
28.11.1982 07:00:00   ;     0,0
29.11.1982 07:00:00   ;     2,5
30.11.1982 07:00:00   ;     0,0
01.12.1982 07:00:00   ;     0,0
02.12.1982 07:00:00   ;     0,0
03.12.1982 07:00:00   ;     0,0
04.12.1982 07:00:00   ;     0,0
05.12.1982 07:00:00   ;     0,0
06.12.1982 07:00:00   ;     0,1
07.12.1982 07:00:00   ;     0,4
08.12.1982 07:00:00   ;     3,0
09.12.1982 07:00:00   ;     1,0
10.12.1982 07:00:00   ;     3,0
11.12.1982 07:00:00   ;     0,0
12.12.1982 07:00:00   ;     0,0
13.12.1982 07:00:00   ;     0,0
14.12.1982 07:00:00   ;     0,0
15.12.1982 07:00:00   ;     4,5
16.12.1982 07:00:00   ;     6,0
17.12.1982 07:00:00   ;     2,0
18.12.1982 07:00:00   ;     7,8
19.12.1982 07:00:00   ;     3,0
20.12.1982 07:00:00   ;     4,6
21.12.1982 07:00:00   ;     0,0
22.12.1982 07:00:00   ;     6,3
23.12.1982 07:00:00   ;     0,0
24.12.1982 07:00:00   ;     1,8
25.12.1982 07:00:00   ;     0,8
26.12.1982 07:00:00   ;     0,0
27.12.1982 07:00:00   ;     0,0
28.12.1982 07:00:00   ;     0,0
29.12.1982 07:00:00   ;     0,0
30.12.1982 07:00:00   ;     0,0
31.12.1982 07:00:00   ;     0,0
01.01.1983 07:00:00   ;     0,0
02.01.1983 07:00:00   ;     1,0
03.01.1983 07:00:00   ;     7,5
04.01.1983 07:00:00   ;     3,6
05.01.1983 07:00:00   ;     5,5
06.01.1983 07:00:00   ;     0,0
07.01.1983 07:00:00   ;     0,0
08.01.1983 07:00:00   ;     0,0
09.01.1983 07:00:00   ;     0,0
10.01.1983 07:00:00   ;     0,0
11.01.1983 07:00:00   ;     0,0
12.01.1983 07:00:00   ;     0,0
13.01.1983 07:00:00   ;     0,0
14.01.1983 07:00:00   ;     0,0
15.01.1983 07:00:00   ;     4,5
16.01.1983 07:00:00   ;     0,5
17.01.1983 07:00:00   ;     0,0
18.01.1983 07:00:00   ;     0,0
19.01.1983 07:00:00   ;     0,0
20.01.1983 07:00:00   ;     0,0
21.01.1983 07:00:00   ;     0,0
22.01.1983 07:00:00   ;     0,5
23.01.1983 07:00:00   ;     0,0
24.01.1983 07:00:00   ;     0,0
25.01.1983 07:00:00   ;     2,3
26.01.1983 07:00:00   ;     0,0
27.01.1983 07:00:00   ;     0,0
28.01.1983 07:00:00   ;     0,0
29.01.1983 07:00:00   ;     1,7
30.01.1983 07:00:00   ;     4,7
31.01.1983 07:00:00   ;     1,1
01.02.1983 07:00:00   ;     1,2
02.02.1983 07:00:00   ;     0,0
03.02.1983 07:00:00   ;     0,0
04.02.1983 07:00:00   ;     0,0
05.02.1983 07:00:00   ;     0,0
06.02.1983 07:00:00   ;     1,8
07.02.1983 07:00:00   ;     0,0
08.02.1983 07:00:00   ;     0,0
09.02.1983 07:00:00   ;     8,5
10.02.1983 07:00:00   ;     2,0
11.02.1983 07:00:00   ;    19,6
12.02.1983 07:00:00   ;     0,0
13.02.1983 07:00:00   ;     0,0
14.02.1983 07:00:00   ;     0,0
15.02.1983 07:00:00   ;     0,0
16.02.1983 07:00:00   ;     0,0
17.02.1983 07:00:00   ;     0,0
18.02.1983 07:00:00   ;     0,0
19.02.1983 07:00:00   ;     0,0
20.02.1983 07:00:00   ;     2,2
21.02.1983 07:00:00   ;     0,0
22.02.1983 07:00:00   ;     0,0
23.02.1983 07:00:00   ;     0,0
24.02.1983 07:00:00   ;     0,0
25.02.1983 07:00:00   ;     0,0
26.02.1983 07:00:00   ;     1,1
27.02.1983 07:00:00   ;     2,5
28.02.1983 07:00:00   ;     0,6
01.03.1983 07:00:00   ;     0,0
02.03.1983 07:00:00   ;     0,6
03.03.1983 07:00:00   ;     0,0
04.03.1983 07:00:00   ;     0,0
05.03.1983 07:00:00   ;     0,0
06.03.1983 07:00:00   ;     0,0
07.03.1983 07:00:00   ;     0,0
08.03.1983 07:00:00   ;     0,0
09.03.1983 07:00:00   ;     0,0
10.03.1983 07:00:00   ;     0,0
11.03.1983 07:00:00   ;     2,8
12.03.1983 07:00:00   ;     0,0
13.03.1983 07:00:00   ;     0,0
14.03.1983 07:00:00   ;     0,0
15.03.1983 07:00:00   ;     0,0
16.03.1983 07:00:00   ;     0,0
17.03.1983 07:00:00   ;     0,0
18.03.1983 07:00:00   ;     1,2
19.03.1983 07:00:00   ;     2,1
20.03.1983 07:00:00   ;     1,2
21.03.1983 07:00:00   ;     1,0
22.03.1983 07:00:00   ;     0,6
23.03.1983 07:00:00   ;     0,0
24.03.1983 07:00:00   ;     0,0
25.03.1983 07:00:00   ;     0,6
26.03.1983 07:00:00   ;     0,0
27.03.1983 07:00:00   ;     0,0
28.03.1983 07:00:00   ;     0,0
29.03.1983 07:00:00   ;     3,7
30.03.1983 07:00:00   ;     0,0
31.03.1983 07:00:00   ;     0,0
01.04.1983 07:00:00   ;     9,0
02.04.1983 07:00:00   ;     3,5
03.04.1983 07:00:00   ;     0,5
04.04.1983 07:00:00   ;     0,0
05.04.1983 07:00:00   ;     2,1
06.04.1983 07:00:00   ;     1,5
07.04.1983 07:00:00   ;     3,0
08.04.1983 07:00:00   ;     0,0
09.04.1983 07:00:00   ;     6,3
10.04.1983 07:00:00   ;     4,6
11.04.1983 07:00:00   ;     0,0
12.04.1983 07:00:00   ;     4,3
13.04.1983 07:00:00   ;     0,0
14.04.1983 07:00:00   ;     0,0
15.04.1983 07:00:00   ;     1,0
16.04.1983 07:00:00   ;     0,4
17.04.1983 07:00:00   ;     0,0
18.04.1983 07:00:00   ;     0,0
19.04.1983 07:00:00   ;     0,0
20.04.1983 07:00:00   ;     0,0
21.04.1983 07:00:00   ;     0,0
22.04.1983 07:00:00   ;     5,2
23.04.1983 07:00:00   ;     0,0
24.04.1983 07:00:00   ;     0,0
25.04.1983 07:00:00   ;     0,0
26.04.1983 07:00:00   ;     0,0
27.04.1983 07:00:00   ;     0,0
28.04.1983 07:00:00   ;     0,0
29.04.1983 07:00:00   ;     8,6
30.04.1983 07:00:00   ;     4,3
01.05.1983 07:00:00   ;     6,0
02.05.1983 07:00:00   ;     0,0
03.05.1983 07:00:00   ;     1,5
04.05.1983 07:00:00   ;     6,0
05.05.1983 07:00:00   ;     0,0
06.05.1983 07:00:00   ;     0,0
07.05.1983 07:00:00   ;     0,0
08.05.1983 07:00:00   ;     4,7
09.05.1983 07:00:00   ;    14,0
10.05.1983 07:00:00   ;     0,0
11.05.1983 07:00:00   ;     0,0
12.05.1983 07:00:00   ;     0,0
13.05.1983 07:00:00   ;     0,0
14.05.1983 07:00:00   ;     0,0
15.05.1983 07:00:00   ;     0,0
16.05.1983 07:00:00   ;     0,0
17.05.1983 07:00:00   ;     0,0
18.05.1983 07:00:00   ;     0,0
19.05.1983 07:00:00   ;     3,0
20.05.1983 07:00:00   ;     0,0
21.05.1983 07:00:00   ;     0,0
22.05.1983 07:00:00   ;     0,3
23.05.1983 07:00:00   ;    20,0
24.05.1983 07:00:00   ;     9,0
25.05.1983 07:00:00   ;     0,0
26.05.1983 07:00:00   ;     0,0
27.05.1983 07:00:00   ;     0,0
28.05.1983 07:00:00   ;     0,0
29.05.1983 07:00:00   ;    11,7
30.05.1983 07:00:00   ;     0,0
31.05.1983 07:00:00   ;     0,0
01.06.1983 07:00:00   ;     0,0
02.06.1983 07:00:00   ;     2,5
03.06.1983 07:00:00   ;     0,0
04.06.1983 07:00:00   ;     0,0
05.06.1983 07:00:00   ;     0,0
06.06.1983 07:00:00   ;     0,0
07.06.1983 07:00:00   ;     0,0
08.06.1983 07:00:00   ;     0,0
09.06.1983 07:00:00   ;     1,0
10.06.1983 07:00:00   ;     2,8
11.06.1983 07:00:00   ;     0,0
12.06.1983 07:00:00   ;     0,0
13.06.1983 07:00:00   ;     0,0
14.06.1983 07:00:00   ;     0,0
15.06.1983 07:00:00   ;     0,0
16.06.1983 07:00:00   ;    11,4
17.06.1983 07:00:00   ;     0,0
18.06.1983 07:00:00   ;     0,0
19.06.1983 07:00:00   ;    13,8
20.06.1983 07:00:00   ;     0,0
21.06.1983 07:00:00   ;    26,5
22.06.1983 07:00:00   ;     0,0
23.06.1983 07:00:00   ;     0,0
24.06.1983 07:00:00   ;     0,0
25.06.1983 07:00:00   ;     0,0
26.06.1983 07:00:00   ;     0,0
27.06.1983 07:00:00   ;    11,0
28.06.1983 07:00:00   ;    23,2
29.06.1983 07:00:00   ;     0,0
30.06.1983 07:00:00   ;     0,0
01.07.1983 07:00:00   ;     0,0
02.07.1983 07:00:00   ;     0,0
03.07.1983 07:00:00   ;     0,0
04.07.1983 07:00:00   ;     0,0
05.07.1983 07:00:00   ;     0,0
06.07.1983 07:00:00   ;     0,0
07.07.1983 07:00:00   ;     0,0
08.07.1983 07:00:00   ;     0,0
09.07.1983 07:00:00   ;     0,0
10.07.1983 07:00:00   ;     0,0
11.07.1983 07:00:00   ;     0,0
12.07.1983 07:00:00   ;     0,6
13.07.1983 07:00:00   ;     0,0
14.07.1983 07:00:00   ;     0,0
15.07.1983 07:00:00   ;     0,0
16.07.1983 07:00:00   ;     0,0
17.07.1983 07:00:00   ;     0,0
18.07.1983 07:00:00   ;     0,0
19.07.1983 07:00:00   ;     0,2
20.07.1983 07:00:00   ;     0,5
21.07.1983 07:00:00   ;     0,0
22.07.1983 07:00:00   ;     0,0
23.07.1983 07:00:00   ;     0,0
24.07.1983 07:00:00   ;     0,7
25.07.1983 07:00:00   ;     0,0
26.07.1983 07:00:00   ;     0,0
27.07.1983 07:00:00   ;     0,0
28.07.1983 07:00:00   ;     0,0
29.07.1983 07:00:00   ;     0,0
30.07.1983 07:00:00   ;     0,0
31.07.1983 07:00:00   ;     0,0
01.08.1983 07:00:00   ;     0,0
02.08.1983 07:00:00   ;     4,0
03.08.1983 07:00:00   ;     1,2
04.08.1983 07:00:00   ;     2,0
05.08.1983 07:00:00   ;     2,5
06.08.1983 07:00:00   ;     3,9
07.08.1983 07:00:00   ;     1,7
08.08.1983 07:00:00   ;     0,0
09.08.1983 07:00:00   ;     0,0
10.08.1983 07:00:00   ;     0,0
11.08.1983 07:00:00   ;     0,0
12.08.1983 07:00:00   ;     0,0
13.08.1983 07:00:00   ;     0,0
14.08.1983 07:00:00   ;     0,0
15.08.1983 07:00:00   ;     0,0
16.08.1983 07:00:00   ;     0,0
17.08.1983 07:00:00   ;     0,0
18.08.1983 07:00:00   ;     0,0
19.08.1983 07:00:00   ;     0,0
20.08.1983 07:00:00   ;     0,0
21.08.1983 07:00:00   ;     0,0
22.08.1983 07:00:00   ;     0,0
23.08.1983 07:00:00   ;     0,0
24.08.1983 07:00:00   ;     2,5
25.08.1983 07:00:00   ;     0,0
26.08.1983 07:00:00   ;     0,0
27.08.1983 07:00:00   ;     0,0
28.08.1983 07:00:00   ;     0,0
29.08.1983 07:00:00   ;     0,0
30.08.1983 07:00:00   ;     0,0
31.08.1983 07:00:00   ;     0,0
01.09.1983 07:00:00   ;     0,0
02.09.1983 07:00:00   ;     0,0
03.09.1983 07:00:00   ;    12,0
04.09.1983 07:00:00   ;     0,0
05.09.1983 07:00:00   ;     0,0
06.09.1983 07:00:00   ;     0,0
07.09.1983 07:00:00   ;     0,0
08.09.1983 07:00:00   ;     0,0
09.09.1983 07:00:00   ;     0,0
10.09.1983 07:00:00   ;     0,0
11.09.1983 07:00:00   ;    19,1
12.09.1983 07:00:00   ;     0,0
13.09.1983 07:00:00   ;     0,0
14.09.1983 07:00:00   ;     0,4
15.09.1983 07:00:00   ;     0,0
16.09.1983 07:00:00   ;     7,1
17.09.1983 07:00:00   ;     0,0
18.09.1983 07:00:00   ;     0,0
19.09.1983 07:00:00   ;     0,0
20.09.1983 07:00:00   ;     0,0
21.09.1983 07:00:00   ;     0,0
22.09.1983 07:00:00   ;     1,0
23.09.1983 07:00:00   ;     0,0
24.09.1983 07:00:00   ;     1,8
25.09.1983 07:00:00   ;     0,0
26.09.1983 07:00:00   ;     0,0
27.09.1983 07:00:00   ;     0,0
28.09.1983 07:00:00   ;     0,0
29.09.1983 07:00:00   ;     0,0
30.09.1983 07:00:00   ;     0,0
01.10.1983 07:00:00   ;     0,0
02.10.1983 07:00:00   ;     0,3
03.10.1983 07:00:00   ;     0,5
04.10.1983 07:00:00   ;     0,0
05.10.1983 07:00:00   ;     0,0
06.10.1983 07:00:00   ;     0,0
07.10.1983 07:00:00   ;     0,0
08.10.1983 07:00:00   ;     0,7
09.10.1983 07:00:00   ;     1,5
10.10.1983 07:00:00   ;     0,0
11.10.1983 07:00:00   ;    13,4
12.10.1983 07:00:00   ;     0,0
13.10.1983 07:00:00   ;     0,0
14.10.1983 07:00:00   ;     0,0
15.10.1983 07:00:00   ;     0,0
16.10.1983 07:00:00   ;     3,0
17.10.1983 07:00:00   ;     2,3
18.10.1983 07:00:00   ;     0,0
19.10.1983 07:00:00   ;     0,0
20.10.1983 07:00:00   ;     0,0
21.10.1983 07:00:00   ;     0,0
22.10.1983 07:00:00   ;     0,0
23.10.1983 07:00:00   ;     0,0
24.10.1983 07:00:00   ;     0,0
25.10.1983 07:00:00   ;     0,0
26.10.1983 07:00:00   ;     0,0
27.10.1983 07:00:00   ;     0,0
28.10.1983 07:00:00   ;     0,0
29.10.1983 07:00:00   ;     0,0
30.10.1983 07:00:00   ;     0,0
31.10.1983 07:00:00   ;     0,0
01.11.1983 07:00:00   ;     0,0
02.11.1983 07:00:00   ;     0,0
03.11.1983 07:00:00   ;     0,0
04.11.1983 07:00:00   ;     0,0
05.11.1983 07:00:00   ;     0,0
06.11.1983 07:00:00   ;     0,0
07.11.1983 07:00:00   ;     0,0
08.11.1983 07:00:00   ;     0,0
09.11.1983 07:00:00   ;     0,0
10.11.1983 07:00:00   ;     1,1
11.11.1983 07:00:00   ;     1,2
12.11.1983 07:00:00   ;     0,0
13.11.1983 07:00:00   ;     0,0
14.11.1983 07:00:00   ;     0,0
15.11.1983 07:00:00   ;     0,0
16.11.1983 07:00:00   ;     0,0
17.11.1983 07:00:00   ;     0,0
18.11.1983 07:00:00   ;     0,0
19.11.1983 07:00:00   ;     0,0
20.11.1983 07:00:00   ;     0,0
21.11.1983 07:00:00   ;     2,8
22.11.1983 07:00:00   ;     0,0
23.11.1983 07:00:00   ;     0,0
24.11.1983 07:00:00   ;     0,0
25.11.1983 07:00:00   ;     5,0
26.11.1983 07:00:00   ;     2,3
27.11.1983 07:00:00   ;     0,6
28.11.1983 07:00:00   ;     0,0
29.11.1983 07:00:00   ;     2,0
30.11.1983 07:00:00   ;     0,0
01.12.1983 07:00:00   ;     0,0
02.12.1983 07:00:00   ;     0,0
03.12.1983 07:00:00   ;     0,0
04.12.1983 07:00:00   ;     0,0
05.12.1983 07:00:00   ;     0,0
06.12.1983 07:00:00   ;     4,7
07.12.1983 07:00:00   ;     0,0
08.12.1983 07:00:00   ;     1,7
09.12.1983 07:00:00   ;     0,0
10.12.1983 07:00:00   ;     1,7
11.12.1983 07:00:00   ;     0,0
12.12.1983 07:00:00   ;     0,0
13.12.1983 07:00:00   ;     0,0
14.12.1983 07:00:00   ;     0,0
15.12.1983 07:00:00   ;     0,0
16.12.1983 07:00:00   ;     0,0
17.12.1983 07:00:00   ;     0,0
18.12.1983 07:00:00   ;     0,0
19.12.1983 07:00:00   ;     2,6
20.12.1983 07:00:00   ;     6,3
21.12.1983 07:00:00   ;     0,0
22.12.1983 07:00:00   ;     1,0
23.12.1983 07:00:00   ;     1,1
24.12.1983 07:00:00   ;     0,6
25.12.1983 07:00:00   ;     0,0
26.12.1983 07:00:00   ;     1,6
27.12.1983 07:00:00   ;     0,0
28.12.1983 07:00:00   ;     0,0
29.12.1983 07:00:00   ;     0,0
30.12.1983 07:00:00   ;     0,0
31.12.1983 07:00:00   ;     0,0
01.01.1984 07:00:00   ;     0,0
02.01.1984 07:00:00   ;     0,0
03.01.1984 07:00:00   ;     1,6
04.01.1984 07:00:00   ;     0,0
05.01.1984 07:00:00   ;     0,0
06.01.1984 07:00:00   ;     0,0
07.01.1984 07:00:00   ;     1,6
08.01.1984 07:00:00   ;     0,0
09.01.1984 07:00:00   ;     0,0
10.01.1984 07:00:00   ;     0,4
11.01.1984 07:00:00   ;     0,0
12.01.1984 07:00:00   ;     0,5
13.01.1984 07:00:00   ;     0,0
14.01.1984 07:00:00   ;     5,5
15.01.1984 07:00:00   ;     1,5
16.01.1984 07:00:00   ;     0,0
17.01.1984 07:00:00   ;     0,4
18.01.1984 07:00:00   ;     0,0
19.01.1984 07:00:00   ;     0,0
20.01.1984 07:00:00   ;     1,4
21.01.1984 07:00:00   ;     0,4
22.01.1984 07:00:00   ;     1,2
23.01.1984 07:00:00   ;     0,0
24.01.1984 07:00:00   ;     2,0
25.01.1984 07:00:00   ;     0,0
26.01.1984 07:00:00   ;     0,0
27.01.1984 07:00:00   ;     0,0
28.01.1984 07:00:00   ;     1,4
29.01.1984 07:00:00   ;     3,0
30.01.1984 07:00:00   ;     0,0
31.01.1984 07:00:00   ;     0,0
01.02.1984 07:00:00   ;     2,5
02.02.1984 07:00:00   ;     2,0
03.02.1984 07:00:00   ;     0,0
04.02.1984 07:00:00   ;     1,0
05.02.1984 07:00:00   ;     0,8
06.02.1984 07:00:00   ;     0,0
07.02.1984 07:00:00   ;     1,4
08.02.1984 07:00:00   ;     6,0
09.02.1984 07:00:00   ;     0,0
10.02.1984 07:00:00   ;     0,0
11.02.1984 07:00:00   ;     0,0
12.02.1984 07:00:00   ;     0,0
13.02.1984 07:00:00   ;     0,0
14.02.1984 07:00:00   ;     0,0
15.02.1984 07:00:00   ;     0,0
16.02.1984 07:00:00   ;     0,0
17.02.1984 07:00:00   ;     0,0
18.02.1984 07:00:00   ;     0,0
19.02.1984 07:00:00   ;     0,0
20.02.1984 07:00:00   ;     0,0
21.02.1984 07:00:00   ;     0,0
22.02.1984 07:00:00   ;     0,0
23.02.1984 07:00:00   ;    13,0
24.02.1984 07:00:00   ;     1,5
25.02.1984 07:00:00   ;     1,8
26.02.1984 07:00:00   ;     1,5
27.02.1984 07:00:00   ;     1,8
28.02.1984 07:00:00   ;     0,9
29.02.1984 07:00:00   ;     0,3
01.03.1984 07:00:00   ;     3,2
02.03.1984 07:00:00   ;     1,5
03.03.1984 07:00:00   ;     6,8
04.03.1984 07:00:00   ;     0,0
05.03.1984 07:00:00   ;     1,2
06.03.1984 07:00:00   ;     0,0
07.03.1984 07:00:00   ;     0,0
08.03.1984 07:00:00   ;     0,0
09.03.1984 07:00:00   ;     0,0
10.03.1984 07:00:00   ;     0,0
11.03.1984 07:00:00   ;     2,0
12.03.1984 07:00:00   ;     0,0
13.03.1984 07:00:00   ;     0,0
14.03.1984 07:00:00   ;     0,0
15.03.1984 07:00:00   ;     0,0
16.03.1984 07:00:00   ;     0,0
17.03.1984 07:00:00   ;     0,0
18.03.1984 07:00:00   ;     0,0
19.03.1984 07:00:00   ;     0,0
20.03.1984 07:00:00   ;     0,0
21.03.1984 07:00:00   ;     0,0
22.03.1984 07:00:00   ;     0,0
23.03.1984 07:00:00   ;     0,0
24.03.1984 07:00:00   ;     0,0
25.03.1984 07:00:00   ;     0,0
26.03.1984 07:00:00   ;     0,0
27.03.1984 07:00:00   ;     0,0
28.03.1984 07:00:00   ;     0,0
29.03.1984 07:00:00   ;     2,6
30.03.1984 07:00:00   ;    31,1
31.03.1984 07:00:00   ;     0,0
01.04.1984 07:00:00   ;     0,0
02.04.1984 07:00:00   ;    11,7
03.04.1984 07:00:00   ;    10,5
04.04.1984 07:00:00   ;     0,0
05.04.1984 07:00:00   ;     0,0
06.04.1984 07:00:00   ;     0,0
07.04.1984 07:00:00   ;     3,4
08.04.1984 07:00:00   ;     2,9
09.04.1984 07:00:00   ;     3,0
10.04.1984 07:00:00   ;     0,6
11.04.1984 07:00:00   ;     0,0
12.04.1984 07:00:00   ;     0,5
13.04.1984 07:00:00   ;     0,0
14.04.1984 07:00:00   ;     0,0
15.04.1984 07:00:00   ;     0,0
16.04.1984 07:00:00   ;     1,3
17.04.1984 07:00:00   ;     0,0
18.04.1984 07:00:00   ;     0,0
19.04.1984 07:00:00   ;     0,0
20.04.1984 07:00:00   ;     0,0
21.04.1984 07:00:00   ;     0,0
22.04.1984 07:00:00   ;     0,0
23.04.1984 07:00:00   ;     0,0
24.04.1984 07:00:00   ;     0,0
25.04.1984 07:00:00   ;     0,0
26.04.1984 07:00:00   ;     0,0
27.04.1984 07:00:00   ;     0,0
28.04.1984 07:00:00   ;     1,5
29.04.1984 07:00:00   ;     0,0
30.04.1984 07:00:00   ;     7,3
01.05.1984 07:00:00   ;     0,0
02.05.1984 07:00:00   ;     0,0
03.05.1984 07:00:00   ;     0,0
04.05.1984 07:00:00   ;     0,0
05.05.1984 07:00:00   ;     0,0
06.05.1984 07:00:00   ;     0,0
07.05.1984 07:00:00   ;     6,6
08.05.1984 07:00:00   ;     2,3
09.05.1984 07:00:00   ;     0,0
10.05.1984 07:00:00   ;     2,7
11.05.1984 07:00:00   ;     4,3
12.05.1984 07:00:00   ;     2,1
13.05.1984 07:00:00   ;    14,2
14.05.1984 07:00:00   ;     0,0
15.05.1984 07:00:00   ;     0,0
16.05.1984 07:00:00   ;     0,0
17.05.1984 07:00:00   ;     1,8
18.05.1984 07:00:00   ;     0,0
19.05.1984 07:00:00   ;     0,0
20.05.1984 07:00:00   ;     2,8
21.05.1984 07:00:00   ;     8,8
22.05.1984 07:00:00   ;     0,0
23.05.1984 07:00:00   ;    10,8
24.05.1984 07:00:00   ;     0,0
25.05.1984 07:00:00   ;     0,0
26.05.1984 07:00:00   ;     0,0
27.05.1984 07:00:00   ;     0,0
28.05.1984 07:00:00   ;     2,5
29.05.1984 07:00:00   ;     1,2
30.05.1984 07:00:00   ;     0,0
31.05.1984 07:00:00   ;     0,0
01.06.1984 07:00:00   ;     0,0
02.06.1984 07:00:00   ;     0,0
03.06.1984 07:00:00   ;     0,0
04.06.1984 07:00:00   ;     0,0
05.06.1984 07:00:00   ;     0,0
06.06.1984 07:00:00   ;     0,6
07.06.1984 07:00:00   ;     1,8
08.06.1984 07:00:00   ;     3,5
09.06.1984 07:00:00   ;     4,8
10.06.1984 07:00:00   ;     0,0
11.06.1984 07:00:00   ;     0,0
12.06.1984 07:00:00   ;     0,0
13.06.1984 07:00:00   ;     0,0
14.06.1984 07:00:00   ;    11,6
15.06.1984 07:00:00   ;     0,0
16.06.1984 07:00:00   ;     1,2
17.06.1984 07:00:00   ;     0,0
18.06.1984 07:00:00   ;     0,0
19.06.1984 07:00:00   ;     0,0
20.06.1984 07:00:00   ;     0,0
21.06.1984 07:00:00   ;    17,0
22.06.1984 07:00:00   ;     0,8
23.06.1984 07:00:00   ;     0,6
24.06.1984 07:00:00   ;     4,5
25.06.1984 07:00:00   ;     3,3
26.06.1984 07:00:00   ;     1,0
27.06.1984 07:00:00   ;     0,0
28.06.1984 07:00:00   ;     6,0
29.06.1984 07:00:00   ;     0,0
30.06.1984 07:00:00   ;     0,0
01.07.1984 07:00:00   ;     0,0
02.07.1984 07:00:00   ;     4,8
03.07.1984 07:00:00   ;     0,4
04.07.1984 07:00:00   ;     0,5
05.07.1984 07:00:00   ;     0,0
06.07.1984 07:00:00   ;     2,4
07.07.1984 07:00:00   ;     2,3
08.07.1984 07:00:00   ;     0,0
09.07.1984 07:00:00   ;     0,0
10.07.1984 07:00:00   ;     0,0
11.07.1984 07:00:00   ;     0,0
12.07.1984 07:00:00   ;     1,3
13.07.1984 07:00:00   ;    29,0
14.07.1984 07:00:00   ;     0,0
15.07.1984 07:00:00   ;     4,3
16.07.1984 07:00:00   ;     1,2
17.07.1984 07:00:00   ;     6,5
18.07.1984 07:00:00   ;     0,0
19.07.1984 07:00:00   ;     7,2
20.07.1984 07:00:00   ;     0,0
21.07.1984 07:00:00   ;     0,0
22.07.1984 07:00:00   ;     0,0
23.07.1984 07:00:00   ;     0,0
24.07.1984 07:00:00   ;     0,0
25.07.1984 07:00:00   ;     0,0
26.07.1984 07:00:00   ;     0,0
27.07.1984 07:00:00   ;     2,0
28.07.1984 07:00:00   ;     2,8
29.07.1984 07:00:00   ;     1,8
30.07.1984 07:00:00   ;     0,0
31.07.1984 07:00:00   ;     0,0
01.08.1984 07:00:00   ;     0,0
02.08.1984 07:00:00   ;     0,0
03.08.1984 07:00:00   ;     0,0
04.08.1984 07:00:00   ;     0,0
05.08.1984 07:00:00   ;     6,0
06.08.1984 07:00:00   ;     3,5
07.08.1984 07:00:00   ;     7,4
08.08.1984 07:00:00   ;     0,7
09.08.1984 07:00:00   ;     2,0
10.08.1984 07:00:00   ;     2,1
11.08.1984 07:00:00   ;     7,0
12.08.1984 07:00:00   ;     7,5
13.08.1984 07:00:00   ;     0,0
14.08.1984 07:00:00   ;     0,0
15.08.1984 07:00:00   ;     1,2
16.08.1984 07:00:00   ;     0,0
17.08.1984 07:00:00   ;     0,0
18.08.1984 07:00:00   ;     0,0
19.08.1984 07:00:00   ;     0,0
20.08.1984 07:00:00   ;     0,0
21.08.1984 07:00:00   ;     0,0
22.08.1984 07:00:00   ;     0,0
23.08.1984 07:00:00   ;     0,0
24.08.1984 07:00:00   ;     0,0
25.08.1984 07:00:00   ;     0,0
26.08.1984 07:00:00   ;     0,0
27.08.1984 07:00:00   ;     0,0
28.08.1984 07:00:00   ;     0,0
29.08.1984 07:00:00   ;     0,0
30.08.1984 07:00:00   ;     0,0
31.08.1984 07:00:00   ;     0,0
01.09.1984 07:00:00   ;     0,0
02.09.1984 07:00:00   ;     0,0
03.09.1984 07:00:00   ;     0,0
04.09.1984 07:00:00   ;     0,0
05.09.1984 07:00:00   ;     0,0
06.09.1984 07:00:00   ;     0,0
07.09.1984 07:00:00   ;     1,0
08.09.1984 07:00:00   ;     0,0
09.09.1984 07:00:00   ;     0,0
10.09.1984 07:00:00   ;     1,3
11.09.1984 07:00:00   ;     4,3
12.09.1984 07:00:00   ;     1,6
13.09.1984 07:00:00   ;     3,2
14.09.1984 07:00:00   ;     0,0
15.09.1984 07:00:00   ;     4,4
16.09.1984 07:00:00   ;    18,8
17.09.1984 07:00:00   ;     0,9
18.09.1984 07:00:00   ;     0,0
19.09.1984 07:00:00   ;     0,0
20.09.1984 07:00:00   ;     0,0
21.09.1984 07:00:00   ;     3,0
22.09.1984 07:00:00   ;     3,0
23.09.1984 07:00:00   ;    22,0
24.09.1984 07:00:00   ;     2,0
25.09.1984 07:00:00   ;     0,0
26.09.1984 07:00:00   ;     6,5
27.09.1984 07:00:00   ;     0,0
28.09.1984 07:00:00   ;     0,0
29.09.1984 07:00:00   ;     0,0
30.09.1984 07:00:00   ;     0,0
01.10.1984 07:00:00   ;     0,0
02.10.1984 07:00:00   ;    11,3
03.10.1984 07:00:00   ;    38,5
04.10.1984 07:00:00   ;     0,0
05.10.1984 07:00:00   ;     0,0
06.10.1984 07:00:00   ;     0,0
07.10.1984 07:00:00   ;     0,0
08.10.1984 07:00:00   ;     1,0
09.10.1984 07:00:00   ;     0,0
10.10.1984 07:00:00   ;     0,0
11.10.1984 07:00:00   ;     0,0
12.10.1984 07:00:00   ;     0,0
13.10.1984 07:00:00   ;     0,0
14.10.1984 07:00:00   ;     0,0
15.10.1984 07:00:00   ;     0,0
16.10.1984 07:00:00   ;     0,0
17.10.1984 07:00:00   ;     0,0
18.10.1984 07:00:00   ;     0,0
19.10.1984 07:00:00   ;     0,0
20.10.1984 07:00:00   ;     0,6
21.10.1984 07:00:00   ;     0,0
22.10.1984 07:00:00   ;     0,0
23.10.1984 07:00:00   ;     0,0
24.10.1984 07:00:00   ;     0,0
25.10.1984 07:00:00   ;     0,0
26.10.1984 07:00:00   ;     3,0
27.10.1984 07:00:00   ;     0,0
28.10.1984 07:00:00   ;     0,0
29.10.1984 07:00:00   ;     0,0
30.10.1984 07:00:00   ;     0,0
31.10.1984 07:00:00   ;     0,0
01.11.1984 07:00:00   ;     0,0
02.11.1984 07:00:00   ;     0,0
03.11.1984 07:00:00   ;     0,0
04.11.1984 07:00:00   ;     0,0
05.11.1984 07:00:00   ;     0,0
06.11.1984 07:00:00   ;     0,0
07.11.1984 07:00:00   ;     0,0
08.11.1984 07:00:00   ;     0,0
09.11.1984 07:00:00   ;     0,0
10.11.1984 07:00:00   ;     0,0
11.11.1984 07:00:00   ;     0,0
12.11.1984 07:00:00   ;     0,0
13.11.1984 07:00:00   ;     0,0
14.11.1984 07:00:00   ;     0,0
15.11.1984 07:00:00   ;     0,0
16.11.1984 07:00:00   ;     2,3
17.11.1984 07:00:00   ;    16,2
18.11.1984 07:00:00   ;     2,6
19.11.1984 07:00:00   ;     2,3
20.11.1984 07:00:00   ;     2,6
21.11.1984 07:00:00   ;     0,4
22.11.1984 07:00:00   ;     3,4
23.11.1984 07:00:00   ;     2,5
24.11.1984 07:00:00   ;     0,0
25.11.1984 07:00:00   ;     0,0
26.11.1984 07:00:00   ;     3,1
27.11.1984 07:00:00   ;     0,0
28.11.1984 07:00:00   ;     0,0
29.11.1984 07:00:00   ;     0,0
30.11.1984 07:00:00   ;     0,0
01.12.1984 07:00:00   ;     0,0
02.12.1984 07:00:00   ;     0,0
03.12.1984 07:00:00   ;     0,0
04.12.1984 07:00:00   ;     0,0
05.12.1984 07:00:00   ;     0,0
06.12.1984 07:00:00   ;     0,0
07.12.1984 07:00:00   ;     0,0
08.12.1984 07:00:00   ;     0,0
09.12.1984 07:00:00   ;     0,8
10.12.1984 07:00:00   ;     0,7
11.12.1984 07:00:00   ;     0,0
12.12.1984 07:00:00   ;     0,0
13.12.1984 07:00:00   ;     0,0
14.12.1984 07:00:00   ;     1,9
15.12.1984 07:00:00   ;     0,0
16.12.1984 07:00:00   ;     1,7
17.12.1984 07:00:00   ;     0,0
18.12.1984 07:00:00   ;     0,0
19.12.1984 07:00:00   ;     0,0
20.12.1984 07:00:00   ;     0,0
21.12.1984 07:00:00   ;     2,5
22.12.1984 07:00:00   ;     0,0
23.12.1984 07:00:00   ;     0,0
24.12.1984 07:00:00   ;     0,0
25.12.1984 07:00:00   ;     0,0
26.12.1984 07:00:00   ;    11,7
27.12.1984 07:00:00   ;     0,0
28.12.1984 07:00:00   ;     0,0
29.12.1984 07:00:00   ;     1,3
30.12.1984 07:00:00   ;     5,6
31.12.1984 07:00:00   ;     0,0
01.01.1985 07:00:00   ;     3,1
02.01.1985 07:00:00   ;     2,0
03.01.1985 07:00:00   ;     4,8
04.01.1985 07:00:00   ;     0,0
05.01.1985 07:00:00   ;     0,0
06.01.1985 07:00:00   ;     0,0
07.01.1985 07:00:00   ;     0,0
08.01.1985 07:00:00   ;     0,0
09.01.1985 07:00:00   ;     0,0
10.01.1985 07:00:00   ;     0,0
11.01.1985 07:00:00   ;     0,9
12.01.1985 07:00:00   ;     5,4
13.01.1985 07:00:00   ;     4,5
14.01.1985 07:00:00   ;     0,0
15.01.1985 07:00:00   ;     0,0
16.01.1985 07:00:00   ;     0,0
17.01.1985 07:00:00   ;     0,0
18.01.1985 07:00:00   ;     0,0
19.01.1985 07:00:00   ;     0,0
20.01.1985 07:00:00   ;     0,0
21.01.1985 07:00:00   ;     0,0
22.01.1985 07:00:00   ;     0,0
23.01.1985 07:00:00   ;     3,8
24.01.1985 07:00:00   ;     1,2
25.01.1985 07:00:00   ;     0,0
26.01.1985 07:00:00   ;     0,0
27.01.1985 07:00:00   ;     0,9
28.01.1985 07:00:00   ;     0,0
29.01.1985 07:00:00   ;     0,0
30.01.1985 07:00:00   ;     4,4
31.01.1985 07:00:00   ;     8,1
01.02.1985 07:00:00   ;     1,2
02.02.1985 07:00:00   ;     0,0
03.02.1985 07:00:00   ;     0,0
04.02.1985 07:00:00   ;     0,0
05.02.1985 07:00:00   ;     0,0
06.02.1985 07:00:00   ;     0,0
07.02.1985 07:00:00   ;     0,0
08.02.1985 07:00:00   ;     0,8
09.02.1985 07:00:00   ;     8,2
10.02.1985 07:00:00   ;     0,0
11.02.1985 07:00:00   ;     0,0
12.02.1985 07:00:00   ;     0,0
13.02.1985 07:00:00   ;     0,0
14.02.1985 07:00:00   ;     0,0
15.02.1985 07:00:00   ;     0,0
16.02.1985 07:00:00   ;     0,0
17.02.1985 07:00:00   ;     0,0
18.02.1985 07:00:00   ;     0,0
19.02.1985 07:00:00   ;     0,0
20.02.1985 07:00:00   ;     0,0
21.02.1985 07:00:00   ;     4,7
22.02.1985 07:00:00   ;     2,3
23.02.1985 07:00:00   ;     3,8
24.02.1985 07:00:00   ;     6,7
25.02.1985 07:00:00   ;     0,0
26.02.1985 07:00:00   ;     0,0
27.02.1985 07:00:00   ;     0,0
28.02.1985 07:00:00   ;     0,0
01.03.1985 07:00:00   ;     0,0
02.03.1985 07:00:00   ;     6,2
03.03.1985 07:00:00   ;     0,6
04.03.1985 07:00:00   ;     0,0
05.03.1985 07:00:00   ;     0,0
06.03.1985 07:00:00   ;     0,0
07.03.1985 07:00:00   ;     0,0
08.03.1985 07:00:00   ;     0,0
09.03.1985 07:00:00   ;     1,3
10.03.1985 07:00:00   ;     0,6
11.03.1985 07:00:00   ;     0,5
12.03.1985 07:00:00   ;     0,0
13.03.1985 07:00:00   ;     0,0
14.03.1985 07:00:00   ;     0,0
15.03.1985 07:00:00   ;     0,0
16.03.1985 07:00:00   ;     0,0
17.03.1985 07:00:00   ;    28,2
18.03.1985 07:00:00   ;     0,0
19.03.1985 07:00:00   ;     0,5
20.03.1985 07:00:00   ;     0,7
21.03.1985 07:00:00   ;     0,0
22.03.1985 07:00:00   ;     0,0
23.03.1985 07:00:00   ;     1,7
24.03.1985 07:00:00   ;     5,1
25.03.1985 07:00:00   ;     0,0
26.03.1985 07:00:00   ;     0,0
27.03.1985 07:00:00   ;     7,6
28.03.1985 07:00:00   ;     0,0
29.03.1985 07:00:00   ;     0,0
30.03.1985 07:00:00   ;     0,0
31.03.1985 07:00:00   ;     0,0
01.04.1985 07:00:00   ;     0,0
02.04.1985 07:00:00   ;     0,0
03.04.1985 07:00:00   ;     0,0
04.04.1985 07:00:00   ;     0,0
05.04.1985 07:00:00   ;     0,0
06.04.1985 07:00:00   ;     2,2
07.04.1985 07:00:00   ;     0,0
08.04.1985 07:00:00   ;     4,7
09.04.1985 07:00:00   ;     2,0
10.04.1985 07:00:00   ;     0,0
11.04.1985 07:00:00   ;     0,0
12.04.1985 07:00:00   ;     0,0
13.04.1985 07:00:00   ;     0,8
14.04.1985 07:00:00   ;     0,0
15.04.1985 07:00:00   ;     0,0
16.04.1985 07:00:00   ;     2,6
17.04.1985 07:00:00   ;     0,0
18.04.1985 07:00:00   ;     0,0
19.04.1985 07:00:00   ;     0,0
20.04.1985 07:00:00   ;     0,0
21.04.1985 07:00:00   ;     0,0
22.04.1985 07:00:00   ;     0,0
23.04.1985 07:00:00   ;     2,8
24.04.1985 07:00:00   ;     0,0
25.04.1985 07:00:00   ;     0,0
26.04.1985 07:00:00   ;     0,0
27.04.1985 07:00:00   ;     0,0
28.04.1985 07:00:00   ;     0,0
29.04.1985 07:00:00   ;     0,0
30.04.1985 07:00:00   ;     0,0
01.05.1985 07:00:00   ;     2,2
02.05.1985 07:00:00   ;     4,2
03.05.1985 07:00:00   ;     4,0
04.05.1985 07:00:00   ;     0,0
05.05.1985 07:00:00   ;     0,0
06.05.1985 07:00:00   ;     0,0
07.05.1985 07:00:00   ;    10,4
08.05.1985 07:00:00   ;     0,0
09.05.1985 07:00:00   ;     0,0
10.05.1985 07:00:00   ;     0,0
11.05.1985 07:00:00   ;     0,0
12.05.1985 07:00:00   ;     0,0
13.05.1985 07:00:00   ;     0,0
14.05.1985 07:00:00   ;     0,0
15.05.1985 07:00:00   ;     0,0
16.05.1985 07:00:00   ;     0,0
17.05.1985 07:00:00   ;    21,2
18.05.1985 07:00:00   ;    12,9
19.05.1985 07:00:00   ;     8,1
20.05.1985 07:00:00   ;     1,5
21.05.1985 07:00:00   ;     0,0
22.05.1985 07:00:00   ;    16,0
23.05.1985 07:00:00   ;     0,0
24.05.1985 07:00:00   ;     0,0
25.05.1985 07:00:00   ;     0,0
26.05.1985 07:00:00   ;     0,0
27.05.1985 07:00:00   ;     0,0
28.05.1985 07:00:00   ;     0,0
29.05.1985 07:00:00   ;     1,0
30.05.1985 07:00:00   ;     1,0
31.05.1985 07:00:00   ;    11,6
01.06.1985 07:00:00   ;     0,0
02.06.1985 07:00:00   ;     0,5
03.06.1985 07:00:00   ;     0,0
04.06.1985 07:00:00   ;     0,0
05.06.1985 07:00:00   ;     0,0
06.06.1985 07:00:00   ;     3,8
07.06.1985 07:00:00   ;    11,9
08.06.1985 07:00:00   ;     6,1
09.06.1985 07:00:00   ;     0,6
10.06.1985 07:00:00   ;     3,5
11.06.1985 07:00:00   ;     0,0
12.06.1985 07:00:00   ;     3,7
13.06.1985 07:00:00   ;     1,4
14.06.1985 07:00:00   ;     7,2
15.06.1985 07:00:00   ;     1,0
16.06.1985 07:00:00   ;     0,0
17.06.1985 07:00:00   ;     0,9
18.06.1985 07:00:00   ;     1,0
19.06.1985 07:00:00   ;     0,0
20.06.1985 07:00:00   ;     8,0
21.06.1985 07:00:00   ;     0,9
22.06.1985 07:00:00   ;    18,0
23.06.1985 07:00:00   ;     4,8
24.06.1985 07:00:00   ;     1,2
25.06.1985 07:00:00   ;     1,3
26.06.1985 07:00:00   ;     1,6
27.06.1985 07:00:00   ;     0,0
28.06.1985 07:00:00   ;     1,5
29.06.1985 07:00:00   ;     0,0
30.06.1985 07:00:00   ;     0,0
01.07.1985 07:00:00   ;     3,0
02.07.1985 07:00:00   ;     8,3
03.07.1985 07:00:00   ;     0,0
04.07.1985 07:00:00   ;     0,0
05.07.1985 07:00:00   ;     0,0
06.07.1985 07:00:00   ;     0,0
07.07.1985 07:00:00   ;     0,0
08.07.1985 07:00:00   ;     1,7
09.07.1985 07:00:00   ;     0,0
10.07.1985 07:00:00   ;     6,8
11.07.1985 07:00:00   ;     0,0
12.07.1985 07:00:00   ;     0,0
13.07.1985 07:00:00   ;     0,0
14.07.1985 07:00:00   ;     0,0
15.07.1985 07:00:00   ;     6,6
16.07.1985 07:00:00   ;     5,2
17.07.1985 07:00:00   ;     3,0
18.07.1985 07:00:00   ;     0,0
19.07.1985 07:00:00   ;     0,0
20.07.1985 07:00:00   ;    16,3
21.07.1985 07:00:00   ;     0,5
22.07.1985 07:00:00   ;     0,0
23.07.1985 07:00:00   ;     0,0
24.07.1985 07:00:00   ;     0,0
25.07.1985 07:00:00   ;     0,0
26.07.1985 07:00:00   ;     0,0
27.07.1985 07:00:00   ;    13,0
28.07.1985 07:00:00   ;     0,0
29.07.1985 07:00:00   ;     0,7
30.07.1985 07:00:00   ;     2,0
31.07.1985 07:00:00   ;     3,5
01.08.1985 07:00:00   ;     5,5
02.08.1985 07:00:00   ;     6,2
03.08.1985 07:00:00   ;     3,0
04.08.1985 07:00:00   ;     2,0
05.08.1985 07:00:00   ;     0,0
06.08.1985 07:00:00   ;    40,4
07.08.1985 07:00:00   ;    24,8
08.08.1985 07:00:00   ;    27,4
09.08.1985 07:00:00   ;     3,3
10.08.1985 07:00:00   ;     0,8
11.08.1985 07:00:00   ;     0,0
12.08.1985 07:00:00   ;     0,0
13.08.1985 07:00:00   ;     0,0
14.08.1985 07:00:00   ;     0,0
15.08.1985 07:00:00   ;     0,0
16.08.1985 07:00:00   ;     0,0
17.08.1985 07:00:00   ;    19,5
18.08.1985 07:00:00   ;     1,2
19.08.1985 07:00:00   ;     2,4
20.08.1985 07:00:00   ;     7,5
21.08.1985 07:00:00   ;     0,0
22.08.1985 07:00:00   ;     0,0
23.08.1985 07:00:00   ;     0,0
24.08.1985 07:00:00   ;     0,0
25.08.1985 07:00:00   ;     0,0
26.08.1985 07:00:00   ;    15,5
27.08.1985 07:00:00   ;     0,6
28.08.1985 07:00:00   ;     0,0
29.08.1985 07:00:00   ;     0,0
30.08.1985 07:00:00   ;     0,0
31.08.1985 07:00:00   ;     0,0
01.09.1985 07:00:00   ;     8,1
02.09.1985 07:00:00   ;     0,0
03.09.1985 07:00:00   ;     4,2
04.09.1985 07:00:00   ;     0,0
05.09.1985 07:00:00   ;     7,7
06.09.1985 07:00:00   ;     0,0
07.09.1985 07:00:00   ;     0,0
08.09.1985 07:00:00   ;     5,5
09.09.1985 07:00:00   ;     1,6
10.09.1985 07:00:00   ;     0,0
11.09.1985 07:00:00   ;     0,0
12.09.1985 07:00:00   ;     0,0
13.09.1985 07:00:00   ;     0,0
14.09.1985 07:00:00   ;     0,0
15.09.1985 07:00:00   ;     1,1
16.09.1985 07:00:00   ;     0,0
17.09.1985 07:00:00   ;     0,0
18.09.1985 07:00:00   ;     0,0
19.09.1985 07:00:00   ;     0,0
20.09.1985 07:00:00   ;     0,0
21.09.1985 07:00:00   ;     0,0
22.09.1985 07:00:00   ;     0,0
23.09.1985 07:00:00   ;     0,0
24.09.1985 07:00:00   ;     0,0
25.09.1985 07:00:00   ;     0,0
26.09.1985 07:00:00   ;     0,0
27.09.1985 07:00:00   ;     0,0
28.09.1985 07:00:00   ;     0,0
29.09.1985 07:00:00   ;     0,0
30.09.1985 07:00:00   ;     0,0
01.10.1985 07:00:00   ;     0,0
02.10.1985 07:00:00   ;     0,0
03.10.1985 07:00:00   ;     0,0
04.10.1985 07:00:00   ;     0,0
05.10.1985 07:00:00   ;     0,0
06.10.1985 07:00:00   ;     0,0
07.10.1985 07:00:00   ;     0,0
08.10.1985 07:00:00   ;     0,0
09.10.1985 07:00:00   ;     0,0
10.10.1985 07:00:00   ;     0,0
11.10.1985 07:00:00   ;     1,0
12.10.1985 07:00:00   ;     0,0
13.10.1985 07:00:00   ;     0,0
14.10.1985 07:00:00   ;     8,8
15.10.1985 07:00:00   ;     0,0
16.10.1985 07:00:00   ;     0,0
17.10.1985 07:00:00   ;     0,0
18.10.1985 07:00:00   ;     0,0
19.10.1985 07:00:00   ;     0,7
20.10.1985 07:00:00   ;     0,0
21.10.1985 07:00:00   ;     0,0
22.10.1985 07:00:00   ;     0,0
23.10.1985 07:00:00   ;     0,0
24.10.1985 07:00:00   ;     0,0
25.10.1985 07:00:00   ;     0,0
26.10.1985 07:00:00   ;     0,0
27.10.1985 07:00:00   ;     0,0
28.10.1985 07:00:00   ;     0,0
29.10.1985 07:00:00   ;     0,0
30.10.1985 07:00:00   ;     0,0
31.10.1985 07:00:00   ;     3,7
01.11.1985 07:00:00   ;     5,1
02.11.1985 07:00:00   ;     0,0
03.11.1985 07:00:00   ;     0,0
04.11.1985 07:00:00   ;     0,0
05.11.1985 07:00:00   ;     3,5
06.11.1985 07:00:00   ;     0,0
07.11.1985 07:00:00   ;     0,0
08.11.1985 07:00:00   ;     0,0
09.11.1985 07:00:00   ;     0,0
10.11.1985 07:00:00   ;     3,6
11.11.1985 07:00:00   ;     0,0
12.11.1985 07:00:00   ;    19,5
13.11.1985 07:00:00   ;    11,6
14.11.1985 07:00:00   ;    14,0
15.11.1985 07:00:00   ;     0,0
16.11.1985 07:00:00   ;     0,0
17.11.1985 07:00:00   ;     0,0
18.11.1985 07:00:00   ;     7,0
19.11.1985 07:00:00   ;     3,4
20.11.1985 07:00:00   ;     7,7
21.11.1985 07:00:00   ;     9,5
22.11.1985 07:00:00   ;     1,4
23.11.1985 07:00:00   ;     4,4
24.11.1985 07:00:00   ;    10,4
25.11.1985 07:00:00   ;     0,0
26.11.1985 07:00:00   ;     0,0
27.11.1985 07:00:00   ;     0,0
28.11.1985 07:00:00   ;     0,0
29.11.1985 07:00:00   ;     0,0
30.11.1985 07:00:00   ;     7,5
01.12.1985 07:00:00   ;     0,0
02.12.1985 07:00:00   ;     0,0
03.12.1985 07:00:00   ;     0,0
04.12.1985 07:00:00   ;     0,0
05.12.1985 07:00:00   ;     0,0
06.12.1985 07:00:00   ;     0,0
07.12.1985 07:00:00   ;     0,0
08.12.1985 07:00:00   ;     0,0
09.12.1985 07:00:00   ;     0,0
10.12.1985 07:00:00   ;     3,4
11.12.1985 07:00:00   ;     2,4
12.12.1985 07:00:00   ;    15,2
13.12.1985 07:00:00   ;     1,5
14.12.1985 07:00:00   ;     0,0
15.12.1985 07:00:00   ;     1,5
16.12.1985 07:00:00   ;     0,0
17.12.1985 07:00:00   ;     4,0
18.12.1985 07:00:00   ;     4,0
19.12.1985 07:00:00   ;     0,0
20.12.1985 07:00:00   ;     2,1
21.12.1985 07:00:00   ;     0,0
22.12.1985 07:00:00   ;     0,0
23.12.1985 07:00:00   ;     0,0
24.12.1985 07:00:00   ;     0,0
25.12.1985 07:00:00   ;     0,0
26.12.1985 07:00:00   ;     2,3
27.12.1985 07:00:00   ;     0,0
28.12.1985 07:00:00   ;     0,0
29.12.1985 07:00:00   ;     1,8
30.12.1985 07:00:00   ;     3,4
31.12.1985 07:00:00   ;     2,8
01.01.1986 07:00:00   ;     0,0
02.01.1986 07:00:00   ;     0,0
03.01.1986 07:00:00   ;     0,0
04.01.1986 07:00:00   ;     2,1
05.01.1986 07:00:00   ;     0,0
06.01.1986 07:00:00   ;     0,0
07.01.1986 07:00:00   ;     0,0
08.01.1986 07:00:00   ;     0,0
09.01.1986 07:00:00   ;     0,0
10.01.1986 07:00:00   ;     3,2
11.01.1986 07:00:00   ;     5,6
12.01.1986 07:00:00   ;     0,0
13.01.1986 07:00:00   ;     1,8
14.01.1986 07:00:00   ;    10,1
15.01.1986 07:00:00   ;     0,0
16.01.1986 07:00:00   ;     0,0
17.01.1986 07:00:00   ;     2,3
18.01.1986 07:00:00   ;     3,3
19.01.1986 07:00:00   ;     1,5
20.01.1986 07:00:00   ;     0,0
21.01.1986 07:00:00   ;     0,0
22.01.1986 07:00:00   ;     0,0
23.01.1986 07:00:00   ;     0,0
24.01.1986 07:00:00   ;     0,0
25.01.1986 07:00:00   ;     0,8
26.01.1986 07:00:00   ;     0,0
27.01.1986 07:00:00   ;     0,0
28.01.1986 07:00:00   ;     0,0
29.01.1986 07:00:00   ;     0,0
30.01.1986 07:00:00   ;     0,0
31.01.1986 07:00:00   ;     0,4
01.02.1986 07:00:00   ;     2,6
02.02.1986 07:00:00   ;     1,5
03.02.1986 07:00:00   ;     0,0
04.02.1986 07:00:00   ;     0,0
05.02.1986 07:00:00   ;     0,0
06.02.1986 07:00:00   ;     0,0
07.02.1986 07:00:00   ;     0,0
08.02.1986 07:00:00   ;     2,8
09.02.1986 07:00:00   ;    14,4
10.02.1986 07:00:00   ;     6,9
11.02.1986 07:00:00   ;     2,9
12.02.1986 07:00:00   ;     0,0
13.02.1986 07:00:00   ;     0,0
14.02.1986 07:00:00   ;     0,0
15.02.1986 07:00:00   ;     0,0
16.02.1986 07:00:00   ;     2,0
17.02.1986 07:00:00   ;     0,0
18.02.1986 07:00:00   ;     0,0
19.02.1986 07:00:00   ;     0,0
20.02.1986 07:00:00   ;     0,0
21.02.1986 07:00:00   ;     0,0
22.02.1986 07:00:00   ;     0,0
23.02.1986 07:00:00   ;     0,0
24.02.1986 07:00:00   ;     0,0
25.02.1986 07:00:00   ;     0,0
26.02.1986 07:00:00   ;     0,0
27.02.1986 07:00:00   ;     0,0
28.02.1986 07:00:00   ;     0,0
01.03.1986 07:00:00   ;     0,0
02.03.1986 07:00:00   ;     0,0
03.03.1986 07:00:00   ;     0,0
04.03.1986 07:00:00   ;     0,0
05.03.1986 07:00:00   ;     1,1
06.03.1986 07:00:00   ;     0,0
07.03.1986 07:00:00   ;     4,4
08.03.1986 07:00:00   ;     0,0
09.03.1986 07:00:00   ;     0,0
10.03.1986 07:00:00   ;     0,0
11.03.1986 07:00:00   ;     0,0
12.03.1986 07:00:00   ;     0,5
13.03.1986 07:00:00   ;     0,0
14.03.1986 07:00:00   ;     0,0
15.03.1986 07:00:00   ;     0,0
16.03.1986 07:00:00   ;     0,0
17.03.1986 07:00:00   ;     0,0
18.03.1986 07:00:00   ;     0,0
19.03.1986 07:00:00   ;     0,0
20.03.1986 07:00:00   ;     0,0
21.03.1986 07:00:00   ;     0,0
22.03.1986 07:00:00   ;     0,0
23.03.1986 07:00:00   ;     2,8
24.03.1986 07:00:00   ;     0,0
25.03.1986 07:00:00   ;     0,0
26.03.1986 07:00:00   ;     0,0
27.03.1986 07:00:00   ;     0,0
28.03.1986 07:00:00   ;     0,0
29.03.1986 07:00:00   ;     1,8
30.03.1986 07:00:00   ;     6,0
31.03.1986 07:00:00   ;     0,0
01.04.1986 07:00:00   ;     0,0
02.04.1986 07:00:00   ;     0,0
03.04.1986 07:00:00   ;     0,0
04.04.1986 07:00:00   ;     0,0
05.04.1986 07:00:00   ;     0,0
06.04.1986 07:00:00   ;     0,0
07.04.1986 07:00:00   ;     0,0
08.04.1986 07:00:00   ;     0,0
09.04.1986 07:00:00   ;     5,3
10.04.1986 07:00:00   ;     1,8
11.04.1986 07:00:00   ;     1,5
12.04.1986 07:00:00   ;     0,4
13.04.1986 07:00:00   ;     0,0
14.04.1986 07:00:00   ;     0,0
15.04.1986 07:00:00   ;     0,0
16.04.1986 07:00:00   ;     0,2
17.04.1986 07:00:00   ;     0,0
18.04.1986 07:00:00   ;     2,2
19.04.1986 07:00:00   ;     0,0
20.04.1986 07:00:00   ;     0,4
21.04.1986 07:00:00   ;     0,0
22.04.1986 07:00:00   ;     0,0
23.04.1986 07:00:00   ;     0,0
24.04.1986 07:00:00   ;     0,0
25.04.1986 07:00:00   ;     0,0
26.04.1986 07:00:00   ;     0,0
27.04.1986 07:00:00   ;     0,0
28.04.1986 07:00:00   ;     4,2
29.04.1986 07:00:00   ;     0,0
30.04.1986 07:00:00   ;     0,0
01.05.1986 07:00:00   ;     0,0
02.05.1986 07:00:00   ;     0,0
03.05.1986 07:00:00   ;     0,0
04.05.1986 07:00:00   ;     0,0
05.05.1986 07:00:00   ;     0,0
06.05.1986 07:00:00   ;     0,0
07.05.1986 07:00:00   ;     0,0
08.05.1986 07:00:00   ;     2,4
09.05.1986 07:00:00   ;     0,0
10.05.1986 07:00:00   ;     0,0
11.05.1986 07:00:00   ;     1,5
12.05.1986 07:00:00   ;     0,0
13.05.1986 07:00:00   ;     0,0
14.05.1986 07:00:00   ;    19,5
15.05.1986 07:00:00   ;    12,3
16.05.1986 07:00:00   ;     0,8
17.05.1986 07:00:00   ;     0,3
18.05.1986 07:00:00   ;     0,0
19.05.1986 07:00:00   ;     0,0
20.05.1986 07:00:00   ;     0,0
21.05.1986 07:00:00   ;     0,5
22.05.1986 07:00:00   ;     0,0
23.05.1986 07:00:00   ;     0,0
24.05.1986 07:00:00   ;    20,8
25.05.1986 07:00:00   ;     0,0
26.05.1986 07:00:00   ;     0,0
27.05.1986 07:00:00   ;     0,0
28.05.1986 07:00:00   ;    14,4
29.05.1986 07:00:00   ;     8,1
30.05.1986 07:00:00   ;     9,2
31.05.1986 07:00:00   ;     0,0
01.06.1986 07:00:00   ;     0,0
02.06.1986 07:00:00   ;     2,2
03.06.1986 07:00:00   ;     0,0
04.06.1986 07:00:00   ;    12,1
05.06.1986 07:00:00   ;     8,5
06.06.1986 07:00:00   ;     0,0
07.06.1986 07:00:00   ;     0,0
08.06.1986 07:00:00   ;     0,0
09.06.1986 07:00:00   ;     0,0
10.06.1986 07:00:00   ;     0,0
11.06.1986 07:00:00   ;    22,8
12.06.1986 07:00:00   ;    36,2
13.06.1986 07:00:00   ;     1,8
14.06.1986 07:00:00   ;     7,3
15.06.1986 07:00:00   ;     0,3
16.06.1986 07:00:00   ;     0,0
17.06.1986 07:00:00   ;     0,0
18.06.1986 07:00:00   ;     0,0
19.06.1986 07:00:00   ;    11,7
20.06.1986 07:00:00   ;     0,0
21.06.1986 07:00:00   ;     0,4
22.06.1986 07:00:00   ;     0,0
23.06.1986 07:00:00   ;     0,0
24.06.1986 07:00:00   ;     0,0
25.06.1986 07:00:00   ;     0,0
26.06.1986 07:00:00   ;     0,0
27.06.1986 07:00:00   ;     0,0
28.06.1986 07:00:00   ;     0,0
29.06.1986 07:00:00   ;     2,3
30.06.1986 07:00:00   ;     0,0
01.07.1986 07:00:00   ;     0,0
02.07.1986 07:00:00   ;     0,0
03.07.1986 07:00:00   ;     0,0
04.07.1986 07:00:00   ;     0,0
05.07.1986 07:00:00   ;     0,0
06.07.1986 07:00:00   ;     1,6
07.07.1986 07:00:00   ;     1,5
08.07.1986 07:00:00   ;     8,5
09.07.1986 07:00:00   ;     3,6
10.07.1986 07:00:00   ;     2,3
11.07.1986 07:00:00   ;     0,0
12.07.1986 07:00:00   ;     0,0
13.07.1986 07:00:00   ;     0,0
14.07.1986 07:00:00   ;     0,0
15.07.1986 07:00:00   ;     0,0
16.07.1986 07:00:00   ;     0,0
17.07.1986 07:00:00   ;     0,0
18.07.1986 07:00:00   ;    12,8
19.07.1986 07:00:00   ;     2,6
20.07.1986 07:00:00   ;     0,0
21.07.1986 07:00:00   ;     0,0
22.07.1986 07:00:00   ;     0,0
23.07.1986 07:00:00   ;     0,0
24.07.1986 07:00:00   ;     7,5
25.07.1986 07:00:00   ;     1,3
26.07.1986 07:00:00   ;     0,0
27.07.1986 07:00:00   ;     0,0
28.07.1986 07:00:00   ;     0,0
29.07.1986 07:00:00   ;     0,0
30.07.1986 07:00:00   ;     0,0
31.07.1986 07:00:00   ;     0,0
01.08.1986 07:00:00   ;     0,0
02.08.1986 07:00:00   ;     0,0
03.08.1986 07:00:00   ;     0,0
04.08.1986 07:00:00   ;    23,8
05.08.1986 07:00:00   ;    11,4
06.08.1986 07:00:00   ;     0,0
07.08.1986 07:00:00   ;     0,0
08.08.1986 07:00:00   ;     7,2
09.08.1986 07:00:00   ;     0,0
10.08.1986 07:00:00   ;     0,0
11.08.1986 07:00:00   ;     0,0
12.08.1986 07:00:00   ;     1,7
13.08.1986 07:00:00   ;     0,0
14.08.1986 07:00:00   ;     0,0
15.08.1986 07:00:00   ;     0,0
16.08.1986 07:00:00   ;     0,0
17.08.1986 07:00:00   ;     7,0
18.08.1986 07:00:00   ;     0,4
19.08.1986 07:00:00   ;     3,6
20.08.1986 07:00:00   ;     0,0
21.08.1986 07:00:00   ;     0,0
22.08.1986 07:00:00   ;     0,0
23.08.1986 07:00:00   ;     4,7
24.08.1986 07:00:00   ;     0,0
25.08.1986 07:00:00   ;     0,0
26.08.1986 07:00:00   ;     0,0
27.08.1986 07:00:00   ;     7,5
28.08.1986 07:00:00   ;     7,6
29.08.1986 07:00:00   ;     0,8
30.08.1986 07:00:00   ;     0,0
31.08.1986 07:00:00   ;     0,0
01.09.1986 07:00:00   ;     0,0
02.09.1986 07:00:00   ;     0,0
03.09.1986 07:00:00   ;     2,0
04.09.1986 07:00:00   ;     0,0
05.09.1986 07:00:00   ;     0,0
06.09.1986 07:00:00   ;     0,0
07.09.1986 07:00:00   ;     0,0
08.09.1986 07:00:00   ;     0,0
09.09.1986 07:00:00   ;    10,0
10.09.1986 07:00:00   ;    19,0
11.09.1986 07:00:00   ;     0,0
12.09.1986 07:00:00   ;     0,0
13.09.1986 07:00:00   ;     9,2
14.09.1986 07:00:00   ;     0,0
15.09.1986 07:00:00   ;     0,0
16.09.1986 07:00:00   ;     0,0
17.09.1986 07:00:00   ;     0,6
18.09.1986 07:00:00   ;     0,0
19.09.1986 07:00:00   ;     0,0
20.09.1986 07:00:00   ;     0,0
21.09.1986 07:00:00   ;     0,0
22.09.1986 07:00:00   ;     0,0
23.09.1986 07:00:00   ;     0,0
24.09.1986 07:00:00   ;     0,0
25.09.1986 07:00:00   ;     0,0
26.09.1986 07:00:00   ;     0,0
27.09.1986 07:00:00   ;     0,0
28.09.1986 07:00:00   ;     0,0
29.09.1986 07:00:00   ;     0,0
30.09.1986 07:00:00   ;     0,0
01.10.1986 07:00:00   ;     0,0
02.10.1986 07:00:00   ;     0,0
03.10.1986 07:00:00   ;     0,0
04.10.1986 07:00:00   ;     0,0
05.10.1986 07:00:00   ;     0,0
06.10.1986 07:00:00   ;     0,0
07.10.1986 07:00:00   ;     0,0
08.10.1986 07:00:00   ;     3,4
09.10.1986 07:00:00   ;     0,0
10.10.1986 07:00:00   ;     0,0
11.10.1986 07:00:00   ;     0,0
12.10.1986 07:00:00   ;     0,0
13.10.1986 07:00:00   ;     0,0
14.10.1986 07:00:00   ;     0,0
15.10.1986 07:00:00   ;     0,0
16.10.1986 07:00:00   ;     0,0
17.10.1986 07:00:00   ;     0,0
18.10.1986 07:00:00   ;     0,0
19.10.1986 07:00:00   ;     2,9
20.10.1986 07:00:00   ;     4,9
21.10.1986 07:00:00   ;     7,2
22.10.1986 07:00:00   ;     2,3
23.10.1986 07:00:00   ;     2,0
24.10.1986 07:00:00   ;     0,0
25.10.1986 07:00:00   ;     0,0
26.10.1986 07:00:00   ;     7,6
27.10.1986 07:00:00   ;     3,3
28.10.1986 07:00:00   ;     0,0
29.10.1986 07:00:00   ;     2,1
30.10.1986 07:00:00   ;     0,0
31.10.1986 07:00:00   ;     0,0
01.11.1986 07:00:00   ;     0,6
02.11.1986 07:00:00   ;     1,2
03.11.1986 07:00:00   ;     0,0
04.11.1986 07:00:00   ;     0,0
05.11.1986 07:00:00   ;     0,8
06.11.1986 07:00:00   ;     0,0
07.11.1986 07:00:00   ;     0,0
08.11.1986 07:00:00   ;     0,0
09.11.1986 07:00:00   ;     0,0
10.11.1986 07:00:00   ;     0,0
11.11.1986 07:00:00   ;     0,0
12.11.1986 07:00:00   ;     0,0
13.11.1986 07:00:00   ;     0,0
14.11.1986 07:00:00   ;     0,0
15.11.1986 07:00:00   ;     0,0
16.11.1986 07:00:00   ;     0,0
17.11.1986 07:00:00   ;     0,0
18.11.1986 07:00:00   ;     0,0
19.11.1986 07:00:00   ;     0,0
20.11.1986 07:00:00   ;     0,0
21.11.1986 07:00:00   ;     0,0
22.11.1986 07:00:00   ;     0,0
23.11.1986 07:00:00   ;    17,6
24.11.1986 07:00:00   ;     0,8
25.11.1986 07:00:00   ;     0,0
26.11.1986 07:00:00   ;     0,0
27.11.1986 07:00:00   ;     0,0
28.11.1986 07:00:00   ;     0,0
29.11.1986 07:00:00   ;     0,0
30.11.1986 07:00:00   ;     0,0
01.12.1986 07:00:00   ;     0,0
02.12.1986 07:00:00   ;     0,0
03.12.1986 07:00:00   ;     0,0
04.12.1986 07:00:00   ;     0,0
05.12.1986 07:00:00   ;     0,0
06.12.1986 07:00:00   ;     0,0
07.12.1986 07:00:00   ;     0,0
08.12.1986 07:00:00   ;     0,0
09.12.1986 07:00:00   ;     0,0
10.12.1986 07:00:00   ;     0,0
11.12.1986 07:00:00   ;     0,0
12.12.1986 07:00:00   ;     0,0
13.12.1986 07:00:00   ;     0,0
14.12.1986 07:00:00   ;    10,8
15.12.1986 07:00:00   ;     5,4
16.12.1986 07:00:00   ;     0,0
17.12.1986 07:00:00   ;     0,0
18.12.1986 07:00:00   ;     3,3
19.12.1986 07:00:00   ;     0,0
20.12.1986 07:00:00   ;     0,0
21.12.1986 07:00:00   ;     2,8
22.12.1986 07:00:00   ;     0,5
23.12.1986 07:00:00   ;     1,3
24.12.1986 07:00:00   ;     0,9
25.12.1986 07:00:00   ;     0,0
26.12.1986 07:00:00   ;     1,6
27.12.1986 07:00:00   ;     0,0
28.12.1986 07:00:00   ;     2,0
29.12.1986 07:00:00   ;     0,0
30.12.1986 07:00:00   ;     0,0
31.12.1986 07:00:00   ;     1,0
01.01.1987 07:00:00   ;     6,3
02.01.1987 07:00:00   ;     0,0
03.01.1987 07:00:00   ;     0,0
04.01.1987 07:00:00   ;     2,3
05.01.1987 07:00:00   ;     1,1
06.01.1987 07:00:00   ;     0,6
07.01.1987 07:00:00   ;     0,0
08.01.1987 07:00:00   ;     0,0
09.01.1987 07:00:00   ;     5,3
10.01.1987 07:00:00   ;     2,3
11.01.1987 07:00:00   ;    10,3
12.01.1987 07:00:00   ;     0,0
13.01.1987 07:00:00   ;     0,0
14.01.1987 07:00:00   ;     6,5
15.01.1987 07:00:00   ;     4,7
16.01.1987 07:00:00   ;     0,0
17.01.1987 07:00:00   ;     0,0
18.01.1987 07:00:00   ;     0,0
19.01.1987 07:00:00   ;     0,0
20.01.1987 07:00:00   ;     0,0
21.01.1987 07:00:00   ;     0,0
22.01.1987 07:00:00   ;     0,0
23.01.1987 07:00:00   ;    12,0
24.01.1987 07:00:00   ;     0,0
25.01.1987 07:00:00   ;     0,0
26.01.1987 07:00:00   ;     3,6
27.01.1987 07:00:00   ;     0,0
28.01.1987 07:00:00   ;     0,0
29.01.1987 07:00:00   ;     0,0
30.01.1987 07:00:00   ;     0,0
31.01.1987 07:00:00   ;     0,0
01.02.1987 07:00:00   ;     0,0
02.02.1987 07:00:00   ;     0,0
03.02.1987 07:00:00   ;     0,0
04.02.1987 07:00:00   ;     0,0
05.02.1987 07:00:00   ;     0,0
06.02.1987 07:00:00   ;     3,6
07.02.1987 07:00:00   ;     4,5
08.02.1987 07:00:00   ;     1,1
09.02.1987 07:00:00   ;     0,0
10.02.1987 07:00:00   ;     0,0
11.02.1987 07:00:00   ;     0,0
12.02.1987 07:00:00   ;     0,0
13.02.1987 07:00:00   ;     0,0
14.02.1987 07:00:00   ;     1,5
15.02.1987 07:00:00   ;     1,7
16.02.1987 07:00:00   ;     0,8
17.02.1987 07:00:00   ;     1,0
18.02.1987 07:00:00   ;     2,1
19.02.1987 07:00:00   ;     2,2
20.02.1987 07:00:00   ;     7,6
21.02.1987 07:00:00   ;     0,0
22.02.1987 07:00:00   ;     0,0
23.02.1987 07:00:00   ;     0,6
24.02.1987 07:00:00   ;     0,0
25.02.1987 07:00:00   ;     0,0
26.02.1987 07:00:00   ;     0,0
27.02.1987 07:00:00   ;     5,8
28.02.1987 07:00:00   ;    12,1
01.03.1987 07:00:00   ;     3,7
02.03.1987 07:00:00   ;     6,2
03.03.1987 07:00:00   ;     0,0
04.03.1987 07:00:00   ;     0,0
05.03.1987 07:00:00   ;     0,0
06.03.1987 07:00:00   ;     0,0
07.03.1987 07:00:00   ;     1,9
08.03.1987 07:00:00   ;     0,0
09.03.1987 07:00:00   ;     0,0
10.03.1987 07:00:00   ;     0,0
11.03.1987 07:00:00   ;     0,0
12.03.1987 07:00:00   ;     0,0
13.03.1987 07:00:00   ;     0,0
14.03.1987 07:00:00   ;     0,0
15.03.1987 07:00:00   ;     0,0
16.03.1987 07:00:00   ;     2,0
17.03.1987 07:00:00   ;     5,0
18.03.1987 07:00:00   ;     3,0
19.03.1987 07:00:00   ;     0,0
20.03.1987 07:00:00   ;     0,0
21.03.1987 07:00:00   ;     0,0
22.03.1987 07:00:00   ;     0,0
23.03.1987 07:00:00   ;     0,0
24.03.1987 07:00:00   ;     3,1
25.03.1987 07:00:00   ;     0,0
26.03.1987 07:00:00   ;     1,2
27.03.1987 07:00:00   ;     0,0
28.03.1987 07:00:00   ;     0,3
29.03.1987 07:00:00   ;     0,0
30.03.1987 07:00:00   ;     0,0
31.03.1987 07:00:00   ;     9,9
01.04.1987 07:00:00   ;     1,0
02.04.1987 07:00:00   ;     0,0
03.04.1987 07:00:00   ;     0,0
04.04.1987 07:00:00   ;     0,9
05.04.1987 07:00:00   ;     0,0
06.04.1987 07:00:00   ;     0,3
07.04.1987 07:00:00   ;     0,0
08.04.1987 07:00:00   ;     0,0
09.04.1987 07:00:00   ;     0,0
10.04.1987 07:00:00   ;     2,6
11.04.1987 07:00:00   ;     0,0
12.04.1987 07:00:00   ;     0,0
13.04.1987 07:00:00   ;     2,0
14.04.1987 07:00:00   ;     0,0
15.04.1987 07:00:00   ;     0,0
16.04.1987 07:00:00   ;     1,4
17.04.1987 07:00:00   ;     0,0
18.04.1987 07:00:00   ;     0,0
19.04.1987 07:00:00   ;     0,0
20.04.1987 07:00:00   ;     2,5
21.04.1987 07:00:00   ;     3,5
22.04.1987 07:00:00   ;     0,0
23.04.1987 07:00:00   ;     0,0
24.04.1987 07:00:00   ;     0,0
25.04.1987 07:00:00   ;     0,0
26.04.1987 07:00:00   ;     0,0
27.04.1987 07:00:00   ;     0,0
28.04.1987 07:00:00   ;     0,0
29.04.1987 07:00:00   ;     0,0
30.04.1987 07:00:00   ;     0,0
01.05.1987 07:00:00   ;     0,0
02.05.1987 07:00:00   ;     0,0
03.05.1987 07:00:00   ;    13,5
04.05.1987 07:00:00   ;    12,0
05.05.1987 07:00:00   ;     1,5
06.05.1987 07:00:00   ;     1,0
07.05.1987 07:00:00   ;     0,0
08.05.1987 07:00:00   ;     0,0
09.05.1987 07:00:00   ;     0,0
10.05.1987 07:00:00   ;     0,5
11.05.1987 07:00:00   ;     0,0
12.05.1987 07:00:00   ;     7,0
13.05.1987 07:00:00   ;    19,0
14.05.1987 07:00:00   ;     0,0
15.05.1987 07:00:00   ;     0,0
16.05.1987 07:00:00   ;     2,5
17.05.1987 07:00:00   ;     0,0
18.05.1987 07:00:00   ;     0,0
19.05.1987 07:00:00   ;     0,5
20.05.1987 07:00:00   ;    12,0
21.05.1987 07:00:00   ;    15,0
22.05.1987 07:00:00   ;    30,0
23.05.1987 07:00:00   ;     1,0
24.05.1987 07:00:00   ;     0,0
25.05.1987 07:00:00   ;     0,0
26.05.1987 07:00:00   ;     0,0
27.05.1987 07:00:00   ;     0,0
28.05.1987 07:00:00   ;     0,5
29.05.1987 07:00:00   ;     0,0
30.05.1987 07:00:00   ;     1,5
31.05.1987 07:00:00   ;     0,0
01.06.1987 07:00:00   ;     7,0
02.06.1987 07:00:00   ;     2,0
03.06.1987 07:00:00   ;     5,0
04.06.1987 07:00:00   ;    17,0
05.06.1987 07:00:00   ;    11,0
06.06.1987 07:00:00   ;     0,0
07.06.1987 07:00:00   ;    23,0
08.06.1987 07:00:00   ;     0,0
09.06.1987 07:00:00   ;     0,0
10.06.1987 07:00:00   ;     0,0
11.06.1987 07:00:00   ;     0,0
12.06.1987 07:00:00   ;     0,0
13.06.1987 07:00:00   ;     0,0
14.06.1987 07:00:00   ;     0,0
15.06.1987 07:00:00   ;    37,0
16.06.1987 07:00:00   ;     1,0
17.06.1987 07:00:00   ;     0,4
18.06.1987 07:00:00   ;     5,8
19.06.1987 07:00:00   ;     0,0
20.06.1987 07:00:00   ;     6,0
21.06.1987 07:00:00   ;     7,0
22.06.1987 07:00:00   ;    15,0
23.06.1987 07:00:00   ;     0,0
24.06.1987 07:00:00   ;     4,0
25.06.1987 07:00:00   ;     0,0
26.06.1987 07:00:00   ;     1,0
27.06.1987 07:00:00   ;     0,0
28.06.1987 07:00:00   ;     0,0
29.06.1987 07:00:00   ;     0,0
30.06.1987 07:00:00   ;     0,0
01.07.1987 07:00:00   ;     0,0
02.07.1987 07:00:00   ;     0,0
03.07.1987 07:00:00   ;     0,0
04.07.1987 07:00:00   ;     0,0
05.07.1987 07:00:00   ;     0,0
06.07.1987 07:00:00   ;     0,0
07.07.1987 07:00:00   ;     0,0
08.07.1987 07:00:00   ;     9,9
09.07.1987 07:00:00   ;     1,1
10.07.1987 07:00:00   ;     0,0
11.07.1987 07:00:00   ;     0,0
12.07.1987 07:00:00   ;     0,6
13.07.1987 07:00:00   ;     0,0
14.07.1987 07:00:00   ;     0,0
15.07.1987 07:00:00   ;     0,0
16.07.1987 07:00:00   ;     0,0
17.07.1987 07:00:00   ;     0,0
18.07.1987 07:00:00   ;     0,0
19.07.1987 07:00:00   ;    16,4
20.07.1987 07:00:00   ;     0,0
21.07.1987 07:00:00   ;     0,0
22.07.1987 07:00:00   ;     0,0
23.07.1987 07:00:00   ;    15,6
24.07.1987 07:00:00   ;     2,0
25.07.1987 07:00:00   ;     3,2
26.07.1987 07:00:00   ;     5,9
27.07.1987 07:00:00   ;     1,6
28.07.1987 07:00:00   ;     0,0
29.07.1987 07:00:00   ;     0,0
30.07.1987 07:00:00   ;     4,0
31.07.1987 07:00:00   ;     2,0
01.08.1987 07:00:00   ;    13,0
02.08.1987 07:00:00   ;     2,0
03.08.1987 07:00:00   ;     1,0
04.08.1987 07:00:00   ;     7,0
05.08.1987 07:00:00   ;     2,0
06.08.1987 07:00:00   ;     1,0
07.08.1987 07:00:00   ;     1,0
08.08.1987 07:00:00   ;     0,0
09.08.1987 07:00:00   ;    16,0
10.08.1987 07:00:00   ;     1,5
11.08.1987 07:00:00   ;     0,0
12.08.1987 07:00:00   ;     4,2
13.08.1987 07:00:00   ;     0,7
14.08.1987 07:00:00   ;     9,3
15.08.1987 07:00:00   ;     4,3
16.08.1987 07:00:00   ;     0,0
17.08.1987 07:00:00   ;     0,0
18.08.1987 07:00:00   ;     6,3
19.08.1987 07:00:00   ;     8,0
20.08.1987 07:00:00   ;     0,0
21.08.1987 07:00:00   ;     0,0
22.08.1987 07:00:00   ;     0,0
23.08.1987 07:00:00   ;     0,0
24.08.1987 07:00:00   ;     0,0
25.08.1987 07:00:00   ;     3,0
26.08.1987 07:00:00   ;     0,0
27.08.1987 07:00:00   ;     3,0
28.08.1987 07:00:00   ;     0,0
29.08.1987 07:00:00   ;     0,0
30.08.1987 07:00:00   ;     0,0
31.08.1987 07:00:00   ;     0,0
01.09.1987 07:00:00   ;     0,0
02.09.1987 07:00:00   ;     0,0
03.09.1987 07:00:00   ;     0,0
04.09.1987 07:00:00   ;     0,0
05.09.1987 07:00:00   ;     0,0
06.09.1987 07:00:00   ;     4,0
07.09.1987 07:00:00   ;     0,0
08.09.1987 07:00:00   ;    13,0
09.09.1987 07:00:00   ;     0,0
10.09.1987 07:00:00   ;     0,0
11.09.1987 07:00:00   ;     0,0
12.09.1987 07:00:00   ;     0,0
13.09.1987 07:00:00   ;     0,0
14.09.1987 07:00:00   ;     0,0
15.09.1987 07:00:00   ;     0,0
16.09.1987 07:00:00   ;     0,0
17.09.1987 07:00:00   ;     0,0
18.09.1987 07:00:00   ;    10,0
19.09.1987 07:00:00   ;     1,0
20.09.1987 07:00:00   ;     0,0
21.09.1987 07:00:00   ;     0,0
22.09.1987 07:00:00   ;     0,0
23.09.1987 07:00:00   ;     1,4
24.09.1987 07:00:00   ;     1,0
25.09.1987 07:00:00   ;     0,0
26.09.1987 07:00:00   ;     5,0
27.09.1987 07:00:00   ;     8,0
28.09.1987 07:00:00   ;     0,0
29.09.1987 07:00:00   ;     1,0
30.09.1987 07:00:00   ;     0,0
01.10.1987 07:00:00   ;     0,0
02.10.1987 07:00:00   ;     0,0
03.10.1987 07:00:00   ;     0,0
04.10.1987 07:00:00   ;     0,0
05.10.1987 07:00:00   ;     0,0
06.10.1987 07:00:00   ;     0,0
07.10.1987 07:00:00   ;     0,0
08.10.1987 07:00:00   ;     0,0
09.10.1987 07:00:00   ;     0,0
10.10.1987 07:00:00   ;     0,0
11.10.1987 07:00:00   ;     0,0
12.10.1987 07:00:00   ;     1,5
13.10.1987 07:00:00   ;     0,0
14.10.1987 07:00:00   ;     0,0
15.10.1987 07:00:00   ;     0,0
16.10.1987 07:00:00   ;     0,0
17.10.1987 07:00:00   ;    10,0
18.10.1987 07:00:00   ;    13,0
19.10.1987 07:00:00   ;     0,0
20.10.1987 07:00:00   ;     0,0
21.10.1987 07:00:00   ;     1,0
22.10.1987 07:00:00   ;     3,5
23.10.1987 07:00:00   ;     7,0
24.10.1987 07:00:00   ;     0,9
25.10.1987 07:00:00   ;     0,3
26.10.1987 07:00:00   ;     0,0
27.10.1987 07:00:00   ;     0,0
28.10.1987 07:00:00   ;     0,0
29.10.1987 07:00:00   ;     0,0
30.10.1987 07:00:00   ;     0,0
31.10.1987 07:00:00   ;     0,0
01.11.1987 07:00:00   ;     0,3
02.11.1987 07:00:00   ;     1,8
03.11.1987 07:00:00   ;     0,0
04.11.1987 07:00:00   ;     0,0
05.11.1987 07:00:00   ;     0,0
06.11.1987 07:00:00   ;     0,0
07.11.1987 07:00:00   ;     0,0
08.11.1987 07:00:00   ;     0,0
09.11.1987 07:00:00   ;     0,4
10.11.1987 07:00:00   ;     0,6
11.11.1987 07:00:00   ;     0,0
12.11.1987 07:00:00   ;     0,0
13.11.1987 07:00:00   ;     1,5
14.11.1987 07:00:00   ;     0,0
15.11.1987 07:00:00   ;     0,0
16.11.1987 07:00:00   ;     4,5
17.11.1987 07:00:00   ;     0,0
18.11.1987 07:00:00   ;     0,5
19.11.1987 07:00:00   ;     9,0
20.11.1987 07:00:00   ;     0,0
21.11.1987 07:00:00   ;     0,0
22.11.1987 07:00:00   ;     0,0
23.11.1987 07:00:00   ;     0,0
24.11.1987 07:00:00   ;     1,0
25.11.1987 07:00:00   ;     0,0
26.11.1987 07:00:00   ;    10,0
27.11.1987 07:00:00   ;    14,0
28.11.1987 07:00:00   ;     3,0
29.11.1987 07:00:00   ;     1,5
30.11.1987 07:00:00   ;     0,0
01.12.1987 07:00:00   ;     0,0
02.12.1987 07:00:00   ;     1,0
03.12.1987 07:00:00   ;     0,0
04.12.1987 07:00:00   ;     0,0
05.12.1987 07:00:00   ;     0,0
06.12.1987 07:00:00   ;     7,0
07.12.1987 07:00:00   ;     0,0
08.12.1987 07:00:00   ;     0,0
09.12.1987 07:00:00   ;     0,0
10.12.1987 07:00:00   ;     0,0
11.12.1987 07:00:00   ;     0,5
12.12.1987 07:00:00   ;     0,0
13.12.1987 07:00:00   ;     0,0
14.12.1987 07:00:00   ;     0,0
15.12.1987 07:00:00   ;     1,0
16.12.1987 07:00:00   ;    10,0
17.12.1987 07:00:00   ;     4,0
18.12.1987 07:00:00   ;    19,0
19.12.1987 07:00:00   ;     2,0
20.12.1987 07:00:00   ;     9,0
21.12.1987 07:00:00   ;     0,0
22.12.1987 07:00:00   ;     2,0
23.12.1987 07:00:00   ;     0,0
24.12.1987 07:00:00   ;     0,0
25.12.1987 07:00:00   ;     0,0
26.12.1987 07:00:00   ;     1,5
27.12.1987 07:00:00   ;     0,0
28.12.1987 07:00:00   ;     0,0
29.12.1987 07:00:00   ;     0,0
30.12.1987 07:00:00   ;     0,0
31.12.1987 07:00:00   ;     0,0
01.01.1988 07:00:00   ;     2,0
02.01.1988 07:00:00   ;     1,0
03.01.1988 07:00:00   ;     0,0
04.01.1988 07:00:00   ;     0,0
05.01.1988 07:00:00   ;     1,0
06.01.1988 07:00:00   ;     0,0
07.01.1988 07:00:00   ;     1,0
08.01.1988 07:00:00   ;     0,0
09.01.1988 07:00:00   ;     0,0
10.01.1988 07:00:00   ;     0,0
11.01.1988 07:00:00   ;     0,0
12.01.1988 07:00:00   ;     0,0
13.01.1988 07:00:00   ;     0,0
14.01.1988 07:00:00   ;     0,0
15.01.1988 07:00:00   ;     0,0
16.01.1988 07:00:00   ;     0,0
17.01.1988 07:00:00   ;     1,0
18.01.1988 07:00:00   ;     0,0
19.01.1988 07:00:00   ;     2,0
20.01.1988 07:00:00   ;     0,0
21.01.1988 07:00:00   ;     2,0
22.01.1988 07:00:00   ;     2,0
23.01.1988 07:00:00   ;     0,0
24.01.1988 07:00:00   ;     3,0
25.01.1988 07:00:00   ;     1,0
26.01.1988 07:00:00   ;     0,0
27.01.1988 07:00:00   ;     0,0
28.01.1988 07:00:00   ;     0,0
29.01.1988 07:00:00   ;     1,6
30.01.1988 07:00:00   ;     5,4
31.01.1988 07:00:00   ;     0,0
01.02.1988 07:00:00   ;     1,3
02.02.1988 07:00:00   ;     1,7
03.02.1988 07:00:00   ;     0,0
04.02.1988 07:00:00   ;     0,0
05.02.1988 07:00:00   ;     0,0
06.02.1988 07:00:00   ;     0,0
07.02.1988 07:00:00   ;     4,0
08.02.1988 07:00:00   ;     1,0
09.02.1988 07:00:00   ;     0,0
10.02.1988 07:00:00   ;     2,0
11.02.1988 07:00:00   ;     2,0
12.02.1988 07:00:00   ;     6,0
13.02.1988 07:00:00   ;     0,0
14.02.1988 07:00:00   ;     0,0
15.02.1988 07:00:00   ;     0,0
16.02.1988 07:00:00   ;     0,0
17.02.1988 07:00:00   ;     1,0
18.02.1988 07:00:00   ;     0,0
19.02.1988 07:00:00   ;     1,0
20.02.1988 07:00:00   ;     0,0
21.02.1988 07:00:00   ;     2,0
22.02.1988 07:00:00   ;     0,0
23.02.1988 07:00:00   ;     0,0
24.02.1988 07:00:00   ;    10,0
25.02.1988 07:00:00   ;    10,5
26.02.1988 07:00:00   ;    20,0
27.02.1988 07:00:00   ;    15,0
28.02.1988 07:00:00   ;     0,0
29.02.1988 07:00:00   ;     0,0
01.03.1988 07:00:00   ;     1,0
02.03.1988 07:00:00   ;     1,0
03.03.1988 07:00:00   ;     0,0
04.03.1988 07:00:00   ;     0,0
05.03.1988 07:00:00   ;     0,0
06.03.1988 07:00:00   ;     1,0
07.03.1988 07:00:00   ;     0,0
08.03.1988 07:00:00   ;     0,0
09.03.1988 07:00:00   ;     0,0
10.03.1988 07:00:00   ;     1,6
11.03.1988 07:00:00   ;     0,4
12.03.1988 07:00:00   ;     2,5
13.03.1988 07:00:00   ;     1,0
14.03.1988 07:00:00   ;     7,0
15.03.1988 07:00:00   ;     0,0
16.03.1988 07:00:00   ;     1,0
17.03.1988 07:00:00   ;     0,0
18.03.1988 07:00:00   ;     0,0
19.03.1988 07:00:00   ;     0,0
20.03.1988 07:00:00   ;     1,5
21.03.1988 07:00:00   ;     6,0
22.03.1988 07:00:00   ;     3,0
23.03.1988 07:00:00   ;     2,0
24.03.1988 07:00:00   ;     5,0
25.03.1988 07:00:00   ;     3,0
26.03.1988 07:00:00   ;     5,0
27.03.1988 07:00:00   ;     3,0
28.03.1988 07:00:00   ;     3,0
29.03.1988 07:00:00   ;     0,0
30.03.1988 07:00:00   ;     0,0
31.03.1988 07:00:00   ;     1,0
01.04.1988 07:00:00   ;     0,0
02.04.1988 07:00:00   ;     0,0
03.04.1988 07:00:00   ;     0,0
04.04.1988 07:00:00   ;     0,0
05.04.1988 07:00:00   ;     2,0
06.04.1988 07:00:00   ;     0,0
07.04.1988 07:00:00   ;     0,0
08.04.1988 07:00:00   ;     5,0
09.04.1988 07:00:00   ;     5,1
10.04.1988 07:00:00   ;     0,0
11.04.1988 07:00:00   ;     0,0
12.04.1988 07:00:00   ;     0,0
13.04.1988 07:00:00   ;     5,0
14.04.1988 07:00:00   ;     0,0
15.04.1988 07:00:00   ;     0,0
16.04.1988 07:00:00   ;     0,0
17.04.1988 07:00:00   ;     0,0
18.04.1988 07:00:00   ;     0,0
19.04.1988 07:00:00   ;     0,0
20.04.1988 07:00:00   ;     4,0
21.04.1988 07:00:00   ;     0,0
22.04.1988 07:00:00   ;     0,0
23.04.1988 07:00:00   ;     0,0
24.04.1988 07:00:00   ;     0,0
25.04.1988 07:00:00   ;     0,0
26.04.1988 07:00:00   ;     0,0
27.04.1988 07:00:00   ;     0,0
28.04.1988 07:00:00   ;     0,0
29.04.1988 07:00:00   ;     0,0
30.04.1988 07:00:00   ;     0,0
01.05.1988 07:00:00   ;     0,0
02.05.1988 07:00:00   ;     0,0
03.05.1988 07:00:00   ;     0,0
04.05.1988 07:00:00   ;     0,0
05.05.1988 07:00:00   ;     0,0
06.05.1988 07:00:00   ;     2,0
07.05.1988 07:00:00   ;     0,0
08.05.1988 07:00:00   ;     0,0
09.05.1988 07:00:00   ;     0,0
10.05.1988 07:00:00   ;     0,0
11.05.1988 07:00:00   ;     0,0
12.05.1988 07:00:00   ;     0,0
13.05.1988 07:00:00   ;     0,0
14.05.1988 07:00:00   ;     0,0
15.05.1988 07:00:00   ;     0,0
16.05.1988 07:00:00   ;     0,0
17.05.1988 07:00:00   ;     1,0
18.05.1988 07:00:00   ;     2,0
19.05.1988 07:00:00   ;     2,0
20.05.1988 07:00:00   ;    13,5
21.05.1988 07:00:00   ;     0,0
22.05.1988 07:00:00   ;     0,0
23.05.1988 07:00:00   ;     0,0
24.05.1988 07:00:00   ;     0,0
25.05.1988 07:00:00   ;     0,0
26.05.1988 07:00:00   ;     0,0
27.05.1988 07:00:00   ;     3,0
28.05.1988 07:00:00   ;     0,0
29.05.1988 07:00:00   ;     0,0
30.05.1988 07:00:00   ;     0,0
31.05.1988 07:00:00   ;    13,0
01.06.1988 07:00:00   ;     2,1
02.06.1988 07:00:00   ;     0,1
03.06.1988 07:00:00   ;     0,0
04.06.1988 07:00:00   ;    14,0
05.06.1988 07:00:00   ;    18,1
06.06.1988 07:00:00   ;     2,9
07.06.1988 07:00:00   ;     0,5
08.06.1988 07:00:00   ;     0,0
09.06.1988 07:00:00   ;     0,0
10.06.1988 07:00:00   ;     0,0
11.06.1988 07:00:00   ;     0,0
12.06.1988 07:00:00   ;     0,0
13.06.1988 07:00:00   ;     0,0
14.06.1988 07:00:00   ;     0,0
15.06.1988 07:00:00   ;     0,0
16.06.1988 07:00:00   ;     0,0
17.06.1988 07:00:00   ;     0,0
18.06.1988 07:00:00   ;     0,0
19.06.1988 07:00:00   ;    16,2
20.06.1988 07:00:00   ;     0,0
21.06.1988 07:00:00   ;     0,0
22.06.1988 07:00:00   ;     2,9
23.06.1988 07:00:00   ;     2,1
24.06.1988 07:00:00   ;     0,0
25.06.1988 07:00:00   ;     0,5
26.06.1988 07:00:00   ;     1,5
27.06.1988 07:00:00   ;     0,0
28.06.1988 07:00:00   ;     0,0
29.06.1988 07:00:00   ;     0,0
30.06.1988 07:00:00   ;     0,0
01.07.1988 07:00:00   ;    14,0
02.07.1988 07:00:00   ;     5,0
03.07.1988 07:00:00   ;     0,0
04.07.1988 07:00:00   ;     0,0
05.07.1988 07:00:00   ;     0,0
06.07.1988 07:00:00   ;     0,0
07.07.1988 07:00:00   ;     0,0
08.07.1988 07:00:00   ;     0,0
09.07.1988 07:00:00   ;     1,0
10.07.1988 07:00:00   ;     0,0
11.07.1988 07:00:00   ;     0,0
12.07.1988 07:00:00   ;     1,5
13.07.1988 07:00:00   ;     0,0
14.07.1988 07:00:00   ;     2,6
15.07.1988 07:00:00   ;     1,0
16.07.1988 07:00:00   ;     0,0
17.07.1988 07:00:00   ;     3,4
18.07.1988 07:00:00   ;     2,0
19.07.1988 07:00:00   ;     0,5
20.07.1988 07:00:00   ;     0,0
21.07.1988 07:00:00   ;     0,0
22.07.1988 07:00:00   ;     0,0
23.07.1988 07:00:00   ;     0,0
24.07.1988 07:00:00   ;     0,0
25.07.1988 07:00:00   ;     0,0
26.07.1988 07:00:00   ;     0,0
27.07.1988 07:00:00   ;    17,0
28.07.1988 07:00:00   ;     0,0
29.07.1988 07:00:00   ;     5,0
30.07.1988 07:00:00   ;     0,0
31.07.1988 07:00:00   ;     0,0
01.08.1988 07:00:00   ;     0,0
02.08.1988 07:00:00   ;     0,2
03.08.1988 07:00:00   ;     4,0
04.08.1988 07:00:00   ;     4,5
05.08.1988 07:00:00   ;     0,0
06.08.1988 07:00:00   ;     0,0
07.08.1988 07:00:00   ;     0,0
08.08.1988 07:00:00   ;     0,0
09.08.1988 07:00:00   ;     0,0
10.08.1988 07:00:00   ;     0,0
11.08.1988 07:00:00   ;     4,4
12.08.1988 07:00:00   ;     0,0
13.08.1988 07:00:00   ;     8,0
14.08.1988 07:00:00   ;     0,0
15.08.1988 07:00:00   ;     0,3
16.08.1988 07:00:00   ;     2,3
17.08.1988 07:00:00   ;     0,0
18.08.1988 07:00:00   ;     0,0
19.08.1988 07:00:00   ;     0,0
20.08.1988 07:00:00   ;    13,0
21.08.1988 07:00:00   ;     9,0
22.08.1988 07:00:00   ;     2,1
23.08.1988 07:00:00   ;     4,6
24.08.1988 07:00:00   ;     1,8
25.08.1988 07:00:00   ;     5,0
26.08.1988 07:00:00   ;     0,5
27.08.1988 07:00:00   ;     0,0
28.08.1988 07:00:00   ;     0,0
29.08.1988 07:00:00   ;    11,8
30.08.1988 07:00:00   ;     0,0
31.08.1988 07:00:00   ;     0,0
01.09.1988 07:00:00   ;     0,0
02.09.1988 07:00:00   ;    25,5
03.09.1988 07:00:00   ;     0,0
04.09.1988 07:00:00   ;     1,5
05.09.1988 07:00:00   ;     6,5
06.09.1988 07:00:00   ;     0,0
07.09.1988 07:00:00   ;     0,0
08.09.1988 07:00:00   ;     0,0
09.09.1988 07:00:00   ;     0,0
10.09.1988 07:00:00   ;     0,0
11.09.1988 07:00:00   ;     0,0
12.09.1988 07:00:00   ;     0,0
13.09.1988 07:00:00   ;     1,0
14.09.1988 07:00:00   ;     0,7
15.09.1988 07:00:00   ;     5,0
16.09.1988 07:00:00   ;    31,0
17.09.1988 07:00:00   ;     0,0
18.09.1988 07:00:00   ;     0,0
19.09.1988 07:00:00   ;     0,0
20.09.1988 07:00:00   ;     0,0
21.09.1988 07:00:00   ;     0,2
22.09.1988 07:00:00   ;     0,0
23.09.1988 07:00:00   ;     0,0
24.09.1988 07:00:00   ;     0,3
25.09.1988 07:00:00   ;     0,2
26.09.1988 07:00:00   ;     0,0
27.09.1988 07:00:00   ;     0,0
28.09.1988 07:00:00   ;     0,0
29.09.1988 07:00:00   ;     0,0
30.09.1988 07:00:00   ;     0,0
01.10.1988 07:00:00   ;     0,0
02.10.1988 07:00:00   ;     0,0
03.10.1988 07:00:00   ;     0,0
04.10.1988 07:00:00   ;     0,0
05.10.1988 07:00:00   ;     0,0
06.10.1988 07:00:00   ;     4,0
07.10.1988 07:00:00   ;     0,8
08.10.1988 07:00:00   ;     0,0
09.10.1988 07:00:00   ;     0,0
10.10.1988 07:00:00   ;     0,0
11.10.1988 07:00:00   ;     0,0
12.10.1988 07:00:00   ;     0,0
13.10.1988 07:00:00   ;     0,2
14.10.1988 07:00:00   ;     0,0
15.10.1988 07:00:00   ;     0,0
16.10.1988 07:00:00   ;     0,0
17.10.1988 07:00:00   ;     0,0
18.10.1988 07:00:00   ;     0,0
19.10.1988 07:00:00   ;     0,0
20.10.1988 07:00:00   ;     2,0
21.10.1988 07:00:00   ;     0,0
22.10.1988 07:00:00   ;     0,0
23.10.1988 07:00:00   ;     0,0
24.10.1988 07:00:00   ;     0,0
25.10.1988 07:00:00   ;     0,0
26.10.1988 07:00:00   ;     0,0
27.10.1988 07:00:00   ;     0,0
28.10.1988 07:00:00   ;     0,0
29.10.1988 07:00:00   ;     2,0
30.10.1988 07:00:00   ;     0,0
31.10.1988 07:00:00   ;     0,0
01.11.1988 07:00:00   ;     0,0
02.11.1988 07:00:00   ;     5,0
03.11.1988 07:00:00   ;     0,0
04.11.1988 07:00:00   ;     0,0
05.11.1988 07:00:00   ;     0,0
06.11.1988 07:00:00   ;     0,0
07.11.1988 07:00:00   ;     0,0
08.11.1988 07:00:00   ;     0,0
09.11.1988 07:00:00   ;     0,0
10.11.1988 07:00:00   ;     0,0
11.11.1988 07:00:00   ;     0,0
12.11.1988 07:00:00   ;     0,0
13.11.1988 07:00:00   ;     3,0
14.11.1988 07:00:00   ;     0,0
15.11.1988 07:00:00   ;     0,0
16.11.1988 07:00:00   ;     0,0
17.11.1988 07:00:00   ;     0,0
18.11.1988 07:00:00   ;     1,0
19.11.1988 07:00:00   ;     0,5
20.11.1988 07:00:00   ;     0,0
21.11.1988 07:00:00   ;     4,9
22.11.1988 07:00:00   ;     0,0
23.11.1988 07:00:00   ;     0,0
24.11.1988 07:00:00   ;     0,0
25.11.1988 07:00:00   ;    19,0
26.11.1988 07:00:00   ;     0,0
27.11.1988 07:00:00   ;     0,0
28.11.1988 07:00:00   ;     0,0
29.11.1988 07:00:00   ;     0,5
30.11.1988 07:00:00   ;     3,0
01.12.1988 07:00:00   ;     0,0
02.12.1988 07:00:00   ;     8,0
03.12.1988 07:00:00   ;     0,0
04.12.1988 07:00:00   ;     7,0
05.12.1988 07:00:00   ;     5,0
06.12.1988 07:00:00   ;     0,0
07.12.1988 07:00:00   ;     0,0
08.12.1988 07:00:00   ;     2,7
09.12.1988 07:00:00   ;     1,0
10.12.1988 07:00:00   ;     4,0
11.12.1988 07:00:00   ;     0,0
12.12.1988 07:00:00   ;     0,0
13.12.1988 07:00:00   ;     3,0
14.12.1988 07:00:00   ;     1,0
15.12.1988 07:00:00   ;     2,0
16.12.1988 07:00:00   ;     0,0
17.12.1988 07:00:00   ;     1,0
18.12.1988 07:00:00   ;     1,0
19.12.1988 07:00:00   ;     0,0
20.12.1988 07:00:00   ;     0,0
21.12.1988 07:00:00   ;     0,0
22.12.1988 07:00:00   ;     0,0
23.12.1988 07:00:00   ;     1,0
24.12.1988 07:00:00   ;     4,3
25.12.1988 07:00:00   ;     0,0
26.12.1988 07:00:00   ;     0,0
27.12.1988 07:00:00   ;     0,0
28.12.1988 07:00:00   ;     0,0
29.12.1988 07:00:00   ;     0,0
30.12.1988 07:00:00   ;     0,0
31.12.1988 07:00:00   ;     0,0
01.01.1989 07:00:00   ;     1,2
02.01.1989 07:00:00   ;     0,0
03.01.1989 07:00:00   ;     0,0
04.01.1989 07:00:00   ;     0,0
05.01.1989 07:00:00   ;     0,0
06.01.1989 07:00:00   ;     5,8
07.01.1989 07:00:00   ;     0,0
08.01.1989 07:00:00   ;     6,5
09.01.1989 07:00:00   ;     0,0
10.01.1989 07:00:00   ;     0,6
11.01.1989 07:00:00   ;     0,2
12.01.1989 07:00:00   ;     0,2
13.01.1989 07:00:00   ;     0,0
14.01.1989 07:00:00   ;     0,0
15.01.1989 07:00:00   ;     0,0
16.01.1989 07:00:00   ;     0,0
17.01.1989 07:00:00   ;     0,0
18.01.1989 07:00:00   ;     0,0
19.01.1989 07:00:00   ;     0,0
20.01.1989 07:00:00   ;     0,0
21.01.1989 07:00:00   ;     0,0
22.01.1989 07:00:00   ;     0,0
23.01.1989 07:00:00   ;     0,0
24.01.1989 07:00:00   ;     0,0
25.01.1989 07:00:00   ;     0,0
26.01.1989 07:00:00   ;     0,0
27.01.1989 07:00:00   ;     0,0
28.01.1989 07:00:00   ;     0,0
29.01.1989 07:00:00   ;     0,0
30.01.1989 07:00:00   ;     0,0
31.01.1989 07:00:00   ;     0,0
01.02.1989 07:00:00   ;     0,0
02.02.1989 07:00:00   ;     0,0
03.02.1989 07:00:00   ;     0,0
04.02.1989 07:00:00   ;     0,0
05.02.1989 07:00:00   ;     0,0
06.02.1989 07:00:00   ;     0,0
07.02.1989 07:00:00   ;     0,0
08.02.1989 07:00:00   ;     0,4
09.02.1989 07:00:00   ;     0,0
10.02.1989 07:00:00   ;     0,0
11.02.1989 07:00:00   ;     0,0
12.02.1989 07:00:00   ;     0,0
13.02.1989 07:00:00   ;     0,0
14.02.1989 07:00:00   ;     0,6
15.02.1989 07:00:00   ;     2,1
16.02.1989 07:00:00   ;     2,0
17.02.1989 07:00:00   ;     0,0
18.02.1989 07:00:00   ;     5,0
19.02.1989 07:00:00   ;     2,3
20.02.1989 07:00:00   ;     0,0
21.02.1989 07:00:00   ;     0,0
22.02.1989 07:00:00   ;     0,0
23.02.1989 07:00:00   ;     0,0
24.02.1989 07:00:00   ;     0,0
25.02.1989 07:00:00   ;     0,0
26.02.1989 07:00:00   ;     2,5
27.02.1989 07:00:00   ;     0,0
28.02.1989 07:00:00   ;     1,0
01.03.1989 07:00:00   ;     0,0
02.03.1989 07:00:00   ;     0,0
03.03.1989 07:00:00   ;     0,9
04.03.1989 07:00:00   ;     0,0
05.03.1989 07:00:00   ;     0,0
06.03.1989 07:00:00   ;     0,0
07.03.1989 07:00:00   ;     0,0
08.03.1989 07:00:00   ;     7,0
09.03.1989 07:00:00   ;     1,5
10.03.1989 07:00:00   ;     0,2
11.03.1989 07:00:00   ;     0,0
12.03.1989 07:00:00   ;     4,8
13.03.1989 07:00:00   ;     7,5
14.03.1989 07:00:00   ;     0,0
15.03.1989 07:00:00   ;     0,0
16.03.1989 07:00:00   ;     2,8
17.03.1989 07:00:00   ;     1,0
18.03.1989 07:00:00   ;     1,0
19.03.1989 07:00:00   ;     0,0
20.03.1989 07:00:00   ;     0,0
21.03.1989 07:00:00   ;     1,8
22.03.1989 07:00:00   ;     0,0
23.03.1989 07:00:00   ;     2,7
24.03.1989 07:00:00   ;     0,0
25.03.1989 07:00:00   ;     0,0
26.03.1989 07:00:00   ;     0,0
27.03.1989 07:00:00   ;     0,0
28.03.1989 07:00:00   ;     0,0
29.03.1989 07:00:00   ;     0,0
30.03.1989 07:00:00   ;     0,0
31.03.1989 07:00:00   ;     0,0
01.04.1989 07:00:00   ;     9,5
02.04.1989 07:00:00   ;     0,0
03.04.1989 07:00:00   ;     6,5
04.04.1989 07:00:00   ;     0,5
05.04.1989 07:00:00   ;     0,0
06.04.1989 07:00:00   ;     0,0
07.04.1989 07:00:00   ;     0,0
08.04.1989 07:00:00   ;     0,0
09.04.1989 07:00:00   ;     0,5
10.04.1989 07:00:00   ;     0,0
11.04.1989 07:00:00   ;     0,0
12.04.1989 07:00:00   ;     0,0
13.04.1989 07:00:00   ;     0,0
14.04.1989 07:00:00   ;     8,0
15.04.1989 07:00:00   ;     3,0
16.04.1989 07:00:00   ;     0,0
17.04.1989 07:00:00   ;     3,0
18.04.1989 07:00:00   ;     1,2
19.04.1989 07:00:00   ;     0,0
20.04.1989 07:00:00   ;     0,0
21.04.1989 07:00:00   ;     0,0
22.04.1989 07:00:00   ;     2,3
23.04.1989 07:00:00   ;     0,0
24.04.1989 07:00:00   ;     0,0
25.04.1989 07:00:00   ;     0,0
26.04.1989 07:00:00   ;     0,0
27.04.1989 07:00:00   ;     4,0
28.04.1989 07:00:00   ;    27,5
29.04.1989 07:00:00   ;     1,5
30.04.1989 07:00:00   ;    17,0
01.05.1989 07:00:00   ;     6,0
02.05.1989 07:00:00   ;     0,3
03.05.1989 07:00:00   ;     0,0
04.05.1989 07:00:00   ;     0,0
05.05.1989 07:00:00   ;     2,0
06.05.1989 07:00:00   ;     7,5
07.05.1989 07:00:00   ;     0,0
08.05.1989 07:00:00   ;     0,0
09.05.1989 07:00:00   ;     0,0
10.05.1989 07:00:00   ;    12,0
11.05.1989 07:00:00   ;    11,0
12.05.1989 07:00:00   ;     0,5
13.05.1989 07:00:00   ;     2,5
14.05.1989 07:00:00   ;    18,0
15.05.1989 07:00:00   ;     0,0
16.05.1989 07:00:00   ;     2,3
17.05.1989 07:00:00   ;     0,0
18.05.1989 07:00:00   ;     0,0
19.05.1989 07:00:00   ;     0,5
20.05.1989 07:00:00   ;     6,0
21.05.1989 07:00:00   ;     0,0
22.05.1989 07:00:00   ;     0,0
23.05.1989 07:00:00   ;     0,0
24.05.1989 07:00:00   ;     0,0
25.05.1989 07:00:00   ;     0,0
26.05.1989 07:00:00   ;     0,0
27.05.1989 07:00:00   ;     0,0
28.05.1989 07:00:00   ;     0,3
29.05.1989 07:00:00   ;     0,0
30.05.1989 07:00:00   ;     0,2
31.05.1989 07:00:00   ;     2,9
01.06.1989 07:00:00   ;     2,9
02.06.1989 07:00:00   ;    17,0
03.06.1989 07:00:00   ;     7,0
04.06.1989 07:00:00   ;     2,2
05.06.1989 07:00:00   ;     1,0
06.06.1989 07:00:00   ;     0,0
07.06.1989 07:00:00   ;     1,0
08.06.1989 07:00:00   ;     0,5
09.06.1989 07:00:00   ;     0,0
10.06.1989 07:00:00   ;     0,0
11.06.1989 07:00:00   ;     0,0
12.06.1989 07:00:00   ;     0,0
13.06.1989 07:00:00   ;     0,8
14.06.1989 07:00:00   ;     0,0
15.06.1989 07:00:00   ;     0,6
16.06.1989 07:00:00   ;     5,0
17.06.1989 07:00:00   ;    10,0
18.06.1989 07:00:00   ;     9,5
19.06.1989 07:00:00   ;     5,0
20.06.1989 07:00:00   ;     5,0
21.06.1989 07:00:00   ;     0,0
22.06.1989 07:00:00   ;     5,0
23.06.1989 07:00:00   ;     0,0
24.06.1989 07:00:00   ;     4,0
25.06.1989 07:00:00   ;     2,0
26.06.1989 07:00:00   ;     0,0
27.06.1989 07:00:00   ;     0,0
28.06.1989 07:00:00   ;     4,0
29.06.1989 07:00:00   ;     0,0
30.06.1989 07:00:00   ;     0,0
01.07.1989 07:00:00   ;     0,0
02.07.1989 07:00:00   ;     0,0
03.07.1989 07:00:00   ;     0,5
04.07.1989 07:00:00   ;     4,0
05.07.1989 07:00:00   ;     0,0
06.07.1989 07:00:00   ;     0,0
07.07.1989 07:00:00   ;     0,0
08.07.1989 07:00:00   ;     0,0
09.07.1989 07:00:00   ;     0,0
10.07.1989 07:00:00   ;     3,0
11.07.1989 07:00:00   ;    12,0
12.07.1989 07:00:00   ;     0,0
13.07.1989 07:00:00   ;     0,0
14.07.1989 07:00:00   ;     1,2
15.07.1989 07:00:00   ;     0,0
16.07.1989 07:00:00   ;     0,0
17.07.1989 07:00:00   ;     0,0
18.07.1989 07:00:00   ;     7,2
19.07.1989 07:00:00   ;     0,0
20.07.1989 07:00:00   ;     0,0
21.07.1989 07:00:00   ;     0,0
22.07.1989 07:00:00   ;     0,0
23.07.1989 07:00:00   ;     0,0
24.07.1989 07:00:00   ;     2,4
25.07.1989 07:00:00   ;     0,0
26.07.1989 07:00:00   ;     1,2
27.07.1989 07:00:00   ;     0,0
28.07.1989 07:00:00   ;     0,0
29.07.1989 07:00:00   ;     0,8
30.07.1989 07:00:00   ;     0,0
31.07.1989 07:00:00   ;    10,0
01.08.1989 07:00:00   ;     2,2
02.08.1989 07:00:00   ;     7,2
03.08.1989 07:00:00   ;     4,9
04.08.1989 07:00:00   ;     1,2
05.08.1989 07:00:00   ;     0,0
06.08.1989 07:00:00   ;     0,0
07.08.1989 07:00:00   ;     0,5
08.08.1989 07:00:00   ;     8,0
09.08.1989 07:00:00   ;    15,0
10.08.1989 07:00:00   ;     0,0
11.08.1989 07:00:00   ;     0,0
12.08.1989 07:00:00   ;     0,0
13.08.1989 07:00:00   ;     0,0
14.08.1989 07:00:00   ;     0,0
15.08.1989 07:00:00   ;     0,0
16.08.1989 07:00:00   ;     0,0
17.08.1989 07:00:00   ;     2,0
18.08.1989 07:00:00   ;    16,0
19.08.1989 07:00:00   ;    10,0
20.08.1989 07:00:00   ;     0,0
21.08.1989 07:00:00   ;     0,0
22.08.1989 07:00:00   ;     0,0
23.08.1989 07:00:00   ;     0,0
24.08.1989 07:00:00   ;     0,0
25.08.1989 07:00:00   ;     1,0
26.08.1989 07:00:00   ;     0,0
27.08.1989 07:00:00   ;     8,0
28.08.1989 07:00:00   ;     0,0
29.08.1989 07:00:00   ;    15,0
30.08.1989 07:00:00   ;    16,2
31.08.1989 07:00:00   ;     0,0
01.09.1989 07:00:00   ;     0,0
02.09.1989 07:00:00   ;     0,0
03.09.1989 07:00:00   ;     7,8
04.09.1989 07:00:00   ;    17,2
05.09.1989 07:00:00   ;     0,2
06.09.1989 07:00:00   ;     0,0
07.09.1989 07:00:00   ;     0,0
08.09.1989 07:00:00   ;     0,0
09.09.1989 07:00:00   ;     0,0
10.09.1989 07:00:00   ;     0,0
11.09.1989 07:00:00   ;     0,0
12.09.1989 07:00:00   ;     0,0
13.09.1989 07:00:00   ;     0,0
14.09.1989 07:00:00   ;     7,7
15.09.1989 07:00:00   ;     3,3
16.09.1989 07:00:00   ;     0,0
17.09.1989 07:00:00   ;     0,0
18.09.1989 07:00:00   ;     0,0
19.09.1989 07:00:00   ;     0,0
20.09.1989 07:00:00   ;     0,0
21.09.1989 07:00:00   ;     0,0
22.09.1989 07:00:00   ;     0,0
23.09.1989 07:00:00   ;     0,0
24.09.1989 07:00:00   ;     0,0
25.09.1989 07:00:00   ;     0,0
26.09.1989 07:00:00   ;     0,0
27.09.1989 07:00:00   ;    12,0
28.09.1989 07:00:00   ;     2,2
29.09.1989 07:00:00   ;     0,0
30.09.1989 07:00:00   ;     0,0
01.10.1989 07:00:00   ;     0,0
02.10.1989 07:00:00   ;     3,8
03.10.1989 07:00:00   ;     1,2
04.10.1989 07:00:00   ;     0,0
05.10.1989 07:00:00   ;     0,0
06.10.1989 07:00:00   ;     5,8
07.10.1989 07:00:00   ;     7,7
08.10.1989 07:00:00   ;     0,0
09.10.1989 07:00:00   ;     1,0
10.10.1989 07:00:00   ;     0,0
11.10.1989 07:00:00   ;     0,0
12.10.1989 07:00:00   ;     0,0
13.10.1989 07:00:00   ;     0,0
14.10.1989 07:00:00   ;     3,9
15.10.1989 07:00:00   ;     0,0
16.10.1989 07:00:00   ;     0,0
17.10.1989 07:00:00   ;     0,0
18.10.1989 07:00:00   ;     0,0
19.10.1989 07:00:00   ;     0,0
20.10.1989 07:00:00   ;     0,0
21.10.1989 07:00:00   ;     0,0
22.10.1989 07:00:00   ;     0,0
23.10.1989 07:00:00   ;     0,0
24.10.1989 07:00:00   ;     0,0
25.10.1989 07:00:00   ;     0,0
26.10.1989 07:00:00   ;     0,0
27.10.1989 07:00:00   ;     0,0
28.10.1989 07:00:00   ;     0,0
29.10.1989 07:00:00   ;     1,2
30.10.1989 07:00:00   ;     2,3
31.10.1989 07:00:00   ;     2,0
01.11.1989 07:00:00   ;     0,0
02.11.1989 07:00:00   ;     0,0
03.11.1989 07:00:00   ;     0,0
04.11.1989 07:00:00   ;     1,5
05.11.1989 07:00:00   ;     0,0
06.11.1989 07:00:00   ;    11,0
07.11.1989 07:00:00   ;     0,0
08.11.1989 07:00:00   ;     0,0
09.11.1989 07:00:00   ;     0,0
10.11.1989 07:00:00   ;     0,0
11.11.1989 07:00:00   ;     0,0
12.11.1989 07:00:00   ;     0,0
13.11.1989 07:00:00   ;     0,0
14.11.1989 07:00:00   ;     0,0
15.11.1989 07:00:00   ;     0,0
16.11.1989 07:00:00   ;     0,0
17.11.1989 07:00:00   ;     0,0
18.11.1989 07:00:00   ;     0,0
19.11.1989 07:00:00   ;     0,0
20.11.1989 07:00:00   ;     0,0
21.11.1989 07:00:00   ;     0,0
22.11.1989 07:00:00   ;     4,0
23.11.1989 07:00:00   ;     0,0
24.11.1989 07:00:00   ;     2,0
25.11.1989 07:00:00   ;     2,0
26.11.1989 07:00:00   ;     2,0
27.11.1989 07:00:00   ;     0,0
28.11.1989 07:00:00   ;     0,0
29.11.1989 07:00:00   ;     0,0
30.11.1989 07:00:00   ;     0,0
01.12.1989 07:00:00   ;     0,0
02.12.1989 07:00:00   ;     0,0
03.12.1989 07:00:00   ;     0,0
04.12.1989 07:00:00   ;     0,0
05.12.1989 07:00:00   ;     0,0
06.12.1989 07:00:00   ;     0,0
07.12.1989 07:00:00   ;     0,0
08.12.1989 07:00:00   ;     0,0
09.12.1989 07:00:00   ;     1,0
10.12.1989 07:00:00   ;     0,0
11.12.1989 07:00:00   ;     0,0
12.12.1989 07:00:00   ;     1,1
13.12.1989 07:00:00   ;     0,9
14.12.1989 07:00:00   ;     0,0
15.12.1989 07:00:00   ;     5,2
16.12.1989 07:00:00   ;     0,0
17.12.1989 07:00:00   ;     3,5
18.12.1989 07:00:00   ;     0,0
19.12.1989 07:00:00   ;     1,5
20.12.1989 07:00:00   ;     1,0
21.12.1989 07:00:00   ;     0,0
22.12.1989 07:00:00   ;     0,0
23.12.1989 07:00:00   ;     0,0
24.12.1989 07:00:00   ;     0,8
25.12.1989 07:00:00   ;     0,0
26.12.1989 07:00:00   ;     0,0
27.12.1989 07:00:00   ;     0,0
28.12.1989 07:00:00   ;     0,0
29.12.1989 07:00:00   ;     0,0
30.12.1989 07:00:00   ;     0,0
31.12.1989 07:00:00   ;     0,0
01.01.1990 07:00:00   ;     0,0
02.01.1990 07:00:00   ;     0,0
03.01.1990 07:00:00   ;     0,0
04.01.1990 07:00:00   ;     0,0
05.01.1990 07:00:00   ;     0,0
06.01.1990 07:00:00   ;     0,0
07.01.1990 07:00:00   ;     0,0
08.01.1990 07:00:00   ;     0,0
09.01.1990 07:00:00   ;     0,0
10.01.1990 07:00:00   ;     0,0
11.01.1990 07:00:00   ;     0,0
12.01.1990 07:00:00   ;     0,0
13.01.1990 07:00:00   ;     0,0
14.01.1990 07:00:00   ;     0,0
15.01.1990 07:00:00   ;     0,0
16.01.1990 07:00:00   ;     0,0
17.01.1990 07:00:00   ;     0,0
18.01.1990 07:00:00   ;     0,0
19.01.1990 07:00:00   ;     0,0
20.01.1990 07:00:00   ;     0,0
21.01.1990 07:00:00   ;     2,8
22.01.1990 07:00:00   ;     0,0
23.01.1990 07:00:00   ;     0,0
24.01.1990 07:00:00   ;     0,0
25.01.1990 07:00:00   ;     0,0
26.01.1990 07:00:00   ;     0,0
27.01.1990 07:00:00   ;     0,0
28.01.1990 07:00:00   ;     0,0
29.01.1990 07:00:00   ;     0,0
30.01.1990 07:00:00   ;     0,0
31.01.1990 07:00:00   ;     0,0
01.02.1990 07:00:00   ;     0,0
02.02.1990 07:00:00   ;     1,5
03.02.1990 07:00:00   ;     0,0
04.02.1990 07:00:00   ;     0,0
05.02.1990 07:00:00   ;     0,0
06.02.1990 07:00:00   ;     0,0
07.02.1990 07:00:00   ;     0,0
08.02.1990 07:00:00   ;     0,0
09.02.1990 07:00:00   ;     0,0
10.02.1990 07:00:00   ;     0,0
11.02.1990 07:00:00   ;     4,4
12.02.1990 07:00:00   ;     0,0
13.02.1990 07:00:00   ;    13,2
14.02.1990 07:00:00   ;     2,0
15.02.1990 07:00:00   ;    14,0
16.02.1990 07:00:00   ;     0,0
17.02.1990 07:00:00   ;     0,0
18.02.1990 07:00:00   ;     0,0
19.02.1990 07:00:00   ;     0,0
20.02.1990 07:00:00   ;     0,0
21.02.1990 07:00:00   ;     0,0
22.02.1990 07:00:00   ;     0,0
23.02.1990 07:00:00   ;     0,0
24.02.1990 07:00:00   ;     0,0
25.02.1990 07:00:00   ;     0,0
26.02.1990 07:00:00   ;     0,0
27.02.1990 07:00:00   ;     8,3
28.02.1990 07:00:00   ;     5,5
01.03.1990 07:00:00   ;     0,0
02.03.1990 07:00:00   ;     0,0
03.03.1990 07:00:00   ;     1,0
04.03.1990 07:00:00   ;     0,0
05.03.1990 07:00:00   ;     0,0
06.03.1990 07:00:00   ;     0,0
07.03.1990 07:00:00   ;     0,0
08.03.1990 07:00:00   ;     0,0
09.03.1990 07:00:00   ;     0,0
10.03.1990 07:00:00   ;     7,6
11.03.1990 07:00:00   ;     0,0
12.03.1990 07:00:00   ;     0,0
13.03.1990 07:00:00   ;     0,0
14.03.1990 07:00:00   ;     0,0
15.03.1990 07:00:00   ;     0,0
16.03.1990 07:00:00   ;     0,0
17.03.1990 07:00:00   ;     0,0
18.03.1990 07:00:00   ;     0,0
19.03.1990 07:00:00   ;     0,0
20.03.1990 07:00:00   ;     0,0
21.03.1990 07:00:00   ;     0,0
22.03.1990 07:00:00   ;     1,5
23.03.1990 07:00:00   ;     1,3
24.03.1990 07:00:00   ;     0,0
25.03.1990 07:00:00   ;     0,1
26.03.1990 07:00:00   ;     0,0
27.03.1990 07:00:00   ;     0,3
28.03.1990 07:00:00   ;     7,3
29.03.1990 07:00:00   ;     9,6
30.03.1990 07:00:00   ;     0,0
31.03.1990 07:00:00   ;     0,0
01.04.1990 07:00:00   ;     0,0
02.04.1990 07:00:00   ;     0,0
03.04.1990 07:00:00   ;     0,0
04.04.1990 07:00:00   ;     1,2
05.04.1990 07:00:00   ;     0,0
06.04.1990 07:00:00   ;     5,1
07.04.1990 07:00:00   ;    23,6
08.04.1990 07:00:00   ;     0,0
09.04.1990 07:00:00   ;     0,0
10.04.1990 07:00:00   ;     0,0
11.04.1990 07:00:00   ;     2,8
12.04.1990 07:00:00   ;     0,0
13.04.1990 07:00:00   ;     0,0
14.04.1990 07:00:00   ;     0,0
15.04.1990 07:00:00   ;     0,0
16.04.1990 07:00:00   ;     0,0
17.04.1990 07:00:00   ;     0,0
18.04.1990 07:00:00   ;     6,0
19.04.1990 07:00:00   ;    19,7
20.04.1990 07:00:00   ;     3,3
21.04.1990 07:00:00   ;     3,7
22.04.1990 07:00:00   ;     2,0
23.04.1990 07:00:00   ;     9,4
24.04.1990 07:00:00   ;     1,0
25.04.1990 07:00:00   ;     4,6
26.04.1990 07:00:00   ;     1,5
27.04.1990 07:00:00   ;     5,2
28.04.1990 07:00:00   ;     0,0
29.04.1990 07:00:00   ;     0,0
30.04.1990 07:00:00   ;     0,0
01.05.1990 07:00:00   ;     0,0
02.05.1990 07:00:00   ;     0,0
03.05.1990 07:00:00   ;     0,0
04.05.1990 07:00:00   ;     0,0
05.05.1990 07:00:00   ;     0,0
06.05.1990 07:00:00   ;     0,0
07.05.1990 07:00:00   ;     0,2
08.05.1990 07:00:00   ;     0,1
09.05.1990 07:00:00   ;     0,0
10.05.1990 07:00:00   ;     0,0
11.05.1990 07:00:00   ;     2,0
12.05.1990 07:00:00   ;     3,9
13.05.1990 07:00:00   ;     0,0
14.05.1990 07:00:00   ;    17,5
15.05.1990 07:00:00   ;     1,8
16.05.1990 07:00:00   ;     3,8
17.05.1990 07:00:00   ;     0,0
18.05.1990 07:00:00   ;     0,0
19.05.1990 07:00:00   ;     0,0
20.05.1990 07:00:00   ;     0,0
21.05.1990 07:00:00   ;     0,0
22.05.1990 07:00:00   ;    11,0
23.05.1990 07:00:00   ;     0,0
24.05.1990 07:00:00   ;     0,0
25.05.1990 07:00:00   ;     5,2
26.05.1990 07:00:00   ;     0,0
27.05.1990 07:00:00   ;     0,0
28.05.1990 07:00:00   ;     0,0
29.05.1990 07:00:00   ;     0,0
30.05.1990 07:00:00   ;     0,0
31.05.1990 07:00:00   ;     0,0
01.06.1990 07:00:00   ;     0,0
02.06.1990 07:00:00   ;     7,0
03.06.1990 07:00:00   ;     2,3
04.06.1990 07:00:00   ;     0,0
05.06.1990 07:00:00   ;     0,0
06.06.1990 07:00:00   ;     3,0
07.06.1990 07:00:00   ;     0,0
08.06.1990 07:00:00   ;     2,0
09.06.1990 07:00:00   ;     4,5
10.06.1990 07:00:00   ;     1,0
11.06.1990 07:00:00   ;     0,7
12.06.1990 07:00:00   ;     5,6
13.06.1990 07:00:00   ;     0,0
14.06.1990 07:00:00   ;     5,7
15.06.1990 07:00:00   ;     2,8
16.06.1990 07:00:00   ;     0,9
17.06.1990 07:00:00   ;     0,0
18.06.1990 07:00:00   ;     0,0
19.06.1990 07:00:00   ;     0,0
20.06.1990 07:00:00   ;     0,0
21.06.1990 07:00:00   ;     6,0
22.06.1990 07:00:00   ;     9,0
23.06.1990 07:00:00   ;     2,0
24.06.1990 07:00:00   ;     0,0
25.06.1990 07:00:00   ;     0,0
26.06.1990 07:00:00   ;     0,0
27.06.1990 07:00:00   ;     0,0
28.06.1990 07:00:00   ;    21,0
29.06.1990 07:00:00   ;     0,0
30.06.1990 07:00:00   ;     0,0
01.07.1990 07:00:00   ;     1,8
02.07.1990 07:00:00   ;     5,3
03.07.1990 07:00:00   ;    13,8
04.07.1990 07:00:00   ;    17,7
05.07.1990 07:00:00   ;     3,8
06.07.1990 07:00:00   ;     1,5
07.07.1990 07:00:00   ;     0,0
08.07.1990 07:00:00   ;     0,0
09.07.1990 07:00:00   ;    21,6
10.07.1990 07:00:00   ;     1,4
11.07.1990 07:00:00   ;     0,0
12.07.1990 07:00:00   ;     0,0
13.07.1990 07:00:00   ;     0,0
14.07.1990 07:00:00   ;     0,0
15.07.1990 07:00:00   ;     0,0
16.07.1990 07:00:00   ;     0,0
17.07.1990 07:00:00   ;     0,0
18.07.1990 07:00:00   ;     0,0
19.07.1990 07:00:00   ;     0,0
20.07.1990 07:00:00   ;     0,0
21.07.1990 07:00:00   ;     0,0
22.07.1990 07:00:00   ;     0,0
23.07.1990 07:00:00   ;     0,0
24.07.1990 07:00:00   ;     0,0
25.07.1990 07:00:00   ;     0,0
26.07.1990 07:00:00   ;     0,0
27.07.1990 07:00:00   ;     0,0
28.07.1990 07:00:00   ;     0,0
29.07.1990 07:00:00   ;     0,0
30.07.1990 07:00:00   ;     0,0
31.07.1990 07:00:00   ;     0,0
01.08.1990 07:00:00   ;     0,0
02.08.1990 07:00:00   ;     0,0
03.08.1990 07:00:00   ;     0,0
04.08.1990 07:00:00   ;     0,0
05.08.1990 07:00:00   ;     0,0
06.08.1990 07:00:00   ;     1,5
07.08.1990 07:00:00   ;     1,0
08.08.1990 07:00:00   ;     0,0
09.08.1990 07:00:00   ;     0,0
10.08.1990 07:00:00   ;     0,0
11.08.1990 07:00:00   ;     0,0
12.08.1990 07:00:00   ;     0,0
13.08.1990 07:00:00   ;     0,0
14.08.1990 07:00:00   ;     0,0
15.08.1990 07:00:00   ;     0,0
16.08.1990 07:00:00   ;     0,0
17.08.1990 07:00:00   ;     7,5
18.08.1990 07:00:00   ;     0,0
19.08.1990 07:00:00   ;     0,5
20.08.1990 07:00:00   ;     0,0
21.08.1990 07:00:00   ;     0,0
22.08.1990 07:00:00   ;     0,4
23.08.1990 07:00:00   ;     0,0
24.08.1990 07:00:00   ;     0,0
25.08.1990 07:00:00   ;     0,0
26.08.1990 07:00:00   ;     0,0
27.08.1990 07:00:00   ;     0,0
28.08.1990 07:00:00   ;     0,0
29.08.1990 07:00:00   ;     0,0
30.08.1990 07:00:00   ;     0,0
31.08.1990 07:00:00   ;     0,0
01.09.1990 07:00:00   ;     3,3
02.09.1990 07:00:00   ;     0,0
03.09.1990 07:00:00   ;     5,0
04.09.1990 07:00:00   ;     5,7
05.09.1990 07:00:00   ;     1,0
06.09.1990 07:00:00   ;     0,0
07.09.1990 07:00:00   ;    13,0
08.09.1990 07:00:00   ;     0,5
09.09.1990 07:00:00   ;     0,5
10.09.1990 07:00:00   ;     3,5
11.09.1990 07:00:00   ;     0,2
12.09.1990 07:00:00   ;     0,0
13.09.1990 07:00:00   ;     0,0
14.09.1990 07:00:00   ;     0,0
15.09.1990 07:00:00   ;     0,0
16.09.1990 07:00:00   ;     0,0
17.09.1990 07:00:00   ;     3,0
18.09.1990 07:00:00   ;     1,0
19.09.1990 07:00:00   ;     0,0
20.09.1990 07:00:00   ;     0,0
21.09.1990 07:00:00   ;     2,0
22.09.1990 07:00:00   ;    11,0
23.09.1990 07:00:00   ;     2,5
24.09.1990 07:00:00   ;     8,5
25.09.1990 07:00:00   ;     0,0
26.09.1990 07:00:00   ;     0,0
27.09.1990 07:00:00   ;     0,0
28.09.1990 07:00:00   ;     0,0
29.09.1990 07:00:00   ;     0,0
30.09.1990 07:00:00   ;     0,0
01.10.1990 07:00:00   ;     1,8
02.10.1990 07:00:00   ;     0,0
03.10.1990 07:00:00   ;     0,0
04.10.1990 07:00:00   ;     0,0
05.10.1990 07:00:00   ;     0,0
06.10.1990 07:00:00   ;     0,0
07.10.1990 07:00:00   ;     0,9
08.10.1990 07:00:00   ;     3,8
09.10.1990 07:00:00   ;     0,0
10.10.1990 07:00:00   ;     0,0
11.10.1990 07:00:00   ;     0,0
12.10.1990 07:00:00   ;     0,0
13.10.1990 07:00:00   ;     0,0
14.10.1990 07:00:00   ;     0,0
15.10.1990 07:00:00   ;     0,0
16.10.1990 07:00:00   ;     0,0
17.10.1990 07:00:00   ;     0,0
18.10.1990 07:00:00   ;     0,0
19.10.1990 07:00:00   ;     0,0
20.10.1990 07:00:00   ;     0,0
21.10.1990 07:00:00   ;     0,0
22.10.1990 07:00:00   ;     0,0
23.10.1990 07:00:00   ;     0,0
24.10.1990 07:00:00   ;     0,0
25.10.1990 07:00:00   ;     0,0
26.10.1990 07:00:00   ;     0,0
27.10.1990 07:00:00   ;     9,3
28.10.1990 07:00:00   ;     0,0
29.10.1990 07:00:00   ;     4,0
30.10.1990 07:00:00   ;     0,0
31.10.1990 07:00:00   ;     3,9
01.11.1990 07:00:00   ;     0,0
02.11.1990 07:00:00   ;     1,0
03.11.1990 07:00:00   ;     7,0
04.11.1990 07:00:00   ;     0,2
05.11.1990 07:00:00   ;     1,0
06.11.1990 07:00:00   ;     0,2
07.11.1990 07:00:00   ;     0,0
08.11.1990 07:00:00   ;     0,0
09.11.1990 07:00:00   ;     0,0
10.11.1990 07:00:00   ;     0,0
11.11.1990 07:00:00   ;     0,0
12.11.1990 07:00:00   ;     9,3
13.11.1990 07:00:00   ;     1,1
14.11.1990 07:00:00   ;     1,1
15.11.1990 07:00:00   ;     3,0
16.11.1990 07:00:00   ;     0,0
17.11.1990 07:00:00   ;     7,0
18.11.1990 07:00:00   ;     2,2
19.11.1990 07:00:00   ;     1,0
20.11.1990 07:00:00   ;     3,8
21.11.1990 07:00:00   ;     0,8
22.11.1990 07:00:00   ;     0,0
23.11.1990 07:00:00   ;     0,0
24.11.1990 07:00:00   ;     0,0
25.11.1990 07:00:00   ;     0,0
26.11.1990 07:00:00   ;     2,0
27.11.1990 07:00:00   ;    17,9
28.11.1990 07:00:00   ;     1,3
29.11.1990 07:00:00   ;     1,0
30.11.1990 07:00:00   ;     2,0
01.12.1990 07:00:00   ;     3,5
02.12.1990 07:00:00   ;     7,4
03.12.1990 07:00:00   ;     0,0
04.12.1990 07:00:00   ;     5,1
05.12.1990 07:00:00   ;     4,9
06.12.1990 07:00:00   ;     0,0
07.12.1990 07:00:00   ;     0,0
08.12.1990 07:00:00   ;     0,0
09.12.1990 07:00:00   ;     0,6
10.12.1990 07:00:00   ;     1,7
11.12.1990 07:00:00   ;     0,0
12.12.1990 07:00:00   ;     0,0
13.12.1990 07:00:00   ;     0,0
14.12.1990 07:00:00   ;     0,0
15.12.1990 07:00:00   ;     2,0
16.12.1990 07:00:00   ;     2,2
17.12.1990 07:00:00   ;     0,0
18.12.1990 07:00:00   ;     1,5
19.12.1990 07:00:00   ;     0,0
20.12.1990 07:00:00   ;     0,0
21.12.1990 07:00:00   ;     2,1
22.12.1990 07:00:00   ;     0,0
23.12.1990 07:00:00   ;     0,0
24.12.1990 07:00:00   ;     0,0
25.12.1990 07:00:00   ;     0,0
26.12.1990 07:00:00   ;     0,0
27.12.1990 07:00:00   ;     0,0
28.12.1990 07:00:00   ;     0,0
29.12.1990 07:00:00   ;     2,5
30.12.1990 07:00:00   ;     8,0
31.12.1990 07:00:00   ;     1,5
01.01.1991 07:00:00   ;     1,8
02.01.1991 07:00:00   ;     2,1
03.01.1991 07:00:00   ;     0,0
04.01.1991 07:00:00   ;     1,7
05.01.1991 07:00:00   ;     0,0
06.01.1991 07:00:00   ;     0,0
07.01.1991 07:00:00   ;     1,5
08.01.1991 07:00:00   ;     0,0
09.01.1991 07:00:00   ;     0,0
10.01.1991 07:00:00   ;     0,0
11.01.1991 07:00:00   ;     0,0
12.01.1991 07:00:00   ;     0,0
13.01.1991 07:00:00   ;     0,0
14.01.1991 07:00:00   ;     0,0
15.01.1991 07:00:00   ;     0,0
16.01.1991 07:00:00   ;     0,0
17.01.1991 07:00:00   ;     0,0
18.01.1991 07:00:00   ;     0,0
19.01.1991 07:00:00   ;     0,0
20.01.1991 07:00:00   ;     0,0
21.01.1991 07:00:00   ;     0,0
22.01.1991 07:00:00   ;     0,0
23.01.1991 07:00:00   ;     0,0
24.01.1991 07:00:00   ;     0,0
25.01.1991 07:00:00   ;     0,0
26.01.1991 07:00:00   ;     0,0
27.01.1991 07:00:00   ;     0,0
28.01.1991 07:00:00   ;     0,0
29.01.1991 07:00:00   ;     0,0
30.01.1991 07:00:00   ;     0,0
31.01.1991 07:00:00   ;     0,0
01.02.1991 07:00:00   ;     0,0
02.02.1991 07:00:00   ;     0,0
03.02.1991 07:00:00   ;     0,0
04.02.1991 07:00:00   ;     0,0
05.02.1991 07:00:00   ;     0,0
06.02.1991 07:00:00   ;     3,5
07.02.1991 07:00:00   ;     0,7
08.02.1991 07:00:00   ;     0,3
09.02.1991 07:00:00   ;     0,0
10.02.1991 07:00:00   ;     0,0
11.02.1991 07:00:00   ;     0,0
12.02.1991 07:00:00   ;     0,0
13.02.1991 07:00:00   ;     0,0
14.02.1991 07:00:00   ;     0,2
15.02.1991 07:00:00   ;     0,5
16.02.1991 07:00:00   ;     0,3
17.02.1991 07:00:00   ;     0,0
18.02.1991 07:00:00   ;     0,0
19.02.1991 07:00:00   ;     0,0
20.02.1991 07:00:00   ;     0,0
21.02.1991 07:00:00   ;     0,0
22.02.1991 07:00:00   ;     0,0
23.02.1991 07:00:00   ;     1,0
24.02.1991 07:00:00   ;     0,0
25.02.1991 07:00:00   ;     0,0
26.02.1991 07:00:00   ;     0,0
27.02.1991 07:00:00   ;     0,0
28.02.1991 07:00:00   ;     0,0
01.03.1991 07:00:00   ;     0,0
02.03.1991 07:00:00   ;     0,0
03.03.1991 07:00:00   ;     0,0
04.03.1991 07:00:00   ;     0,0
05.03.1991 07:00:00   ;     0,0
06.03.1991 07:00:00   ;     0,0
07.03.1991 07:00:00   ;     0,0
08.03.1991 07:00:00   ;     0,0
09.03.1991 07:00:00   ;     0,0
10.03.1991 07:00:00   ;     0,6
11.03.1991 07:00:00   ;     0,4
12.03.1991 07:00:00   ;     0,0
13.03.1991 07:00:00   ;     0,0
14.03.1991 07:00:00   ;     0,0
15.03.1991 07:00:00   ;     0,0
16.03.1991 07:00:00   ;     0,0
17.03.1991 07:00:00   ;     0,0
18.03.1991 07:00:00   ;     0,0
19.03.1991 07:00:00   ;     6,7
20.03.1991 07:00:00   ;     0,3
21.03.1991 07:00:00   ;     0,0
22.03.1991 07:00:00   ;     0,0
23.03.1991 07:00:00   ;     0,0
24.03.1991 07:00:00   ;     0,0
25.03.1991 07:00:00   ;     1,3
26.03.1991 07:00:00   ;     3,7
27.03.1991 07:00:00   ;     0,0
28.03.1991 07:00:00   ;     0,0
29.03.1991 07:00:00   ;     2,4
30.03.1991 07:00:00   ;     0,6
31.03.1991 07:00:00   ;     0,0
01.04.1991 07:00:00   ;     0,9
02.04.1991 07:00:00   ;     0,0
03.04.1991 07:00:00   ;     0,7
04.04.1991 07:00:00   ;     0,0
05.04.1991 07:00:00   ;     0,0
06.04.1991 07:00:00   ;     1,0
07.04.1991 07:00:00   ;     0,0
08.04.1991 07:00:00   ;     1,6
09.04.1991 07:00:00   ;     1,0
10.04.1991 07:00:00   ;     0,0
11.04.1991 07:00:00   ;     0,0
12.04.1991 07:00:00   ;     0,0
13.04.1991 07:00:00   ;     0,0
14.04.1991 07:00:00   ;     0,0
15.04.1991 07:00:00   ;     0,0
16.04.1991 07:00:00   ;     3,9
17.04.1991 07:00:00   ;     0,0
18.04.1991 07:00:00   ;     7,4
19.04.1991 07:00:00   ;     5,1
20.04.1991 07:00:00   ;     0,0
21.04.1991 07:00:00   ;     0,0
22.04.1991 07:00:00   ;     0,0
23.04.1991 07:00:00   ;     0,2
24.04.1991 07:00:00   ;     0,0
25.04.1991 07:00:00   ;     0,0
26.04.1991 07:00:00   ;     0,0
27.04.1991 07:00:00   ;     0,0
28.04.1991 07:00:00   ;     2,6
29.04.1991 07:00:00   ;     0,0
30.04.1991 07:00:00   ;     0,0
01.05.1991 07:00:00   ;    11,0
02.05.1991 07:00:00   ;    13,6
03.05.1991 07:00:00   ;    15,0
04.05.1991 07:00:00   ;     0,0
05.05.1991 07:00:00   ;     2,1
06.05.1991 07:00:00   ;     1,1
07.05.1991 07:00:00   ;     0,0
08.05.1991 07:00:00   ;     0,0
09.05.1991 07:00:00   ;     0,0
10.05.1991 07:00:00   ;     3,3
11.05.1991 07:00:00   ;     1,3
12.05.1991 07:00:00   ;     0,0
13.05.1991 07:00:00   ;     0,0
14.05.1991 07:00:00   ;     1,0
15.05.1991 07:00:00   ;     0,0
16.05.1991 07:00:00   ;     1,0
17.05.1991 07:00:00   ;    55,0
18.05.1991 07:00:00   ;    32,0
19.05.1991 07:00:00   ;     0,0
20.05.1991 07:00:00   ;     0,0
21.05.1991 07:00:00   ;     0,0
22.05.1991 07:00:00   ;     0,0
23.05.1991 07:00:00   ;     0,0
24.05.1991 07:00:00   ;     0,0
25.05.1991 07:00:00   ;     2,0
26.05.1991 07:00:00   ;     8,0
27.05.1991 07:00:00   ;     0,0
28.05.1991 07:00:00   ;     0,0
29.05.1991 07:00:00   ;     0,0
30.05.1991 07:00:00   ;     0,0
31.05.1991 07:00:00   ;     0,0
01.06.1991 07:00:00   ;     0,0
02.06.1991 07:00:00   ;     0,0
03.06.1991 07:00:00   ;     3,4
04.06.1991 07:00:00   ;     1,2
05.06.1991 07:00:00   ;    11,0
06.06.1991 07:00:00   ;     6,5
07.06.1991 07:00:00   ;     0,0
08.06.1991 07:00:00   ;     2,6
09.06.1991 07:00:00   ;     0,0
10.06.1991 07:00:00   ;     0,0
11.06.1991 07:00:00   ;     0,0
12.06.1991 07:00:00   ;     0,0
13.06.1991 07:00:00   ;    18,0
14.06.1991 07:00:00   ;     3,0
15.06.1991 07:00:00   ;     0,0
16.06.1991 07:00:00   ;     0,0
17.06.1991 07:00:00   ;     1,0
18.06.1991 07:00:00   ;     0,0
19.06.1991 07:00:00   ;     0,8
20.06.1991 07:00:00   ;     0,0
21.06.1991 07:00:00   ;     0,5
22.06.1991 07:00:00   ;     0,0
23.06.1991 07:00:00   ;     0,0
24.06.1991 07:00:00   ;     0,8
25.06.1991 07:00:00   ;     1,1
26.06.1991 07:00:00   ;     2,8
27.06.1991 07:00:00   ;     4,9
28.06.1991 07:00:00   ;     0,0
29.06.1991 07:00:00   ;     0,0
30.06.1991 07:00:00   ;     0,0
01.07.1991 07:00:00   ;     0,0
02.07.1991 07:00:00   ;     0,0
03.07.1991 07:00:00   ;     0,0
04.07.1991 07:00:00   ;     0,0
05.07.1991 07:00:00   ;     0,0
06.07.1991 07:00:00   ;     0,0
07.07.1991 07:00:00   ;     0,0
08.07.1991 07:00:00   ;     0,0
09.07.1991 07:00:00   ;     0,0
10.07.1991 07:00:00   ;     0,0
11.07.1991 07:00:00   ;     0,0
12.07.1991 07:00:00   ;     0,0
13.07.1991 07:00:00   ;     0,0
14.07.1991 07:00:00   ;     7,5
15.07.1991 07:00:00   ;     1,2
16.07.1991 07:00:00   ;     0,0
17.07.1991 07:00:00   ;    17,3
18.07.1991 07:00:00   ;     0,0
19.07.1991 07:00:00   ;     0,0
20.07.1991 07:00:00   ;    21,2
21.07.1991 07:00:00   ;     0,0
22.07.1991 07:00:00   ;     0,0
23.07.1991 07:00:00   ;     0,0
24.07.1991 07:00:00   ;     2,7
25.07.1991 07:00:00   ;     6,1
26.07.1991 07:00:00   ;     1,7
27.07.1991 07:00:00   ;    24,3
28.07.1991 07:00:00   ;     0,0
29.07.1991 07:00:00   ;     0,0
30.07.1991 07:00:00   ;     0,0
31.07.1991 07:00:00   ;     0,0
01.08.1991 07:00:00   ;    11,1
02.08.1991 07:00:00   ;    23,2
03.08.1991 07:00:00   ;     1,4
04.08.1991 07:00:00   ;     4,5
05.08.1991 07:00:00   ;     5,2
06.08.1991 07:00:00   ;     0,0
07.08.1991 07:00:00   ;     0,0
08.08.1991 07:00:00   ;     0,0
09.08.1991 07:00:00   ;     0,0
10.08.1991 07:00:00   ;     0,0
11.08.1991 07:00:00   ;     0,0
12.08.1991 07:00:00   ;     0,4
13.08.1991 07:00:00   ;     0,0
14.08.1991 07:00:00   ;     0,0
15.08.1991 07:00:00   ;     0,0
16.08.1991 07:00:00   ;     0,0
17.08.1991 07:00:00   ;     0,0
18.08.1991 07:00:00   ;     1,6
19.08.1991 07:00:00   ;     0,0
20.08.1991 07:00:00   ;     1,4
21.08.1991 07:00:00   ;     0,0
22.08.1991 07:00:00   ;     0,0
23.08.1991 07:00:00   ;     0,0
24.08.1991 07:00:00   ;     0,7
25.08.1991 07:00:00   ;     0,0
26.08.1991 07:00:00   ;     0,0
27.08.1991 07:00:00   ;     0,0
28.08.1991 07:00:00   ;     5,1
29.08.1991 07:00:00   ;     0,0
30.08.1991 07:00:00   ;     0,0
31.08.1991 07:00:00   ;     0,0
01.09.1991 07:00:00   ;     0,0
02.09.1991 07:00:00   ;     0,0
03.09.1991 07:00:00   ;     0,0
04.09.1991 07:00:00   ;     0,0
05.09.1991 07:00:00   ;     0,0
06.09.1991 07:00:00   ;     0,0
07.09.1991 07:00:00   ;     0,4
08.09.1991 07:00:00   ;     0,0
09.09.1991 07:00:00   ;     0,0
10.09.1991 07:00:00   ;     0,0
11.09.1991 07:00:00   ;     2,1
12.09.1991 07:00:00   ;     0,0
13.09.1991 07:00:00   ;     0,0
14.09.1991 07:00:00   ;     0,0
15.09.1991 07:00:00   ;     0,2
16.09.1991 07:00:00   ;     0,0
17.09.1991 07:00:00   ;    13,9
18.09.1991 07:00:00   ;     0,0
19.09.1991 07:00:00   ;     0,0
20.09.1991 07:00:00   ;     0,8
21.09.1991 07:00:00   ;     0,0
22.09.1991 07:00:00   ;     0,0
23.09.1991 07:00:00   ;     0,5
24.09.1991 07:00:00   ;     0,0
25.09.1991 07:00:00   ;     0,0
26.09.1991 07:00:00   ;     0,0
27.09.1991 07:00:00   ;     1,2
28.09.1991 07:00:00   ;     0,0
29.09.1991 07:00:00   ;     0,0
30.09.1991 07:00:00   ;     2,1
01.10.1991 07:00:00   ;     0,0
02.10.1991 07:00:00   ;     0,8
03.10.1991 07:00:00   ;     0,0
04.10.1991 07:00:00   ;     0,0
05.10.1991 07:00:00   ;     0,0
06.10.1991 07:00:00   ;     0,0
07.10.1991 07:00:00   ;     0,0
08.10.1991 07:00:00   ;     0,0
09.10.1991 07:00:00   ;     0,0
10.10.1991 07:00:00   ;     0,0
11.10.1991 07:00:00   ;     0,0
12.10.1991 07:00:00   ;     0,0
13.10.1991 07:00:00   ;     0,0
14.10.1991 07:00:00   ;     0,0
15.10.1991 07:00:00   ;     0,0
16.10.1991 07:00:00   ;     0,0
17.10.1991 07:00:00   ;     1,8
18.10.1991 07:00:00   ;     0,6
19.10.1991 07:00:00   ;     0,0
20.10.1991 07:00:00   ;     0,0
21.10.1991 07:00:00   ;     0,0
22.10.1991 07:00:00   ;     0,0
23.10.1991 07:00:00   ;     0,0
24.10.1991 07:00:00   ;     8,8
25.10.1991 07:00:00   ;     0,0
26.10.1991 07:00:00   ;     0,0
27.10.1991 07:00:00   ;     0,0
28.10.1991 07:00:00   ;     0,0
29.10.1991 07:00:00   ;     0,0
30.10.1991 07:00:00   ;     0,0
31.10.1991 07:00:00   ;     0,0
01.11.1991 07:00:00   ;     0,0
02.11.1991 07:00:00   ;     1,3
03.11.1991 07:00:00   ;     0,0
04.11.1991 07:00:00   ;     4,6
05.11.1991 07:00:00   ;     0,0
06.11.1991 07:00:00   ;     1,3
07.11.1991 07:00:00   ;     2,9
08.11.1991 07:00:00   ;     0,0
09.11.1991 07:00:00   ;     3,3
10.11.1991 07:00:00   ;     0,0
11.11.1991 07:00:00   ;     0,0
12.11.1991 07:00:00   ;     0,0
13.11.1991 07:00:00   ;     0,0
14.11.1991 07:00:00   ;     4,1
15.11.1991 07:00:00   ;     0,0
16.11.1991 07:00:00   ;    18,9
17.11.1991 07:00:00   ;     7,6
18.11.1991 07:00:00   ;     0,0
19.11.1991 07:00:00   ;     4,7
20.11.1991 07:00:00   ;    13,9
21.11.1991 07:00:00   ;     2,1
22.11.1991 07:00:00   ;     7,4
23.11.1991 07:00:00   ;     0,0
24.11.1991 07:00:00   ;     3,6
25.11.1991 07:00:00   ;     1,6
26.11.1991 07:00:00   ;     0,1
27.11.1991 07:00:00   ;     0,0
28.11.1991 07:00:00   ;     0,0
29.11.1991 07:00:00   ;     0,0
30.11.1991 07:00:00   ;     0,0
01.12.1991 07:00:00   ;     0,0
02.12.1991 07:00:00   ;     0,0
03.12.1991 07:00:00   ;     0,0
04.12.1991 07:00:00   ;     0,0
05.12.1991 07:00:00   ;     0,3
06.12.1991 07:00:00   ;     1,5
07.12.1991 07:00:00   ;     1,9
08.12.1991 07:00:00   ;     0,0
09.12.1991 07:00:00   ;     0,0
10.12.1991 07:00:00   ;     0,0
11.12.1991 07:00:00   ;     0,0
12.12.1991 07:00:00   ;     0,0
13.12.1991 07:00:00   ;     0,0
14.12.1991 07:00:00   ;     0,0
15.12.1991 07:00:00   ;     0,0
16.12.1991 07:00:00   ;     0,0
17.12.1991 07:00:00   ;     4,2
18.12.1991 07:00:00   ;     8,5
19.12.1991 07:00:00   ;     9,2
20.12.1991 07:00:00   ;     0,0
21.12.1991 07:00:00   ;     4,0
22.12.1991 07:00:00   ;     6,9
23.12.1991 07:00:00   ;     0,0
24.12.1991 07:00:00   ;     0,3
25.12.1991 07:00:00   ;     0,0
26.12.1991 07:00:00   ;     1,9
27.12.1991 07:00:00   ;     2,7
28.12.1991 07:00:00   ;     0,0
29.12.1991 07:00:00   ;     0,0
30.12.1991 07:00:00   ;     0,0
31.12.1991 07:00:00   ;     0,0
01.01.1992 07:00:00   ;     0,0
02.01.1992 07:00:00   ;     0,0
03.01.1992 07:00:00   ;     0,0
04.01.1992 07:00:00   ;     1,1
05.01.1992 07:00:00   ;     1,7
06.01.1992 07:00:00   ;     0,0
07.01.1992 07:00:00   ;     0,0
08.01.1992 07:00:00   ;     0,0
09.01.1992 07:00:00   ;     0,0
10.01.1992 07:00:00   ;     0,3
11.01.1992 07:00:00   ;     0,0
12.01.1992 07:00:00   ;     0,0
13.01.1992 07:00:00   ;     0,0
14.01.1992 07:00:00   ;     0,8
15.01.1992 07:00:00   ;     0,0
16.01.1992 07:00:00   ;     0,0
17.01.1992 07:00:00   ;     0,0
18.01.1992 07:00:00   ;     3,9
19.01.1992 07:00:00   ;     6,5
20.01.1992 07:00:00   ;     1,5
21.01.1992 07:00:00   ;     0,0
22.01.1992 07:00:00   ;     0,0
23.01.1992 07:00:00   ;     0,0
24.01.1992 07:00:00   ;     0,0
25.01.1992 07:00:00   ;     0,0
26.01.1992 07:00:00   ;     0,0
27.01.1992 07:00:00   ;     0,0
28.01.1992 07:00:00   ;     0,0
29.01.1992 07:00:00   ;     0,0
30.01.1992 07:00:00   ;     0,0
31.01.1992 07:00:00   ;     0,0
01.02.1992 07:00:00   ;     0,0
02.02.1992 07:00:00   ;     0,0
03.02.1992 07:00:00   ;     0,0
04.02.1992 07:00:00   ;     0,0
05.02.1992 07:00:00   ;     0,2
06.02.1992 07:00:00   ;     0,7
07.02.1992 07:00:00   ;     0,0
08.02.1992 07:00:00   ;     0,0
09.02.1992 07:00:00   ;     0,0
10.02.1992 07:00:00   ;     0,0
11.02.1992 07:00:00   ;     0,3
12.02.1992 07:00:00   ;     0,0
13.02.1992 07:00:00   ;     3,4
14.02.1992 07:00:00   ;     0,0
15.02.1992 07:00:00   ;     1,6
16.02.1992 07:00:00   ;     0,0
17.02.1992 07:00:00   ;     1,3
18.02.1992 07:00:00   ;     0,0
19.02.1992 07:00:00   ;     0,0
20.02.1992 07:00:00   ;     0,0
21.02.1992 07:00:00   ;     0,8
22.02.1992 07:00:00   ;     0,0
23.02.1992 07:00:00   ;     1,5
24.02.1992 07:00:00   ;     0,0
25.02.1992 07:00:00   ;     0,0
26.02.1992 07:00:00   ;     0,0
27.02.1992 07:00:00   ;     0,0
28.02.1992 07:00:00   ;     0,0
29.02.1992 07:00:00   ;     0,0
01.03.1992 07:00:00   ;     0,0
02.03.1992 07:00:00   ;     0,9
03.03.1992 07:00:00   ;     0,0
04.03.1992 07:00:00   ;     0,0
05.03.1992 07:00:00   ;     0,0
06.03.1992 07:00:00   ;     2,1
07.03.1992 07:00:00   ;     0,9
08.03.1992 07:00:00   ;     0,0
09.03.1992 07:00:00   ;     0,0
10.03.1992 07:00:00   ;     0,0
11.03.1992 07:00:00   ;     0,0
12.03.1992 07:00:00   ;     0,0
13.03.1992 07:00:00   ;     2,8
14.03.1992 07:00:00   ;     2,5
15.03.1992 07:00:00   ;     3,8
16.03.1992 07:00:00   ;     0,4
17.03.1992 07:00:00   ;     0,0
18.03.1992 07:00:00   ;     0,0
19.03.1992 07:00:00   ;     0,0
20.03.1992 07:00:00   ;    18,8
21.03.1992 07:00:00   ;    15,8
22.03.1992 07:00:00   ;     1,6
23.03.1992 07:00:00   ;     8,6
24.03.1992 07:00:00   ;     0,9
25.03.1992 07:00:00   ;     4,8
26.03.1992 07:00:00   ;     9,3
27.03.1992 07:00:00   ;     0,0
28.03.1992 07:00:00   ;     0,0
29.03.1992 07:00:00   ;     0,8
30.03.1992 07:00:00   ;     0,0
31.03.1992 07:00:00   ;     0,0
01.04.1992 07:00:00   ;     0,0
02.04.1992 07:00:00   ;     0,0
03.04.1992 07:00:00   ;     0,0
04.04.1992 07:00:00   ;     0,0
05.04.1992 07:00:00   ;    18,5
06.04.1992 07:00:00   ;     0,0
07.04.1992 07:00:00   ;     0,0
08.04.1992 07:00:00   ;     0,0
09.04.1992 07:00:00   ;     0,0
10.04.1992 07:00:00   ;     0,0
11.04.1992 07:00:00   ;     0,0
12.04.1992 07:00:00   ;     0,0
13.04.1992 07:00:00   ;     0,0
14.04.1992 07:00:00   ;     0,0
15.04.1992 07:00:00   ;     0,8
16.04.1992 07:00:00   ;     2,5
17.04.1992 07:00:00   ;     0,0
18.04.1992 07:00:00   ;     0,8
19.04.1992 07:00:00   ;     0,0
20.04.1992 07:00:00   ;     0,0
21.04.1992 07:00:00   ;     0,0
22.04.1992 07:00:00   ;     0,0
23.04.1992 07:00:00   ;     4,6
24.04.1992 07:00:00   ;     0,0
25.04.1992 07:00:00   ;     0,0
26.04.1992 07:00:00   ;     0,0
27.04.1992 07:00:00   ;     2,9
28.04.1992 07:00:00   ;     0,6
29.04.1992 07:00:00   ;     4,7
30.04.1992 07:00:00   ;     1,3
01.05.1992 07:00:00   ;     0,0
02.05.1992 07:00:00   ;     0,0
03.05.1992 07:00:00   ;     0,0
04.05.1992 07:00:00   ;     0,2
05.05.1992 07:00:00   ;     0,0
06.05.1992 07:00:00   ;     0,0
07.05.1992 07:00:00   ;     0,0
08.05.1992 07:00:00   ;     0,0
09.05.1992 07:00:00   ;     0,5
10.05.1992 07:00:00   ;     0,0
11.05.1992 07:00:00   ;    11,7
12.05.1992 07:00:00   ;     0,0
13.05.1992 07:00:00   ;     0,0
14.05.1992 07:00:00   ;     0,0
15.05.1992 07:00:00   ;     0,0
16.05.1992 07:00:00   ;     0,0
17.05.1992 07:00:00   ;     0,0
18.05.1992 07:00:00   ;     0,0
19.05.1992 07:00:00   ;     0,0
20.05.1992 07:00:00   ;     0,0
21.05.1992 07:00:00   ;     0,0
22.05.1992 07:00:00   ;     0,0
23.05.1992 07:00:00   ;     0,0
24.05.1992 07:00:00   ;     0,0
25.05.1992 07:00:00   ;     0,0
26.05.1992 07:00:00   ;     0,0
27.05.1992 07:00:00   ;     0,0
28.05.1992 07:00:00   ;     0,0
29.05.1992 07:00:00   ;     0,8
30.05.1992 07:00:00   ;     0,0
31.05.1992 07:00:00   ;     0,0
01.06.1992 07:00:00   ;     0,0
02.06.1992 07:00:00   ;     0,0
03.06.1992 07:00:00   ;     2,9
04.06.1992 07:00:00   ;     0,0
05.06.1992 07:00:00   ;     0,0
06.06.1992 07:00:00   ;     4,9
07.06.1992 07:00:00   ;     0,0
08.06.1992 07:00:00   ;     3,7
09.06.1992 07:00:00   ;    13,3
10.06.1992 07:00:00   ;     1,5
11.06.1992 07:00:00   ;     3,5
12.06.1992 07:00:00   ;    27,5
13.06.1992 07:00:00   ;    18,1
14.06.1992 07:00:00   ;     0,0
15.06.1992 07:00:00   ;     0,0
16.06.1992 07:00:00   ;     0,0
17.06.1992 07:00:00   ;     0,0
18.06.1992 07:00:00   ;     0,0
19.06.1992 07:00:00   ;     1,8
20.06.1992 07:00:00   ;     0,0
21.06.1992 07:00:00   ;     0,0
22.06.1992 07:00:00   ;     0,0
23.06.1992 07:00:00   ;     0,0
24.06.1992 07:00:00   ;     0,0
25.06.1992 07:00:00   ;     0,0
26.06.1992 07:00:00   ;     0,0
27.06.1992 07:00:00   ;     0,0
28.06.1992 07:00:00   ;     0,0
29.06.1992 07:00:00   ;     0,0
30.06.1992 07:00:00   ;     0,0
01.07.1992 07:00:00   ;     0,0
02.07.1992 07:00:00   ;     0,0
03.07.1992 07:00:00   ;     0,0
04.07.1992 07:00:00   ;     0,0
05.07.1992 07:00:00   ;     0,0
06.07.1992 07:00:00   ;     1,7
07.07.1992 07:00:00   ;     1,1
08.07.1992 07:00:00   ;     0,0
09.07.1992 07:00:00   ;     0,0
10.07.1992 07:00:00   ;     0,0
11.07.1992 07:00:00   ;    16,3
12.07.1992 07:00:00   ;     1,3
13.07.1992 07:00:00   ;     0,0
14.07.1992 07:00:00   ;     0,0
15.07.1992 07:00:00   ;     0,6
16.07.1992 07:00:00   ;     0,0
17.07.1992 07:00:00   ;     0,7
18.07.1992 07:00:00   ;     5,1
19.07.1992 07:00:00   ;     0,0
20.07.1992 07:00:00   ;     0,0
21.07.1992 07:00:00   ;     0,0
22.07.1992 07:00:00   ;     0,0
23.07.1992 07:00:00   ;     0,0
24.07.1992 07:00:00   ;     0,0
25.07.1992 07:00:00   ;     0,0
26.07.1992 07:00:00   ;     0,0
27.07.1992 07:00:00   ;     0,0
28.07.1992 07:00:00   ;     0,0
29.07.1992 07:00:00   ;     0,0
30.07.1992 07:00:00   ;     0,0
31.07.1992 07:00:00   ;     0,0
01.08.1992 07:00:00   ;     0,0
02.08.1992 07:00:00   ;     0,0
03.08.1992 07:00:00   ;     0,0
04.08.1992 07:00:00   ;     5,5
05.08.1992 07:00:00   ;     0,0
06.08.1992 07:00:00   ;     0,0
07.08.1992 07:00:00   ;     0,0
08.08.1992 07:00:00   ;     0,0
09.08.1992 07:00:00   ;     0,0
10.08.1992 07:00:00   ;     0,0
11.08.1992 07:00:00   ;     0,0
12.08.1992 07:00:00   ;     0,0
13.08.1992 07:00:00   ;     0,0
14.08.1992 07:00:00   ;     6,2
15.08.1992 07:00:00   ;     0,0
16.08.1992 07:00:00   ;     0,0
17.08.1992 07:00:00   ;     0,0
18.08.1992 07:00:00   ;     0,0
19.08.1992 07:00:00   ;     0,0
20.08.1992 07:00:00   ;     0,0
21.08.1992 07:00:00   ;     0,0
22.08.1992 07:00:00   ;     0,0
23.08.1992 07:00:00   ;     1,5
24.08.1992 07:00:00   ;     0,0
25.08.1992 07:00:00   ;     0,0
26.08.1992 07:00:00   ;     0,0
27.08.1992 07:00:00   ;     0,0
28.08.1992 07:00:00   ;     0,0
29.08.1992 07:00:00   ;     0,0
30.08.1992 07:00:00   ;     0,0
31.08.1992 07:00:00   ;     0,8
01.09.1992 07:00:00   ;    20,1
02.09.1992 07:00:00   ;     0,0
03.09.1992 07:00:00   ;     7,9
04.09.1992 07:00:00   ;     3,7
05.09.1992 07:00:00   ;     0,4
06.09.1992 07:00:00   ;     0,3
07.09.1992 07:00:00   ;     0,0
08.09.1992 07:00:00   ;     4,1
09.09.1992 07:00:00   ;     0,0
10.09.1992 07:00:00   ;     0,0
11.09.1992 07:00:00   ;     0,0
12.09.1992 07:00:00   ;     0,0
13.09.1992 07:00:00   ;     0,4
14.09.1992 07:00:00   ;     2,5
15.09.1992 07:00:00   ;     0,0
16.09.1992 07:00:00   ;     0,0
17.09.1992 07:00:00   ;     0,0
18.09.1992 07:00:00   ;     0,0
19.09.1992 07:00:00   ;     0,0
20.09.1992 07:00:00   ;     0,0
21.09.1992 07:00:00   ;     0,0
22.09.1992 07:00:00   ;     0,0
23.09.1992 07:00:00   ;     0,0
24.09.1992 07:00:00   ;     0,0
25.09.1992 07:00:00   ;     0,0
26.09.1992 07:00:00   ;     0,0
27.09.1992 07:00:00   ;     0,0
28.09.1992 07:00:00   ;     0,0
29.09.1992 07:00:00   ;    13,1
30.09.1992 07:00:00   ;     0,0
01.10.1992 07:00:00   ;     0,0
02.10.1992 07:00:00   ;     0,0
03.10.1992 07:00:00   ;     0,0
04.10.1992 07:00:00   ;    10,3
05.10.1992 07:00:00   ;     8,4
06.10.1992 07:00:00   ;     0,0
07.10.1992 07:00:00   ;     0,4
08.10.1992 07:00:00   ;     0,0
09.10.1992 07:00:00   ;     0,0
10.10.1992 07:00:00   ;     0,0
11.10.1992 07:00:00   ;     0,0
12.10.1992 07:00:00   ;     0,0
13.10.1992 07:00:00   ;     0,0
14.10.1992 07:00:00   ;     0,0
15.10.1992 07:00:00   ;     0,0
16.10.1992 07:00:00   ;     0,4
17.10.1992 07:00:00   ;     7,0
18.10.1992 07:00:00   ;     6,5
19.10.1992 07:00:00   ;     0,0
20.10.1992 07:00:00   ;     0,0
21.10.1992 07:00:00   ;    10,4
22.10.1992 07:00:00   ;     0,0
23.10.1992 07:00:00   ;     0,0
24.10.1992 07:00:00   ;     0,4
25.10.1992 07:00:00   ;     5,5
26.10.1992 07:00:00   ;     0,0
27.10.1992 07:00:00   ;     0,1
28.10.1992 07:00:00   ;     5,0
29.10.1992 07:00:00   ;     0,2
30.10.1992 07:00:00   ;     0,8
31.10.1992 07:00:00   ;     1,0
01.11.1992 07:00:00   ;     0,0
02.11.1992 07:00:00   ;     1,4
03.11.1992 07:00:00   ;     2,8
04.11.1992 07:00:00   ;     0,0
05.11.1992 07:00:00   ;     0,0
06.11.1992 07:00:00   ;     0,0
07.11.1992 07:00:00   ;     3,7
08.11.1992 07:00:00   ;     0,9
09.11.1992 07:00:00   ;     0,0
10.11.1992 07:00:00   ;     1,6
11.11.1992 07:00:00   ;     2,2
12.11.1992 07:00:00   ;     0,0
13.11.1992 07:00:00   ;     2,7
14.11.1992 07:00:00   ;     0,3
15.11.1992 07:00:00   ;     0,0
16.11.1992 07:00:00   ;     4,8
17.11.1992 07:00:00   ;     3,4
18.11.1992 07:00:00   ;     0,0
19.11.1992 07:00:00   ;     0,0
20.11.1992 07:00:00   ;     0,0
21.11.1992 07:00:00   ;     4,7
22.11.1992 07:00:00   ;     9,1
23.11.1992 07:00:00   ;     4,9
24.11.1992 07:00:00   ;     0,0
25.11.1992 07:00:00   ;     2,8
26.11.1992 07:00:00   ;     0,5
27.11.1992 07:00:00   ;     0,0
28.11.1992 07:00:00   ;     1,5
29.11.1992 07:00:00   ;     0,0
30.11.1992 07:00:00   ;     0,0
01.12.1992 07:00:00   ;     0,0
02.12.1992 07:00:00   ;     0,0
03.12.1992 07:00:00   ;     1,8
04.12.1992 07:00:00   ;     0,0
05.12.1992 07:00:00   ;     7,2
06.12.1992 07:00:00   ;    12,0
07.12.1992 07:00:00   ;     0,0
08.12.1992 07:00:00   ;     0,0
09.12.1992 07:00:00   ;     0,0
10.12.1992 07:00:00   ;     3,5
11.12.1992 07:00:00   ;     0,0
12.12.1992 07:00:00   ;     4,2
13.12.1992 07:00:00   ;     1,2
14.12.1992 07:00:00   ;     1,5
15.12.1992 07:00:00   ;     0,0
16.12.1992 07:00:00   ;     0,2
17.12.1992 07:00:00   ;     0,0
18.12.1992 07:00:00   ;     0,0
19.12.1992 07:00:00   ;     0,0
20.12.1992 07:00:00   ;     0,0
21.12.1992 07:00:00   ;     1,1
22.12.1992 07:00:00   ;     0,0
23.12.1992 07:00:00   ;     0,0
24.12.1992 07:00:00   ;     0,0
25.12.1992 07:00:00   ;     0,0
26.12.1992 07:00:00   ;     0,0
27.12.1992 07:00:00   ;     0,0
28.12.1992 07:00:00   ;     0,0
29.12.1992 07:00:00   ;     0,0
30.12.1992 07:00:00   ;     0,0
31.12.1992 07:00:00   ;     0,0
01.01.1993 07:00:00   ;     0,0
02.01.1993 07:00:00   ;     0,0
03.01.1993 07:00:00   ;     0,0
04.01.1993 07:00:00   ;     0,0
05.01.1993 07:00:00   ;     0,0
06.01.1993 07:00:00   ;     2,1
07.01.1993 07:00:00   ;     3,3
08.01.1993 07:00:00   ;     1,6
09.01.1993 07:00:00   ;     0,0
10.01.1993 07:00:00   ;     0,0
11.01.1993 07:00:00   ;     0,0
12.01.1993 07:00:00   ;     0,0
13.01.1993 07:00:00   ;     0,0
14.01.1993 07:00:00   ;     0,3
15.01.1993 07:00:00   ;     0,0
16.01.1993 07:00:00   ;     0,0
17.01.1993 07:00:00   ;     0,0
18.01.1993 07:00:00   ;     0,0
19.01.1993 07:00:00   ;     0,0
20.01.1993 07:00:00   ;     0,7
21.01.1993 07:00:00   ;     0,0
22.01.1993 07:00:00   ;     0,0
23.01.1993 07:00:00   ;     1,9
24.01.1993 07:00:00   ;     0,8
25.01.1993 07:00:00   ;     0,0
26.01.1993 07:00:00   ;     0,0
27.01.1993 07:00:00   ;     0,0
28.01.1993 07:00:00   ;     4,8
29.01.1993 07:00:00   ;     3,5
30.01.1993 07:00:00   ;     0,0
31.01.1993 07:00:00   ;     0,0
01.02.1993 07:00:00   ;     0,0
02.02.1993 07:00:00   ;     0,0
03.02.1993 07:00:00   ;     0,0
04.02.1993 07:00:00   ;     0,0
05.02.1993 07:00:00   ;     0,0
06.02.1993 07:00:00   ;     0,7
07.02.1993 07:00:00   ;     0,0
08.02.1993 07:00:00   ;     0,0
09.02.1993 07:00:00   ;     0,0
10.02.1993 07:00:00   ;     0,0
11.02.1993 07:00:00   ;     0,0
12.02.1993 07:00:00   ;     0,0
13.02.1993 07:00:00   ;     0,0
14.02.1993 07:00:00   ;     0,0
15.02.1993 07:00:00   ;     0,0
16.02.1993 07:00:00   ;     0,0
17.02.1993 07:00:00   ;     3,3
18.02.1993 07:00:00   ;     0,0
19.02.1993 07:00:00   ;     0,0
20.02.1993 07:00:00   ;     0,0
21.02.1993 07:00:00   ;     0,2
22.02.1993 07:00:00   ;     0,0
23.02.1993 07:00:00   ;    10,5
24.02.1993 07:00:00   ;    23,9
25.02.1993 07:00:00   ;     5,3
26.02.1993 07:00:00   ;     0,4
27.02.1993 07:00:00   ;     0,0
28.02.1993 07:00:00   ;     0,0
01.03.1993 07:00:00   ;     0,0
02.03.1993 07:00:00   ;     0,0
03.03.1993 07:00:00   ;     1,4
04.03.1993 07:00:00   ;     1,8
05.03.1993 07:00:00   ;     1,1
06.03.1993 07:00:00   ;     0,4
07.03.1993 07:00:00   ;     0,0
08.03.1993 07:00:00   ;     0,0
09.03.1993 07:00:00   ;     0,0
10.03.1993 07:00:00   ;     0,0
11.03.1993 07:00:00   ;     0,0
12.03.1993 07:00:00   ;     0,0
13.03.1993 07:00:00   ;     0,0
14.03.1993 07:00:00   ;     0,0
15.03.1993 07:00:00   ;     1,4
16.03.1993 07:00:00   ;     0,0
17.03.1993 07:00:00   ;     7,4
18.03.1993 07:00:00   ;     0,0
19.03.1993 07:00:00   ;     0,0
20.03.1993 07:00:00   ;     0,0
21.03.1993 07:00:00   ;     0,0
22.03.1993 07:00:00   ;     6,4
23.03.1993 07:00:00   ;     0,0
24.03.1993 07:00:00   ;     0,0
25.03.1993 07:00:00   ;     0,0
26.03.1993 07:00:00   ;     0,0
27.03.1993 07:00:00   ;     0,2
28.03.1993 07:00:00   ;     1,4
29.03.1993 07:00:00   ;     0,0
30.03.1993 07:00:00   ;     0,0
31.03.1993 07:00:00   ;     0,0
01.04.1993 07:00:00   ;     0,0
02.04.1993 07:00:00   ;     0,0
03.04.1993 07:00:00   ;     0,0
04.04.1993 07:00:00   ;     0,0
05.04.1993 07:00:00   ;     0,0
06.04.1993 07:00:00   ;     0,4
07.04.1993 07:00:00   ;     1,5
08.04.1993 07:00:00   ;     0,0
09.04.1993 07:00:00   ;     0,0
10.04.1993 07:00:00   ;     0,0
11.04.1993 07:00:00   ;     5,3
12.04.1993 07:00:00   ;     3,1
13.04.1993 07:00:00   ;     0,0
14.04.1993 07:00:00   ;     0,0
15.04.1993 07:00:00   ;     0,0
16.04.1993 07:00:00   ;     0,0
17.04.1993 07:00:00   ;     0,0
18.04.1993 07:00:00   ;     0,0
19.04.1993 07:00:00   ;     1,2
20.04.1993 07:00:00   ;     0,2
21.04.1993 07:00:00   ;     0,0
22.04.1993 07:00:00   ;     0,0
23.04.1993 07:00:00   ;     0,0
24.04.1993 07:00:00   ;     0,0
25.04.1993 07:00:00   ;     0,0
26.04.1993 07:00:00   ;     0,0
27.04.1993 07:00:00   ;     0,0
28.04.1993 07:00:00   ;     0,0
29.04.1993 07:00:00   ;     1,5
30.04.1993 07:00:00   ;     0,0
01.05.1993 07:00:00   ;     0,0
02.05.1993 07:00:00   ;     0,0
03.05.1993 07:00:00   ;     0,1
04.05.1993 07:00:00   ;     0,0
05.05.1993 07:00:00   ;     0,5
06.05.1993 07:00:00   ;     1,5
07.05.1993 07:00:00   ;     1,8
08.05.1993 07:00:00   ;     0,0
09.05.1993 07:00:00   ;     0,0
10.05.1993 07:00:00   ;     0,0
11.05.1993 07:00:00   ;     0,0
12.05.1993 07:00:00   ;     0,0
13.05.1993 07:00:00   ;     0,0
14.05.1993 07:00:00   ;     0,0
15.05.1993 07:00:00   ;    17,6
16.05.1993 07:00:00   ;     0,0
17.05.1993 07:00:00   ;     0,0
18.05.1993 07:00:00   ;     0,0
19.05.1993 07:00:00   ;     0,0
20.05.1993 07:00:00   ;     0,0
21.05.1993 07:00:00   ;     0,0
22.05.1993 07:00:00   ;     1,1
23.05.1993 07:00:00   ;     0,5
24.05.1993 07:00:00   ;     0,0
25.05.1993 07:00:00   ;     0,0
26.05.1993 07:00:00   ;     0,0
27.05.1993 07:00:00   ;    13,9
28.05.1993 07:00:00   ;     0,8
29.05.1993 07:00:00   ;     0,0
30.05.1993 07:00:00   ;     0,0
31.05.1993 07:00:00   ;     0,0
01.06.1993 07:00:00   ;     0,0
02.06.1993 07:00:00   ;     0,0
03.06.1993 07:00:00   ;     0,0
04.06.1993 07:00:00   ;     6,1
05.06.1993 07:00:00   ;     0,0
06.06.1993 07:00:00   ;     0,0
07.06.1993 07:00:00   ;     4,7
08.06.1993 07:00:00   ;     0,0
09.06.1993 07:00:00   ;     0,0
10.06.1993 07:00:00   ;     0,0
11.06.1993 07:00:00   ;     9,3
12.06.1993 07:00:00   ;     3,7
13.06.1993 07:00:00   ;     0,0
14.06.1993 07:00:00   ;     1,8
15.06.1993 07:00:00   ;     8,1
16.06.1993 07:00:00   ;     2,0
17.06.1993 07:00:00   ;     4,6
18.06.1993 07:00:00   ;     0,0
19.06.1993 07:00:00   ;     0,0
20.06.1993 07:00:00   ;     5,4
21.06.1993 07:00:00   ;     0,0
22.06.1993 07:00:00   ;     0,0
23.06.1993 07:00:00   ;    11,5
24.06.1993 07:00:00   ;     0,0
25.06.1993 07:00:00   ;     0,0
26.06.1993 07:00:00   ;     0,0
27.06.1993 07:00:00   ;     5,9
28.06.1993 07:00:00   ;     0,6
29.06.1993 07:00:00   ;     0,0
30.06.1993 07:00:00   ;     0,0
01.07.1993 07:00:00   ;     0,0
02.07.1993 07:00:00   ;     0,0
03.07.1993 07:00:00   ;     0,0
04.07.1993 07:00:00   ;     0,0
05.07.1993 07:00:00   ;     2,9
06.07.1993 07:00:00   ;     3,8
07.07.1993 07:00:00   ;     0,0
08.07.1993 07:00:00   ;     0,0
09.07.1993 07:00:00   ;     0,0
10.07.1993 07:00:00   ;     0,0
11.07.1993 07:00:00   ;     0,6
12.07.1993 07:00:00   ;     3,9
13.07.1993 07:00:00   ;     0,3
14.07.1993 07:00:00   ;     0,0
15.07.1993 07:00:00   ;    12,2
16.07.1993 07:00:00   ;    13,9
17.07.1993 07:00:00   ;     3,5
18.07.1993 07:00:00   ;     0,0
19.07.1993 07:00:00   ;     5,3
20.07.1993 07:00:00   ;    20,9
21.07.1993 07:00:00   ;     0,0
22.07.1993 07:00:00   ;     0,2
23.07.1993 07:00:00   ;     0,0
24.07.1993 07:00:00   ;     0,0
25.07.1993 07:00:00   ;    13,6
26.07.1993 07:00:00   ;     0,1
27.07.1993 07:00:00   ;     3,7
28.07.1993 07:00:00   ;     2,3
29.07.1993 07:00:00   ;     0,0
30.07.1993 07:00:00   ;     0,0
31.07.1993 07:00:00   ;    10,3
01.08.1993 07:00:00   ;     0,0
02.08.1993 07:00:00   ;     0,0
03.08.1993 07:00:00   ;     0,0
04.08.1993 07:00:00   ;     0,0
05.08.1993 07:00:00   ;     0,2
06.08.1993 07:00:00   ;     0,2
07.08.1993 07:00:00   ;     0,0
08.08.1993 07:00:00   ;     0,0
09.08.1993 07:00:00   ;     3,7
10.08.1993 07:00:00   ;     0,3
11.08.1993 07:00:00   ;     0,0
12.08.1993 07:00:00   ;     0,0
13.08.1993 07:00:00   ;     2,3
14.08.1993 07:00:00   ;     0,0
15.08.1993 07:00:00   ;     0,0
16.08.1993 07:00:00   ;     0,0
17.08.1993 07:00:00   ;     0,0
18.08.1993 07:00:00   ;     0,0
19.08.1993 07:00:00   ;     0,0
20.08.1993 07:00:00   ;     0,0
21.08.1993 07:00:00   ;     0,0
22.08.1993 07:00:00   ;     6,2
23.08.1993 07:00:00   ;    13,2
24.08.1993 07:00:00   ;    21,2
25.08.1993 07:00:00   ;     1,8
26.08.1993 07:00:00   ;     3,7
27.08.1993 07:00:00   ;    11,5
28.08.1993 07:00:00   ;     3,9
29.08.1993 07:00:00   ;     0,7
30.08.1993 07:00:00   ;     8,7
31.08.1993 07:00:00   ;    16,9
01.09.1993 07:00:00   ;     4,9
02.09.1993 07:00:00   ;     1,4
03.09.1993 07:00:00   ;     0,2
04.09.1993 07:00:00   ;     0,0
05.09.1993 07:00:00   ;     2,7
06.09.1993 07:00:00   ;     0,0
07.09.1993 07:00:00   ;     0,0
08.09.1993 07:00:00   ;     1,4
09.09.1993 07:00:00   ;     0,0
10.09.1993 07:00:00   ;     0,4
11.09.1993 07:00:00   ;     0,0
12.09.1993 07:00:00   ;     0,0
13.09.1993 07:00:00   ;     0,0
14.09.1993 07:00:00   ;     0,0
15.09.1993 07:00:00   ;     0,7
16.09.1993 07:00:00   ;     0,0
17.09.1993 07:00:00   ;     0,0
18.09.1993 07:00:00   ;     0,0
19.09.1993 07:00:00   ;     0,0
20.09.1993 07:00:00   ;     0,0
21.09.1993 07:00:00   ;     0,0
22.09.1993 07:00:00   ;     0,0
23.09.1993 07:00:00   ;     0,0
24.09.1993 07:00:00   ;     0,0
25.09.1993 07:00:00   ;     1,5
26.09.1993 07:00:00   ;    17,1
27.09.1993 07:00:00   ;     0,0
28.09.1993 07:00:00   ;     0,0
29.09.1993 07:00:00   ;     0,0
30.09.1993 07:00:00   ;     0,0
01.10.1993 07:00:00   ;     0,0
02.10.1993 07:00:00   ;     7,2
03.10.1993 07:00:00   ;     0,5
04.10.1993 07:00:00   ;     0,0
05.10.1993 07:00:00   ;     0,0
06.10.1993 07:00:00   ;     0,0
07.10.1993 07:00:00   ;     0,0
08.10.1993 07:00:00   ;     0,0
09.10.1993 07:00:00   ;     6,6
10.10.1993 07:00:00   ;     0,0
11.10.1993 07:00:00   ;     0,0
12.10.1993 07:00:00   ;     0,0
13.10.1993 07:00:00   ;     0,0
14.10.1993 07:00:00   ;     0,0
15.10.1993 07:00:00   ;     0,0
16.10.1993 07:00:00   ;     0,0
17.10.1993 07:00:00   ;     0,0
18.10.1993 07:00:00   ;     0,0
19.10.1993 07:00:00   ;     0,0
20.10.1993 07:00:00   ;     1,2
21.10.1993 07:00:00   ;     9,1
22.10.1993 07:00:00   ;     8,9
23.10.1993 07:00:00   ;     6,9
24.10.1993 07:00:00   ;     0,0
25.10.1993 07:00:00   ;     0,0
26.10.1993 07:00:00   ;     0,0
27.10.1993 07:00:00   ;     0,0
28.10.1993 07:00:00   ;     0,0
29.10.1993 07:00:00   ;     0,0
30.10.1993 07:00:00   ;     0,0
31.10.1993 07:00:00   ;     0,0
01.11.1993 07:00:00   ;     0,0
02.11.1993 07:00:00   ;     0,0
03.11.1993 07:00:00   ;     0,9
04.11.1993 07:00:00   ;     0,4
05.11.1993 07:00:00   ;     1,4
06.11.1993 07:00:00   ;     8,1
07.11.1993 07:00:00   ;     0,5
08.11.1993 07:00:00   ;     0,7
09.11.1993 07:00:00   ;     0,2
10.11.1993 07:00:00   ;     0,0
11.11.1993 07:00:00   ;     3,1
12.11.1993 07:00:00   ;     0,0
13.11.1993 07:00:00   ;     0,3
14.11.1993 07:00:00   ;     0,2
15.11.1993 07:00:00   ;     0,0
16.11.1993 07:00:00   ;     1,6
17.11.1993 07:00:00   ;     0,0
18.11.1993 07:00:00   ;     0,0
19.11.1993 07:00:00   ;     0,0
20.11.1993 07:00:00   ;     3,5
21.11.1993 07:00:00   ;     0,6
22.11.1993 07:00:00   ;     3,7
23.11.1993 07:00:00   ;     0,0
24.11.1993 07:00:00   ;     0,0
25.11.1993 07:00:00   ;     0,0
26.11.1993 07:00:00   ;     0,0
27.11.1993 07:00:00   ;     0,0
28.11.1993 07:00:00   ;     0,2
29.11.1993 07:00:00   ;     3,5
30.11.1993 07:00:00   ;     0,0
01.12.1993 07:00:00   ;     0,0
02.12.1993 07:00:00   ;     0,0
03.12.1993 07:00:00   ;     0,0
04.12.1993 07:00:00   ;     0,0
05.12.1993 07:00:00   ;     0,0
06.12.1993 07:00:00   ;     0,0
07.12.1993 07:00:00   ;     2,1
08.12.1993 07:00:00   ;     2,2
09.12.1993 07:00:00   ;     0,0
10.12.1993 07:00:00   ;     0,0
11.12.1993 07:00:00   ;     0,8
12.12.1993 07:00:00   ;     0,0
13.12.1993 07:00:00   ;     0,1
14.12.1993 07:00:00   ;     0,0
15.12.1993 07:00:00   ;     0,0
16.12.1993 07:00:00   ;     0,0
17.12.1993 07:00:00   ;     0,0
18.12.1993 07:00:00   ;     0,0
19.12.1993 07:00:00   ;     1,1
20.12.1993 07:00:00   ;    13,5
21.12.1993 07:00:00   ;     1,3
22.12.1993 07:00:00   ;     0,0
23.12.1993 07:00:00   ;     0,0
24.12.1993 07:00:00   ;     3,1
25.12.1993 07:00:00   ;     0,0
26.12.1993 07:00:00   ;    12,1
27.12.1993 07:00:00   ;     3,5
28.12.1993 07:00:00   ;     0,0
29.12.1993 07:00:00   ;     0,0
30.12.1993 07:00:00   ;     1,8
31.12.1993 07:00:00   ;     2,8
01.01.1994 07:00:00   ;     4,3
02.01.1994 07:00:00   ;     0,0
03.01.1994 07:00:00   ;     0,0
04.01.1994 07:00:00   ;     2,9
05.01.1994 07:00:00   ;     0,0
06.01.1994 07:00:00   ;     0,0
07.01.1994 07:00:00   ;     0,0
08.01.1994 07:00:00   ;     0,0
09.01.1994 07:00:00   ;     0,0
10.01.1994 07:00:00   ;     0,0
11.01.1994 07:00:00   ;     0,0
12.01.1994 07:00:00   ;     1,3
13.01.1994 07:00:00   ;     3,7
14.01.1994 07:00:00   ;     4,4
15.01.1994 07:00:00   ;     0,0
16.01.1994 07:00:00   ;     0,0
17.01.1994 07:00:00   ;     0,2
18.01.1994 07:00:00   ;     0,0
19.01.1994 07:00:00   ;     0,0
20.01.1994 07:00:00   ;     0,0
21.01.1994 07:00:00   ;     0,4
22.01.1994 07:00:00   ;     0,7
23.01.1994 07:00:00   ;     0,8
24.01.1994 07:00:00   ;     1,3
25.01.1994 07:00:00   ;     0,4
26.01.1994 07:00:00   ;     0,0
27.01.1994 07:00:00   ;     0,0
28.01.1994 07:00:00   ;     0,0
29.01.1994 07:00:00   ;     0,0
30.01.1994 07:00:00   ;     1,5
31.01.1994 07:00:00   ;     0,0
01.02.1994 07:00:00   ;     0,0
02.02.1994 07:00:00   ;     1,2
03.02.1994 07:00:00   ;     0,0
04.02.1994 07:00:00   ;     0,0
05.02.1994 07:00:00   ;     0,0
06.02.1994 07:00:00   ;     0,0
07.02.1994 07:00:00   ;     0,1
08.02.1994 07:00:00   ;     3,7
09.02.1994 07:00:00   ;     0,1
10.02.1994 07:00:00   ;     0,1
11.02.1994 07:00:00   ;     0,3
12.02.1994 07:00:00   ;     0,9
13.02.1994 07:00:00   ;     0,2
14.02.1994 07:00:00   ;     0,0
15.02.1994 07:00:00   ;     0,0
16.02.1994 07:00:00   ;     0,0
17.02.1994 07:00:00   ;     0,0
18.02.1994 07:00:00   ;     0,0
19.02.1994 07:00:00   ;     0,0
20.02.1994 07:00:00   ;     0,0
21.02.1994 07:00:00   ;     0,0
22.02.1994 07:00:00   ;     0,0
23.02.1994 07:00:00   ;     0,0
24.02.1994 07:00:00   ;     0,0
25.02.1994 07:00:00   ;     0,0
26.02.1994 07:00:00   ;     0,0
27.02.1994 07:00:00   ;     0,0
28.02.1994 07:00:00   ;     0,0
01.03.1994 07:00:00   ;     2,3
02.03.1994 07:00:00   ;     1,6
03.03.1994 07:00:00   ;     4,3
04.03.1994 07:00:00   ;     0,1
05.03.1994 07:00:00   ;     0,0
06.03.1994 07:00:00   ;     1,1
07.03.1994 07:00:00   ;     1,3
08.03.1994 07:00:00   ;     0,9
09.03.1994 07:00:00   ;     0,1
10.03.1994 07:00:00   ;     0,9
11.03.1994 07:00:00   ;     0,0
12.03.1994 07:00:00   ;     2,8
13.03.1994 07:00:00   ;     2,6
14.03.1994 07:00:00   ;     0,0
15.03.1994 07:00:00   ;     0,6
16.03.1994 07:00:00   ;     1,1
17.03.1994 07:00:00   ;     0,5
18.03.1994 07:00:00   ;     0,2
19.03.1994 07:00:00   ;     0,8
20.03.1994 07:00:00   ;     0,0
21.03.1994 07:00:00   ;     3,1
22.03.1994 07:00:00   ;     3,6
23.03.1994 07:00:00   ;     1,1
24.03.1994 07:00:00   ;     0,4
25.03.1994 07:00:00   ;     4,9
26.03.1994 07:00:00   ;     0,9
27.03.1994 07:00:00   ;     0,0
28.03.1994 07:00:00   ;     0,1
29.03.1994 07:00:00   ;     0,0
30.03.1994 07:00:00   ;     0,0
31.03.1994 07:00:00   ;     0,0
01.04.1994 07:00:00   ;     3,6
02.04.1994 07:00:00   ;     1,7
03.04.1994 07:00:00   ;     1,4
04.04.1994 07:00:00   ;     0,0
05.04.1994 07:00:00   ;     0,0
06.04.1994 07:00:00   ;     0,0
07.04.1994 07:00:00   ;     0,0
08.04.1994 07:00:00   ;     0,0
09.04.1994 07:00:00   ;     3,8
10.04.1994 07:00:00   ;     9,3
11.04.1994 07:00:00   ;    22,5
12.04.1994 07:00:00   ;    12,7
13.04.1994 07:00:00   ;     2,0
14.04.1994 07:00:00   ;     0,0
15.04.1994 07:00:00   ;     0,0
16.04.1994 07:00:00   ;     0,7
17.04.1994 07:00:00   ;    10,9
18.04.1994 07:00:00   ;     3,2
19.04.1994 07:00:00   ;     0,0
20.04.1994 07:00:00   ;     0,0
21.04.1994 07:00:00   ;     0,0
22.04.1994 07:00:00   ;     0,0
23.04.1994 07:00:00   ;     0,0
24.04.1994 07:00:00   ;     0,0
25.04.1994 07:00:00   ;     0,0
26.04.1994 07:00:00   ;     0,5
27.04.1994 07:00:00   ;     0,0
28.04.1994 07:00:00   ;     0,0
29.04.1994 07:00:00   ;     0,0
30.04.1994 07:00:00   ;     0,0
01.05.1994 07:00:00   ;     0,6
02.05.1994 07:00:00   ;     0,0
03.05.1994 07:00:00   ;     0,0
04.05.1994 07:00:00   ;     0,7
05.05.1994 07:00:00   ;     1,3
06.05.1994 07:00:00   ;     0,0
07.05.1994 07:00:00   ;     0,0
08.05.1994 07:00:00   ;     0,0
09.05.1994 07:00:00   ;     3,3
10.05.1994 07:00:00   ;     4,9
11.05.1994 07:00:00   ;     0,7
12.05.1994 07:00:00   ;     0,6
13.05.1994 07:00:00   ;     0,0
14.05.1994 07:00:00   ;     0,0
15.05.1994 07:00:00   ;     0,0
16.05.1994 07:00:00   ;     0,0
17.05.1994 07:00:00   ;     0,0
18.05.1994 07:00:00   ;     0,0
19.05.1994 07:00:00   ;     8,3
20.05.1994 07:00:00   ;     0,6
21.05.1994 07:00:00   ;     0,0
22.05.1994 07:00:00   ;     0,0
23.05.1994 07:00:00   ;     4,3
24.05.1994 07:00:00   ;     0,0
25.05.1994 07:00:00   ;     5,6
26.05.1994 07:00:00   ;    14,6
27.05.1994 07:00:00   ;     1,3
28.05.1994 07:00:00   ;     0,0
29.05.1994 07:00:00   ;     1,2
30.05.1994 07:00:00   ;     0,0
31.05.1994 07:00:00   ;     0,0
01.06.1994 07:00:00   ;     0,0
02.06.1994 07:00:00   ;     0,0
03.06.1994 07:00:00   ;    22,6
04.06.1994 07:00:00   ;     0,0
05.06.1994 07:00:00   ;    14,6
06.06.1994 07:00:00   ;     0,0
07.06.1994 07:00:00   ;     0,0
08.06.1994 07:00:00   ;     0,0
09.06.1994 07:00:00   ;     4,7
10.06.1994 07:00:00   ;     0,0
11.06.1994 07:00:00   ;     0,0
12.06.1994 07:00:00   ;     0,0
13.06.1994 07:00:00   ;     0,0
14.06.1994 07:00:00   ;     0,0
15.06.1994 07:00:00   ;     0,0
16.06.1994 07:00:00   ;     0,0
17.06.1994 07:00:00   ;     4,1
18.06.1994 07:00:00   ;     0,6
19.06.1994 07:00:00   ;     0,0
20.06.1994 07:00:00   ;     0,0
21.06.1994 07:00:00   ;     0,0
22.06.1994 07:00:00   ;     0,0
23.06.1994 07:00:00   ;     0,0
24.06.1994 07:00:00   ;     0,0
25.06.1994 07:00:00   ;     0,0
26.06.1994 07:00:00   ;     0,0
27.06.1994 07:00:00   ;     0,0
28.06.1994 07:00:00   ;     0,0
29.06.1994 07:00:00   ;     0,0
30.06.1994 07:00:00   ;     0,0
01.07.1994 07:00:00   ;     0,0
02.07.1994 07:00:00   ;     0,0
03.07.1994 07:00:00   ;     0,0
04.07.1994 07:00:00   ;     0,0
05.07.1994 07:00:00   ;     7,6
06.07.1994 07:00:00   ;     0,0
07.07.1994 07:00:00   ;     4,5
08.07.1994 07:00:00   ;     0,0
09.07.1994 07:00:00   ;     0,0
10.07.1994 07:00:00   ;    10,2
11.07.1994 07:00:00   ;     0,0
12.07.1994 07:00:00   ;     0,0
13.07.1994 07:00:00   ;     0,0
14.07.1994 07:00:00   ;     0,0
15.07.1994 07:00:00   ;     0,0
16.07.1994 07:00:00   ;     0,0
17.07.1994 07:00:00   ;     0,0
18.07.1994 07:00:00   ;     1,5
19.07.1994 07:00:00   ;    34,5
20.07.1994 07:00:00   ;     1,2
21.07.1994 07:00:00   ;     0,0
22.07.1994 07:00:00   ;     0,0
23.07.1994 07:00:00   ;     0,0
24.07.1994 07:00:00   ;     0,0
25.07.1994 07:00:00   ;     0,0
26.07.1994 07:00:00   ;     0,0
27.07.1994 07:00:00   ;    10,5
28.07.1994 07:00:00   ;     0,0
29.07.1994 07:00:00   ;     0,0
30.07.1994 07:00:00   ;     0,0
31.07.1994 07:00:00   ;     0,0
01.08.1994 07:00:00   ;     0,0
02.08.1994 07:00:00   ;     0,0
03.08.1994 07:00:00   ;     1,5
04.08.1994 07:00:00   ;     0,0
05.08.1994 07:00:00   ;     0,0
06.08.1994 07:00:00   ;     0,0
07.08.1994 07:00:00   ;     0,0
08.08.1994 07:00:00   ;     1,8
09.08.1994 07:00:00   ;     0,0
10.08.1994 07:00:00   ;     0,0
11.08.1994 07:00:00   ;     1,5
12.08.1994 07:00:00   ;     0,0
13.08.1994 07:00:00   ;     0,0
14.08.1994 07:00:00   ;     0,0
15.08.1994 07:00:00   ;     0,0
16.08.1994 07:00:00   ;     0,0
17.08.1994 07:00:00   ;     3,2
18.08.1994 07:00:00   ;     1,9
19.08.1994 07:00:00   ;     0,8
20.08.1994 07:00:00   ;     0,0
21.08.1994 07:00:00   ;     0,0
22.08.1994 07:00:00   ;     0,0
23.08.1994 07:00:00   ;     2,2
24.08.1994 07:00:00   ;     1,2
25.08.1994 07:00:00   ;    15,1
26.08.1994 07:00:00   ;     5,2
27.08.1994 07:00:00   ;     0,0
28.08.1994 07:00:00   ;     0,0
29.08.1994 07:00:00   ;     0,0
30.08.1994 07:00:00   ;     0,0
31.08.1994 07:00:00   ;     0,0
01.09.1994 07:00:00   ;     2,5
02.09.1994 07:00:00   ;     2,8
03.09.1994 07:00:00   ;     0,9
04.09.1994 07:00:00   ;     0,0
05.09.1994 07:00:00   ;     0,9
06.09.1994 07:00:00   ;     0,0
07.09.1994 07:00:00   ;     0,4
08.09.1994 07:00:00   ;     0,0
09.09.1994 07:00:00   ;     0,4
10.09.1994 07:00:00   ;     1,3
11.09.1994 07:00:00   ;     0,0
12.09.1994 07:00:00   ;     0,0
13.09.1994 07:00:00   ;     0,0
14.09.1994 07:00:00   ;     1,3
15.09.1994 07:00:00   ;     0,0
16.09.1994 07:00:00   ;     1,2
17.09.1994 07:00:00   ;     0,4
18.09.1994 07:00:00   ;     0,0
19.09.1994 07:00:00   ;     0,0
20.09.1994 07:00:00   ;     0,0
21.09.1994 07:00:00   ;     0,0
22.09.1994 07:00:00   ;     0,0
23.09.1994 07:00:00   ;     0,0
24.09.1994 07:00:00   ;     0,0
25.09.1994 07:00:00   ;     0,0
26.09.1994 07:00:00   ;     0,2
27.09.1994 07:00:00   ;     0,0
28.09.1994 07:00:00   ;     0,0
29.09.1994 07:00:00   ;     0,0
30.09.1994 07:00:00   ;     0,0
01.10.1994 07:00:00   ;     0,0
02.10.1994 07:00:00   ;     0,0
03.10.1994 07:00:00   ;     1,9
04.10.1994 07:00:00   ;     0,0
05.10.1994 07:00:00   ;     0,0
06.10.1994 07:00:00   ;     0,0
07.10.1994 07:00:00   ;    14,2
08.10.1994 07:00:00   ;     0,0
09.10.1994 07:00:00   ;     0,0
10.10.1994 07:00:00   ;     0,0
11.10.1994 07:00:00   ;     0,0
12.10.1994 07:00:00   ;     0,0
13.10.1994 07:00:00   ;     0,0
14.10.1994 07:00:00   ;     0,0
15.10.1994 07:00:00   ;     0,0
16.10.1994 07:00:00   ;     0,0
17.10.1994 07:00:00   ;     0,0
18.10.1994 07:00:00   ;     0,0
19.10.1994 07:00:00   ;     0,0
20.10.1994 07:00:00   ;     0,0
21.10.1994 07:00:00   ;     0,0
22.10.1994 07:00:00   ;     0,0
23.10.1994 07:00:00   ;     0,0
24.10.1994 07:00:00   ;    11,1
25.10.1994 07:00:00   ;     0,0
26.10.1994 07:00:00   ;     0,5
27.10.1994 07:00:00   ;     0,0
28.10.1994 07:00:00   ;     7,5
29.10.1994 07:00:00   ;     0,0
30.10.1994 07:00:00   ;     0,0
31.10.1994 07:00:00   ;     0,0
01.11.1994 07:00:00   ;     0,0
02.11.1994 07:00:00   ;     0,0
03.11.1994 07:00:00   ;     0,0
04.11.1994 07:00:00   ;     0,0
05.11.1994 07:00:00   ;     0,0
06.11.1994 07:00:00   ;     0,0
07.11.1994 07:00:00   ;     0,0
08.11.1994 07:00:00   ;     0,6
09.11.1994 07:00:00   ;     0,9
10.11.1994 07:00:00   ;     2,2
11.11.1994 07:00:00   ;     8,9
12.11.1994 07:00:00   ;     0,0
13.11.1994 07:00:00   ;     0,0
14.11.1994 07:00:00   ;     2,9
15.11.1994 07:00:00   ;     0,0
16.11.1994 07:00:00   ;     0,0
17.11.1994 07:00:00   ;     0,9
18.11.1994 07:00:00   ;     1,9
19.11.1994 07:00:00   ;     0,0
20.11.1994 07:00:00   ;     0,9
21.11.1994 07:00:00   ;     0,0
22.11.1994 07:00:00   ;     0,0
23.11.1994 07:00:00   ;     0,3
24.11.1994 07:00:00   ;     0,0
25.11.1994 07:00:00   ;     1,2
26.11.1994 07:00:00   ;     6,9
27.11.1994 07:00:00   ;     0,5
28.11.1994 07:00:00   ;     0,0
29.11.1994 07:00:00   ;     0,0
30.11.1994 07:00:00   ;     0,0
01.12.1994 07:00:00   ;     0,0
02.12.1994 07:00:00   ;     0,0
03.12.1994 07:00:00   ;     0,0
04.12.1994 07:00:00   ;     2,2
05.12.1994 07:00:00   ;     0,0
06.12.1994 07:00:00   ;     0,0
07.12.1994 07:00:00   ;     0,0
08.12.1994 07:00:00   ;     0,0
09.12.1994 07:00:00   ;     1,9
10.12.1994 07:00:00   ;     7,3
11.12.1994 07:00:00   ;     4,2
12.12.1994 07:00:00   ;     0,0
13.12.1994 07:00:00   ;     2,9
14.12.1994 07:00:00   ;     0,0
15.12.1994 07:00:00   ;     0,0
16.12.1994 07:00:00   ;     0,3
17.12.1994 07:00:00   ;     0,0
18.12.1994 07:00:00   ;     0,0
19.12.1994 07:00:00   ;     0,0
20.12.1994 07:00:00   ;     2,0
21.12.1994 07:00:00   ;     3,7
22.12.1994 07:00:00   ;     0,5
23.12.1994 07:00:00   ;     0,0
24.12.1994 07:00:00   ;     0,0
25.12.1994 07:00:00   ;     0,0
26.12.1994 07:00:00   ;     0,0
27.12.1994 07:00:00   ;     2,1
28.12.1994 07:00:00   ;     2,2
29.12.1994 07:00:00   ;     0,0
30.12.1994 07:00:00   ;     2,2
31.12.1994 07:00:00   ;     0,0
01.01.1995 07:00:00   ;     0,0
02.01.1995 07:00:00   ;     0,0
03.01.1995 07:00:00   ;     0,3
04.01.1995 07:00:00   ;     0,0
05.01.1995 07:00:00   ;     0,0
06.01.1995 07:00:00   ;     0,2
07.01.1995 07:00:00   ;     0,0
08.01.1995 07:00:00   ;     0,0
09.01.1995 07:00:00   ;     0,1
10.01.1995 07:00:00   ;     1,2
11.01.1995 07:00:00   ;     1,9
12.01.1995 07:00:00   ;     0,0
13.01.1995 07:00:00   ;     0,0
14.01.1995 07:00:00   ;     0,0
15.01.1995 07:00:00   ;     0,0
16.01.1995 07:00:00   ;     0,0
17.01.1995 07:00:00   ;     0,0
18.01.1995 07:00:00   ;     0,0
19.01.1995 07:00:00   ;     1,0
20.01.1995 07:00:00   ;     0,0
21.01.1995 07:00:00   ;     0,2
22.01.1995 07:00:00   ;     5,2
23.01.1995 07:00:00   ;     3,4
24.01.1995 07:00:00   ;     0,0
25.01.1995 07:00:00   ;     1,9
26.01.1995 07:00:00   ;     0,0
27.01.1995 07:00:00   ;     0,0
28.01.1995 07:00:00   ;     0,0
29.01.1995 07:00:00   ;     0,0
30.01.1995 07:00:00   ;     0,7
31.01.1995 07:00:00   ;     0,0
01.02.1995 07:00:00   ;     0,0
02.02.1995 07:00:00   ;     0,0
03.02.1995 07:00:00   ;     0,0
04.02.1995 07:00:00   ;     0,2
05.02.1995 07:00:00   ;     0,0
06.02.1995 07:00:00   ;     0,0
07.02.1995 07:00:00   ;     0,0
08.02.1995 07:00:00   ;     0,0
09.02.1995 07:00:00   ;     0,0
10.02.1995 07:00:00   ;     0,0
11.02.1995 07:00:00   ;     0,0
12.02.1995 07:00:00   ;     0,0
13.02.1995 07:00:00   ;     0,0
14.02.1995 07:00:00   ;     6,5
15.02.1995 07:00:00   ;     2,9
16.02.1995 07:00:00   ;     2,5
17.02.1995 07:00:00   ;     0,9
18.02.1995 07:00:00   ;     0,8
19.02.1995 07:00:00   ;     0,0
20.02.1995 07:00:00   ;     0,0
21.02.1995 07:00:00   ;     0,0
22.02.1995 07:00:00   ;     0,0
23.02.1995 07:00:00   ;     1,4
24.02.1995 07:00:00   ;     0,0
25.02.1995 07:00:00   ;     0,7
26.02.1995 07:00:00   ;     5,4
27.02.1995 07:00:00   ;     0,0
28.02.1995 07:00:00   ;     0,0
01.03.1995 07:00:00   ;     0,0
02.03.1995 07:00:00   ;     3,8
03.03.1995 07:00:00   ;     0,0
04.03.1995 07:00:00   ;    12,8
05.03.1995 07:00:00   ;     0,0
06.03.1995 07:00:00   ;     0,0
07.03.1995 07:00:00   ;     0,0
08.03.1995 07:00:00   ;     0,0
09.03.1995 07:00:00   ;     0,0
10.03.1995 07:00:00   ;     0,0
11.03.1995 07:00:00   ;     0,0
12.03.1995 07:00:00   ;     0,0
13.03.1995 07:00:00   ;     3,6
14.03.1995 07:00:00   ;     0,0
15.03.1995 07:00:00   ;     0,0
16.03.1995 07:00:00   ;     1,3
17.03.1995 07:00:00   ;     0,0
18.03.1995 07:00:00   ;     1,2
19.03.1995 07:00:00   ;     3,2
20.03.1995 07:00:00   ;     0,0
21.03.1995 07:00:00   ;     2,2
22.03.1995 07:00:00   ;     0,0
23.03.1995 07:00:00   ;     2,5
24.03.1995 07:00:00   ;     0,0
25.03.1995 07:00:00   ;     0,0
26.03.1995 07:00:00   ;     4,4
27.03.1995 07:00:00   ;     0,5
28.03.1995 07:00:00   ;     0,0
29.03.1995 07:00:00   ;     0,2
30.03.1995 07:00:00   ;     0,3
31.03.1995 07:00:00   ;     0,0
01.04.1995 07:00:00   ;     9,2
02.04.1995 07:00:00   ;     3,4
03.04.1995 07:00:00   ;     0,0
04.04.1995 07:00:00   ;     0,0
05.04.1995 07:00:00   ;     0,0
06.04.1995 07:00:00   ;     0,0
07.04.1995 07:00:00   ;     0,5
08.04.1995 07:00:00   ;     0,0
09.04.1995 07:00:00   ;     0,0
10.04.1995 07:00:00   ;     6,9
11.04.1995 07:00:00   ;     3,4
12.04.1995 07:00:00   ;     0,0
13.04.1995 07:00:00   ;     0,3
14.04.1995 07:00:00   ;     0,3
15.04.1995 07:00:00   ;     0,0
16.04.1995 07:00:00   ;     0,0
17.04.1995 07:00:00   ;     0,0
18.04.1995 07:00:00   ;     0,3
19.04.1995 07:00:00   ;     0,0
20.04.1995 07:00:00   ;     0,0
21.04.1995 07:00:00   ;     0,0
22.04.1995 07:00:00   ;     0,0
23.04.1995 07:00:00   ;     0,0
24.04.1995 07:00:00   ;     0,0
25.04.1995 07:00:00   ;     3,9
26.04.1995 07:00:00   ;    37,1
27.04.1995 07:00:00   ;     7,1
28.04.1995 07:00:00   ;     0,0
29.04.1995 07:00:00   ;     0,0
30.04.1995 07:00:00   ;     0,9
01.05.1995 07:00:00   ;     0,0
02.05.1995 07:00:00   ;     0,0
03.05.1995 07:00:00   ;     0,0
04.05.1995 07:00:00   ;     0,0
05.05.1995 07:00:00   ;     0,0
06.05.1995 07:00:00   ;     0,0
07.05.1995 07:00:00   ;     0,0
08.05.1995 07:00:00   ;     6,2
09.05.1995 07:00:00   ;     0,0
10.05.1995 07:00:00   ;     2,8
11.05.1995 07:00:00   ;     0,0
12.05.1995 07:00:00   ;     1,1
13.05.1995 07:00:00   ;    15,6
14.05.1995 07:00:00   ;     2,2
15.05.1995 07:00:00   ;     0,0
16.05.1995 07:00:00   ;     0,0
17.05.1995 07:00:00   ;     1,4
18.05.1995 07:00:00   ;     2,7
19.05.1995 07:00:00   ;     0,0
20.05.1995 07:00:00   ;     0,0
21.05.1995 07:00:00   ;     0,0
22.05.1995 07:00:00   ;     0,0
23.05.1995 07:00:00   ;     0,0
24.05.1995 07:00:00   ;     0,0
25.05.1995 07:00:00   ;     0,0
26.05.1995 07:00:00   ;     0,0
27.05.1995 07:00:00   ;     1,5
28.05.1995 07:00:00   ;     0,0
29.05.1995 07:00:00   ;     0,0
30.05.1995 07:00:00   ;     2,7
31.05.1995 07:00:00   ;    18,2
01.06.1995 07:00:00   ;     4,1
02.06.1995 07:00:00   ;     0,0
03.06.1995 07:00:00   ;     0,0
04.06.1995 07:00:00   ;     1,8
05.06.1995 07:00:00   ;     0,4
06.06.1995 07:00:00   ;     1,7
07.06.1995 07:00:00   ;     0,5
08.06.1995 07:00:00   ;     0,0
09.06.1995 07:00:00   ;    42,8
10.06.1995 07:00:00   ;     0,0
11.06.1995 07:00:00   ;     0,4
12.06.1995 07:00:00   ;    18,1
13.06.1995 07:00:00   ;     0,0
14.06.1995 07:00:00   ;     9,1
15.06.1995 07:00:00   ;     0,6
16.06.1995 07:00:00   ;     1,5
17.06.1995 07:00:00   ;     0,5
18.06.1995 07:00:00   ;     0,0
19.06.1995 07:00:00   ;     0,0
20.06.1995 07:00:00   ;     0,0
21.06.1995 07:00:00   ;     7,1
22.06.1995 07:00:00   ;     0,2
23.06.1995 07:00:00   ;     0,0
24.06.1995 07:00:00   ;     0,0
25.06.1995 07:00:00   ;     3,6
26.06.1995 07:00:00   ;    12,5
27.06.1995 07:00:00   ;     0,2
28.06.1995 07:00:00   ;     0,0
29.06.1995 07:00:00   ;     0,0
30.06.1995 07:00:00   ;     0,0
01.07.1995 07:00:00   ;     0,0
02.07.1995 07:00:00   ;     0,1
03.07.1995 07:00:00   ;     3,1
04.07.1995 07:00:00   ;     0,0
05.07.1995 07:00:00   ;     0,0
06.07.1995 07:00:00   ;     0,0
07.07.1995 07:00:00   ;     0,0
08.07.1995 07:00:00   ;     0,0
09.07.1995 07:00:00   ;     0,0
10.07.1995 07:00:00   ;     0,0
11.07.1995 07:00:00   ;     0,0
12.07.1995 07:00:00   ;     0,0
13.07.1995 07:00:00   ;     0,0
14.07.1995 07:00:00   ;     0,0
15.07.1995 07:00:00   ;     1,3
16.07.1995 07:00:00   ;     0,0
17.07.1995 07:00:00   ;     0,0
18.07.1995 07:00:00   ;     0,0
19.07.1995 07:00:00   ;     0,0
20.07.1995 07:00:00   ;     0,0
21.07.1995 07:00:00   ;     0,0
22.07.1995 07:00:00   ;     1,1
23.07.1995 07:00:00   ;     0,0
24.07.1995 07:00:00   ;     0,0
25.07.1995 07:00:00   ;     0,0
26.07.1995 07:00:00   ;     0,0
27.07.1995 07:00:00   ;     0,0
28.07.1995 07:00:00   ;     1,9
29.07.1995 07:00:00   ;     5,7
30.07.1995 07:00:00   ;     0,0
31.07.1995 07:00:00   ;     0,0
01.08.1995 07:00:00   ;     0,0
02.08.1995 07:00:00   ;     0,0
03.08.1995 07:00:00   ;     0,0
04.08.1995 07:00:00   ;    24,8
05.08.1995 07:00:00   ;     0,0
06.08.1995 07:00:00   ;     0,0
07.08.1995 07:00:00   ;     0,0
08.08.1995 07:00:00   ;    12,0
09.08.1995 07:00:00   ;    13,0
10.08.1995 07:00:00   ;     0,0
11.08.1995 07:00:00   ;     0,0
12.08.1995 07:00:00   ;     0,0
13.08.1995 07:00:00   ;     0,0
14.08.1995 07:00:00   ;     0,0
15.08.1995 07:00:00   ;     0,0
16.08.1995 07:00:00   ;     0,2
17.08.1995 07:00:00   ;     0,0
18.08.1995 07:00:00   ;     0,1
19.08.1995 07:00:00   ;     0,3
20.08.1995 07:00:00   ;    31,6
21.08.1995 07:00:00   ;     0,0
22.08.1995 07:00:00   ;     0,0
23.08.1995 07:00:00   ;     0,0
24.08.1995 07:00:00   ;     0,0
25.08.1995 07:00:00   ;     0,0
26.08.1995 07:00:00   ;     0,0
27.08.1995 07:00:00   ;     5,8
28.08.1995 07:00:00   ;    10,4
29.08.1995 07:00:00   ;    12,5
30.08.1995 07:00:00   ;     0,4
31.08.1995 07:00:00   ;     7,4
01.09.1995 07:00:00   ;    19,4
02.09.1995 07:00:00   ;     5,3
03.09.1995 07:00:00   ;     0,6
04.09.1995 07:00:00   ;     5,1
05.09.1995 07:00:00   ;     0,0
06.09.1995 07:00:00   ;     0,0
07.09.1995 07:00:00   ;     0,9
08.09.1995 07:00:00   ;     0,0
09.09.1995 07:00:00   ;     0,0
10.09.1995 07:00:00   ;     0,0
11.09.1995 07:00:00   ;     0,0
12.09.1995 07:00:00   ;     0,0
13.09.1995 07:00:00   ;     0,0
14.09.1995 07:00:00   ;    51,7
15.09.1995 07:00:00   ;    37,9
16.09.1995 07:00:00   ;     0,0
17.09.1995 07:00:00   ;     0,0
18.09.1995 07:00:00   ;     0,0
19.09.1995 07:00:00   ;     5,8
20.09.1995 07:00:00   ;     2,2
21.09.1995 07:00:00   ;     2,9
22.09.1995 07:00:00   ;     0,0
23.09.1995 07:00:00   ;     0,0
24.09.1995 07:00:00   ;     0,0
25.09.1995 07:00:00   ;     0,0
26.09.1995 07:00:00   ;     0,0
27.09.1995 07:00:00   ;     0,0
28.09.1995 07:00:00   ;     0,0
29.09.1995 07:00:00   ;     0,0
30.09.1995 07:00:00   ;     7,9
01.10.1995 07:00:00   ;     2,7
02.10.1995 07:00:00   ;     0,3
03.10.1995 07:00:00   ;     0,0
04.10.1995 07:00:00   ;     0,0
05.10.1995 07:00:00   ;     0,0
06.10.1995 07:00:00   ;     0,8
07.10.1995 07:00:00   ;     0,0
08.10.1995 07:00:00   ;     0,0
09.10.1995 07:00:00   ;     0,0
10.10.1995 07:00:00   ;     0,0
11.10.1995 07:00:00   ;     0,0
12.10.1995 07:00:00   ;     0,0
13.10.1995 07:00:00   ;     0,0
14.10.1995 07:00:00   ;     0,0
15.10.1995 07:00:00   ;     0,0
16.10.1995 07:00:00   ;     0,0
17.10.1995 07:00:00   ;     0,0
18.10.1995 07:00:00   ;     0,1
19.10.1995 07:00:00   ;     0,0
20.10.1995 07:00:00   ;     0,2
21.10.1995 07:00:00   ;     0,0
22.10.1995 07:00:00   ;     0,0
23.10.1995 07:00:00   ;     0,0
24.10.1995 07:00:00   ;     0,0
25.10.1995 07:00:00   ;     0,0
26.10.1995 07:00:00   ;     0,0
27.10.1995 07:00:00   ;     0,0
28.10.1995 07:00:00   ;     6,1
29.10.1995 07:00:00   ;     0,9
30.10.1995 07:00:00   ;     0,0
31.10.1995 07:00:00   ;     0,0
01.11.1995 07:00:00   ;     8,2
02.11.1995 07:00:00   ;     0,3
03.11.1995 07:00:00   ;     8,9
04.11.1995 07:00:00   ;     0,2
05.11.1995 07:00:00   ;     0,3
06.11.1995 07:00:00   ;     5,7
07.11.1995 07:00:00   ;     1,7
08.11.1995 07:00:00   ;     0,0
09.11.1995 07:00:00   ;     0,0
10.11.1995 07:00:00   ;     0,0
11.11.1995 07:00:00   ;     0,2
12.11.1995 07:00:00   ;     0,0
13.11.1995 07:00:00   ;     0,6
14.11.1995 07:00:00   ;     0,4
15.11.1995 07:00:00   ;     0,2
16.11.1995 07:00:00   ;     3,3
17.11.1995 07:00:00   ;     3,9
18.11.1995 07:00:00   ;     0,0
19.11.1995 07:00:00   ;     0,8
20.11.1995 07:00:00   ;     0,0
21.11.1995 07:00:00   ;     0,0
22.11.1995 07:00:00   ;     0,0
23.11.1995 07:00:00   ;     0,0
24.11.1995 07:00:00   ;     0,0
25.11.1995 07:00:00   ;     0,0
26.11.1995 07:00:00   ;     0,0
27.11.1995 07:00:00   ;     0,0
28.11.1995 07:00:00   ;    12,8
29.11.1995 07:00:00   ;     3,0
30.11.1995 07:00:00   ;     0,0
01.12.1995 07:00:00   ;     0,6
02.12.1995 07:00:00   ;     2,2
03.12.1995 07:00:00   ;     0,5
04.12.1995 07:00:00   ;     0,7
05.12.1995 07:00:00   ;     3,1
06.12.1995 07:00:00   ;     5,1
07.12.1995 07:00:00   ;     0,0
08.12.1995 07:00:00   ;     0,0
09.12.1995 07:00:00   ;     0,0
10.12.1995 07:00:00   ;     0,0
11.12.1995 07:00:00   ;    10,1
12.12.1995 07:00:00   ;     1,6
13.12.1995 07:00:00   ;     5,3
14.12.1995 07:00:00   ;     2,8
15.12.1995 07:00:00   ;     0,0
16.12.1995 07:00:00   ;     0,0
17.12.1995 07:00:00   ;     0,0
18.12.1995 07:00:00   ;     1,4
19.12.1995 07:00:00   ;     0,0
20.12.1995 07:00:00   ;     3,7
21.12.1995 07:00:00   ;     1,5
22.12.1995 07:00:00   ;     0,0
23.12.1995 07:00:00   ;     0,5
24.12.1995 07:00:00   ;     7,6
25.12.1995 07:00:00   ;     3,6
26.12.1995 07:00:00   ;     0,2
27.12.1995 07:00:00   ;     0,0
28.12.1995 07:00:00   ;     0,0
29.12.1995 07:00:00   ;     0,0
30.12.1995 07:00:00   ;     0,0
31.12.1995 07:00:00   ;     2,4
01.01.1996 07:00:00   ;     1,4
02.01.1996 07:00:00   ;     1,6
03.01.1996 07:00:00   ;     0,0
04.01.1996 07:00:00   ;     0,0
05.01.1996 07:00:00   ;     0,0
06.01.1996 07:00:00   ;     0,0
07.01.1996 07:00:00   ;     0,0
08.01.1996 07:00:00   ;     7,9
09.01.1996 07:00:00   ;     0,0
10.01.1996 07:00:00   ;     1,9
11.01.1996 07:00:00   ;     0,0
12.01.1996 07:00:00   ;     0,0
13.01.1996 07:00:00   ;     0,0
14.01.1996 07:00:00   ;     0,0
15.01.1996 07:00:00   ;     0,0
16.01.1996 07:00:00   ;     0,0
17.01.1996 07:00:00   ;     0,0
18.01.1996 07:00:00   ;     0,0
19.01.1996 07:00:00   ;     0,0
20.01.1996 07:00:00   ;     0,0
21.01.1996 07:00:00   ;     0,0
22.01.1996 07:00:00   ;     0,0
23.01.1996 07:00:00   ;     0,0
24.01.1996 07:00:00   ;     9,9
25.01.1996 07:00:00   ;     0,0
26.01.1996 07:00:00   ;     2,4
27.01.1996 07:00:00   ;     4,9
28.01.1996 07:00:00   ;     0,2
29.01.1996 07:00:00   ;     0,0
30.01.1996 07:00:00   ;     0,0
31.01.1996 07:00:00   ;     0,0
01.02.1996 07:00:00   ;     0,0
02.02.1996 07:00:00   ;     0,0
03.02.1996 07:00:00   ;     0,0
04.02.1996 07:00:00   ;     0,0
05.02.1996 07:00:00   ;     0,0
06.02.1996 07:00:00   ;     0,0
07.02.1996 07:00:00   ;     0,2
08.02.1996 07:00:00   ;     0,0
09.02.1996 07:00:00   ;     0,0
10.02.1996 07:00:00   ;     0,5
11.02.1996 07:00:00   ;     0,0
12.02.1996 07:00:00   ;     2,3
13.02.1996 07:00:00   ;     2,5
14.02.1996 07:00:00   ;     1,9
15.02.1996 07:00:00   ;     0,0
16.02.1996 07:00:00   ;     5,1
17.02.1996 07:00:00   ;     0,0
18.02.1996 07:00:00   ;     0,3
19.02.1996 07:00:00   ;    10,2
20.02.1996 07:00:00   ;     0,0
21.02.1996 07:00:00   ;     0,0
22.02.1996 07:00:00   ;     0,0
23.02.1996 07:00:00   ;     0,0
24.02.1996 07:00:00   ;     0,0
25.02.1996 07:00:00   ;     0,0
26.02.1996 07:00:00   ;     0,0
27.02.1996 07:00:00   ;     0,0
28.02.1996 07:00:00   ;     0,0
29.02.1996 07:00:00   ;     0,0
01.03.1996 07:00:00   ;     6,1
02.03.1996 07:00:00   ;     0,6
03.03.1996 07:00:00   ;     0,5
04.03.1996 07:00:00   ;     0,3
05.03.1996 07:00:00   ;     0,0
06.03.1996 07:00:00   ;     0,0
07.03.1996 07:00:00   ;     0,0
08.03.1996 07:00:00   ;     0,0
09.03.1996 07:00:00   ;     0,0
10.03.1996 07:00:00   ;     0,0
11.03.1996 07:00:00   ;     4,4
12.03.1996 07:00:00   ;     4,7
13.03.1996 07:00:00   ;     2,4
14.03.1996 07:00:00   ;     0,0
15.03.1996 07:00:00   ;     0,0
16.03.1996 07:00:00   ;     0,0
17.03.1996 07:00:00   ;     0,0
18.03.1996 07:00:00   ;     0,0
19.03.1996 07:00:00   ;     0,0
20.03.1996 07:00:00   ;     0,0
21.03.1996 07:00:00   ;     0,0
22.03.1996 07:00:00   ;     1,7
23.03.1996 07:00:00   ;     0,0
24.03.1996 07:00:00   ;     3,0
25.03.1996 07:00:00   ;     0,0
26.03.1996 07:00:00   ;     1,6
27.03.1996 07:00:00   ;     0,3
28.03.1996 07:00:00   ;     0,0
29.03.1996 07:00:00   ;     0,0
30.03.1996 07:00:00   ;     0,2
31.03.1996 07:00:00   ;     0,4
01.04.1996 07:00:00   ;     5,8
02.04.1996 07:00:00   ;    15,2
03.04.1996 07:00:00   ;    12,1
04.04.1996 07:00:00   ;    23,5
05.04.1996 07:00:00   ;     0,0
06.04.1996 07:00:00   ;     0,0
07.04.1996 07:00:00   ;     0,0
08.04.1996 07:00:00   ;     0,0
09.04.1996 07:00:00   ;     0,0
10.04.1996 07:00:00   ;     0,0
11.04.1996 07:00:00   ;     1,8
12.04.1996 07:00:00   ;     2,9
13.04.1996 07:00:00   ;     0,0
14.04.1996 07:00:00   ;    10,5
15.04.1996 07:00:00   ;     0,0
16.04.1996 07:00:00   ;     0,0
17.04.1996 07:00:00   ;     0,0
18.04.1996 07:00:00   ;     0,0
19.04.1996 07:00:00   ;     0,0
20.04.1996 07:00:00   ;     0,0
21.04.1996 07:00:00   ;     0,0
22.04.1996 07:00:00   ;     0,0
23.04.1996 07:00:00   ;     0,0
24.04.1996 07:00:00   ;     0,4
25.04.1996 07:00:00   ;     0,5
26.04.1996 07:00:00   ;     0,9
27.04.1996 07:00:00   ;     0,0
28.04.1996 07:00:00   ;     2,8
29.04.1996 07:00:00   ;     5,4
30.04.1996 07:00:00   ;     0,0
01.05.1996 07:00:00   ;     2,1
02.05.1996 07:00:00   ;     0,0
03.05.1996 07:00:00   ;     0,6
04.05.1996 07:00:00   ;     0,8
05.05.1996 07:00:00   ;     0,0
06.05.1996 07:00:00   ;     0,0
07.05.1996 07:00:00   ;     0,0
08.05.1996 07:00:00   ;     2,2
09.05.1996 07:00:00   ;     4,9
10.05.1996 07:00:00   ;     0,0
11.05.1996 07:00:00   ;     0,0
12.05.1996 07:00:00   ;    10,5
13.05.1996 07:00:00   ;    17,5
14.05.1996 07:00:00   ;    16,7
15.05.1996 07:00:00   ;     0,0
16.05.1996 07:00:00   ;     0,0
17.05.1996 07:00:00   ;     0,0
18.05.1996 07:00:00   ;     0,0
19.05.1996 07:00:00   ;     0,0
20.05.1996 07:00:00   ;    13,9
21.05.1996 07:00:00   ;     0,0
22.05.1996 07:00:00   ;     0,4
23.05.1996 07:00:00   ;     0,0
24.05.1996 07:00:00   ;     0,0
25.05.1996 07:00:00   ;     7,4
26.05.1996 07:00:00   ;     1,5
27.05.1996 07:00:00   ;     8,1
28.05.1996 07:00:00   ;     0,6
29.05.1996 07:00:00   ;     0,0
30.05.1996 07:00:00   ;     0,0
31.05.1996 07:00:00   ;     0,0
01.06.1996 07:00:00   ;     0,0
02.06.1996 07:00:00   ;     0,0
03.06.1996 07:00:00   ;     0,0
04.06.1996 07:00:00   ;     0,0
05.06.1996 07:00:00   ;     0,0
06.06.1996 07:00:00   ;     0,0
07.06.1996 07:00:00   ;     0,0
08.06.1996 07:00:00   ;     0,0
09.06.1996 07:00:00   ;     0,0
10.06.1996 07:00:00   ;     0,0
11.06.1996 07:00:00   ;     0,0
12.06.1996 07:00:00   ;    23,2
13.06.1996 07:00:00   ;     0,9
14.06.1996 07:00:00   ;     0,0
15.06.1996 07:00:00   ;     0,0
16.06.1996 07:00:00   ;     0,0
17.06.1996 07:00:00   ;     0,0
18.06.1996 07:00:00   ;     0,0
19.06.1996 07:00:00   ;     1,5
20.06.1996 07:00:00   ;     0,0
21.06.1996 07:00:00   ;     4,5
22.06.1996 07:00:00   ;    49,8
23.06.1996 07:00:00   ;     5,6
24.06.1996 07:00:00   ;     0,0
25.06.1996 07:00:00   ;     0,0
26.06.1996 07:00:00   ;     0,0
27.06.1996 07:00:00   ;     2,1
28.06.1996 07:00:00   ;     0,0
29.06.1996 07:00:00   ;    17,6
30.06.1996 07:00:00   ;     2,1
01.07.1996 07:00:00   ;     0,5
02.07.1996 07:00:00   ;     2,7
03.07.1996 07:00:00   ;     0,0
04.07.1996 07:00:00   ;     0,0
05.07.1996 07:00:00   ;     0,0
06.07.1996 07:00:00   ;     0,8
07.07.1996 07:00:00   ;     0,0
08.07.1996 07:00:00   ;    21,4
09.07.1996 07:00:00   ;     0,0
10.07.1996 07:00:00   ;     0,0
11.07.1996 07:00:00   ;     6,7
12.07.1996 07:00:00   ;     1,3
13.07.1996 07:00:00   ;     0,0
14.07.1996 07:00:00   ;     0,0
15.07.1996 07:00:00   ;     0,0
16.07.1996 07:00:00   ;     0,0
17.07.1996 07:00:00   ;     0,0
18.07.1996 07:00:00   ;     0,0
19.07.1996 07:00:00   ;     0,0
20.07.1996 07:00:00   ;     0,0
21.07.1996 07:00:00   ;     0,0
22.07.1996 07:00:00   ;     0,0
23.07.1996 07:00:00   ;     0,9
24.07.1996 07:00:00   ;     6,1
25.07.1996 07:00:00   ;     0,0
26.07.1996 07:00:00   ;     4,9
27.07.1996 07:00:00   ;     0,0
28.07.1996 07:00:00   ;     0,5
29.07.1996 07:00:00   ;     0,0
30.07.1996 07:00:00   ;     0,0
31.07.1996 07:00:00   ;     0,0
01.08.1996 07:00:00   ;     0,0
02.08.1996 07:00:00   ;     5,6
03.08.1996 07:00:00   ;    18,1
04.08.1996 07:00:00   ;     1,1
05.08.1996 07:00:00   ;     0,0
06.08.1996 07:00:00   ;     0,0
07.08.1996 07:00:00   ;     0,0
08.08.1996 07:00:00   ;     0,0
09.08.1996 07:00:00   ;     0,0
10.08.1996 07:00:00   ;     0,0
11.08.1996 07:00:00   ;     0,0
12.08.1996 07:00:00   ;    10,1
13.08.1996 07:00:00   ;    15,4
14.08.1996 07:00:00   ;     0,0
15.08.1996 07:00:00   ;     6,1
16.08.1996 07:00:00   ;     0,0
17.08.1996 07:00:00   ;     0,0
18.08.1996 07:00:00   ;     0,0
19.08.1996 07:00:00   ;     0,8
20.08.1996 07:00:00   ;     0,0
21.08.1996 07:00:00   ;     0,0
22.08.1996 07:00:00   ;     0,0
23.08.1996 07:00:00   ;     0,0
24.08.1996 07:00:00   ;     0,0
25.08.1996 07:00:00   ;     8,1
26.08.1996 07:00:00   ;     0,0
27.08.1996 07:00:00   ;     0,8
28.08.1996 07:00:00   ;    19,7
29.08.1996 07:00:00   ;     0,0
30.08.1996 07:00:00   ;     0,0
31.08.1996 07:00:00   ;     0,0
01.09.1996 07:00:00   ;     2,4
02.09.1996 07:00:00   ;     3,1
03.09.1996 07:00:00   ;     0,0
04.09.1996 07:00:00   ;     1,9
05.09.1996 07:00:00   ;     4,9
06.09.1996 07:00:00   ;     3,9
07.09.1996 07:00:00   ;     8,5
08.09.1996 07:00:00   ;     0,5
09.09.1996 07:00:00   ;     0,9
10.09.1996 07:00:00   ;     0,0
11.09.1996 07:00:00   ;     0,0
12.09.1996 07:00:00   ;     0,0
13.09.1996 07:00:00   ;     0,0
14.09.1996 07:00:00   ;     1,9
15.09.1996 07:00:00   ;     0,5
16.09.1996 07:00:00   ;     0,0
17.09.1996 07:00:00   ;     0,0
18.09.1996 07:00:00   ;     0,9
19.09.1996 07:00:00   ;     0,0
20.09.1996 07:00:00   ;     1,2
21.09.1996 07:00:00   ;    12,4
22.09.1996 07:00:00   ;     2,4
23.09.1996 07:00:00   ;     5,9
24.09.1996 07:00:00   ;     3,4
25.09.1996 07:00:00   ;    14,8
26.09.1996 07:00:00   ;     0,0
27.09.1996 07:00:00   ;     0,0
28.09.1996 07:00:00   ;     0,1
29.09.1996 07:00:00   ;     0,6
30.09.1996 07:00:00   ;     0,0
01.10.1996 07:00:00   ;     0,0
02.10.1996 07:00:00   ;     1,2
03.10.1996 07:00:00   ;     0,0
04.10.1996 07:00:00   ;     0,0
05.10.1996 07:00:00   ;    25,1
06.10.1996 07:00:00   ;     2,3
07.10.1996 07:00:00   ;     0,0
08.10.1996 07:00:00   ;     0,0
09.10.1996 07:00:00   ;     0,0
10.10.1996 07:00:00   ;     0,0
11.10.1996 07:00:00   ;     0,0
12.10.1996 07:00:00   ;     0,0
13.10.1996 07:00:00   ;     0,0
14.10.1996 07:00:00   ;     0,0
15.10.1996 07:00:00   ;     0,0
16.10.1996 07:00:00   ;     0,1
17.10.1996 07:00:00   ;     2,0
18.10.1996 07:00:00   ;     0,0
19.10.1996 07:00:00   ;     0,0
20.10.1996 07:00:00   ;     2,9
21.10.1996 07:00:00   ;     5,1
22.10.1996 07:00:00   ;     0,0
23.10.1996 07:00:00   ;     0,0
24.10.1996 07:00:00   ;     0,0
25.10.1996 07:00:00   ;     0,0
26.10.1996 07:00:00   ;     0,0
27.10.1996 07:00:00   ;     5,0
28.10.1996 07:00:00   ;     2,1
29.10.1996 07:00:00   ;     0,0
30.10.1996 07:00:00   ;     0,0
31.10.1996 07:00:00   ;     0,0
01.11.1996 07:00:00   ;     0,9
02.11.1996 07:00:00   ;     0,0
03.11.1996 07:00:00   ;     0,0
04.11.1996 07:00:00   ;     0,0
05.11.1996 07:00:00   ;     0,0
06.11.1996 07:00:00   ;     0,0
07.11.1996 07:00:00   ;     1,2
08.11.1996 07:00:00   ;     0,0
09.11.1996 07:00:00   ;     0,0
10.11.1996 07:00:00   ;     0,0
11.11.1996 07:00:00   ;     0,0
12.11.1996 07:00:00   ;     0,0
13.11.1996 07:00:00   ;     3,1
14.11.1996 07:00:00   ;    12,3
15.11.1996 07:00:00   ;     0,0
16.11.1996 07:00:00   ;     0,0
17.11.1996 07:00:00   ;     0,0
18.11.1996 07:00:00   ;     0,7
19.11.1996 07:00:00   ;     0,0
20.11.1996 07:00:00   ;     0,6
21.11.1996 07:00:00   ;     0,0
22.11.1996 07:00:00   ;     0,0
23.11.1996 07:00:00   ;     0,0
24.11.1996 07:00:00   ;     0,0
25.11.1996 07:00:00   ;     2,1
26.11.1996 07:00:00   ;     1,4
27.11.1996 07:00:00   ;     0,0
28.11.1996 07:00:00   ;     0,0
29.11.1996 07:00:00   ;     0,0
30.11.1996 07:00:00   ;     0,9
01.12.1996 07:00:00   ;     0,0
02.12.1996 07:00:00   ;     2,4
03.12.1996 07:00:00   ;     0,0
04.12.1996 07:00:00   ;     0,0
05.12.1996 07:00:00   ;     0,0
06.12.1996 07:00:00   ;     0,0
07.12.1996 07:00:00   ;     1,2
08.12.1996 07:00:00   ;     1,9
09.12.1996 07:00:00   ;     0,2
10.12.1996 07:00:00   ;     0,0
11.12.1996 07:00:00   ;     0,5
12.12.1996 07:00:00   ;     0,2
13.12.1996 07:00:00   ;     0,0
14.12.1996 07:00:00   ;     0,0
15.12.1996 07:00:00   ;     0,0
16.12.1996 07:00:00   ;     0,0
17.12.1996 07:00:00   ;     2,0
18.12.1996 07:00:00   ;     1,3
19.12.1996 07:00:00   ;     0,0
20.12.1996 07:00:00   ;     4,9
21.12.1996 07:00:00   ;     0,0
22.12.1996 07:00:00   ;     2,3
23.12.1996 07:00:00   ;     6,8
24.12.1996 07:00:00   ;     0,0
25.12.1996 07:00:00   ;     0,0
26.12.1996 07:00:00   ;     0,0
27.12.1996 07:00:00   ;     0,0
28.12.1996 07:00:00   ;     0,0
29.12.1996 07:00:00   ;     0,0
30.12.1996 07:00:00   ;     0,0
31.12.1996 07:00:00   ;     2,1
01.01.1997 07:00:00   ;     2,2
02.01.1997 07:00:00   ;     3,6
03.01.1997 07:00:00   ;     0,2
04.01.1997 07:00:00   ;     1,0
05.01.1997 07:00:00   ;     0,0
06.01.1997 07:00:00   ;     0,0
07.01.1997 07:00:00   ;     0,0
08.01.1997 07:00:00   ;     0,0
09.01.1997 07:00:00   ;     0,0
10.01.1997 07:00:00   ;     0,0
11.01.1997 07:00:00   ;     0,0
12.01.1997 07:00:00   ;     0,0
13.01.1997 07:00:00   ;     0,0
14.01.1997 07:00:00   ;     0,0
15.01.1997 07:00:00   ;     0,3
16.01.1997 07:00:00   ;     0,2
17.01.1997 07:00:00   ;     0,0
18.01.1997 07:00:00   ;     0,0
19.01.1997 07:00:00   ;     0,0
20.01.1997 07:00:00   ;     0,0
21.01.1997 07:00:00   ;     0,0
22.01.1997 07:00:00   ;     0,0
23.01.1997 07:00:00   ;     0,0
24.01.1997 07:00:00   ;     3,2
25.01.1997 07:00:00   ;     0,9
26.01.1997 07:00:00   ;     0,0
27.01.1997 07:00:00   ;     0,0
28.01.1997 07:00:00   ;     0,0
29.01.1997 07:00:00   ;     0,0
30.01.1997 07:00:00   ;     0,0
31.01.1997 07:00:00   ;     0,0
01.02.1997 07:00:00   ;     0,0
02.02.1997 07:00:00   ;     0,0
03.02.1997 07:00:00   ;     0,0
04.02.1997 07:00:00   ;     0,0
05.02.1997 07:00:00   ;     0,7
06.02.1997 07:00:00   ;     0,0
07.02.1997 07:00:00   ;     0,0
08.02.1997 07:00:00   ;     0,0
09.02.1997 07:00:00   ;     0,4
10.02.1997 07:00:00   ;     0,0
11.02.1997 07:00:00   ;     2,4
12.02.1997 07:00:00   ;     5,4
13.02.1997 07:00:00   ;     2,3
14.02.1997 07:00:00   ;     0,0
15.02.1997 07:00:00   ;     0,0
16.02.1997 07:00:00   ;     0,0
17.02.1997 07:00:00   ;     0,0
18.02.1997 07:00:00   ;     1,2
19.02.1997 07:00:00   ;     0,7
20.02.1997 07:00:00   ;     0,2
21.02.1997 07:00:00   ;     0,0
22.02.1997 07:00:00   ;     0,0
23.02.1997 07:00:00   ;     0,0
24.02.1997 07:00:00   ;     0,0
25.02.1997 07:00:00   ;     0,0
26.02.1997 07:00:00   ;     1,8
27.02.1997 07:00:00   ;     0,0
28.02.1997 07:00:00   ;     0,0
01.03.1997 07:00:00   ;     0,0
02.03.1997 07:00:00   ;     0,0
03.03.1997 07:00:00   ;     0,0
04.03.1997 07:00:00   ;     1,1
05.03.1997 07:00:00   ;     0,0
06.03.1997 07:00:00   ;     0,0
07.03.1997 07:00:00   ;     0,0
08.03.1997 07:00:00   ;     0,0
09.03.1997 07:00:00   ;     0,0
10.03.1997 07:00:00   ;     0,0
11.03.1997 07:00:00   ;     0,0
12.03.1997 07:00:00   ;     0,0
13.03.1997 07:00:00   ;     0,0
14.03.1997 07:00:00   ;     0,0
15.03.1997 07:00:00   ;     1,2
16.03.1997 07:00:00   ;    16,0
17.03.1997 07:00:00   ;     5,3
18.03.1997 07:00:00   ;     1,9
19.03.1997 07:00:00   ;     0,0
20.03.1997 07:00:00   ;     0,9
21.03.1997 07:00:00   ;     0,0
22.03.1997 07:00:00   ;     0,9
23.03.1997 07:00:00   ;     0,2
24.03.1997 07:00:00   ;     0,5
25.03.1997 07:00:00   ;     0,0
26.03.1997 07:00:00   ;     1,8
27.03.1997 07:00:00   ;     1,9
28.03.1997 07:00:00   ;     1,6
29.03.1997 07:00:00   ;     0,5
30.03.1997 07:00:00   ;     0,0
31.03.1997 07:00:00   ;     0,8
01.04.1997 07:00:00   ;     0,0
02.04.1997 07:00:00   ;     0,0
03.04.1997 07:00:00   ;     0,8
04.04.1997 07:00:00   ;     0,0
05.04.1997 07:00:00   ;     6,7
06.04.1997 07:00:00   ;     0,0
07.04.1997 07:00:00   ;     0,0
08.04.1997 07:00:00   ;     0,0
09.04.1997 07:00:00   ;     0,0
10.04.1997 07:00:00   ;     0,0
11.04.1997 07:00:00   ;     1,8
12.04.1997 07:00:00   ;     0,4
13.04.1997 07:00:00   ;     0,0
14.04.1997 07:00:00   ;     6,4
15.04.1997 07:00:00   ;     0,0
16.04.1997 07:00:00   ;     0,6
17.04.1997 07:00:00   ;     7,3
18.04.1997 07:00:00   ;     0,0
19.04.1997 07:00:00   ;     1,2
20.04.1997 07:00:00   ;     0,0
21.04.1997 07:00:00   ;     0,0
22.04.1997 07:00:00   ;     0,0
23.04.1997 07:00:00   ;     0,0
24.04.1997 07:00:00   ;     0,0
25.04.1997 07:00:00   ;     0,0
26.04.1997 07:00:00   ;     3,8
27.04.1997 07:00:00   ;     1,5
28.04.1997 07:00:00   ;     1,1
29.04.1997 07:00:00   ;     0,9
30.04.1997 07:00:00   ;     0,3
01.05.1997 07:00:00   ;     0,0
02.05.1997 07:00:00   ;     0,0
03.05.1997 07:00:00   ;     0,0
04.05.1997 07:00:00   ;     0,0
05.05.1997 07:00:00   ;     0,0
06.05.1997 07:00:00   ;     0,0
07.05.1997 07:00:00   ;     0,3
08.05.1997 07:00:00   ;    24,2
09.05.1997 07:00:00   ;     0,0
10.05.1997 07:00:00   ;     0,0
11.05.1997 07:00:00   ;     0,0
12.05.1997 07:00:00   ;     0,0
13.05.1997 07:00:00   ;     0,0
14.05.1997 07:00:00   ;     0,0
15.05.1997 07:00:00   ;     0,0
16.05.1997 07:00:00   ;     0,0
17.05.1997 07:00:00   ;     0,0
18.05.1997 07:00:00   ;     0,0
19.05.1997 07:00:00   ;     0,1
20.05.1997 07:00:00   ;    36,3
21.05.1997 07:00:00   ;    10,7
22.05.1997 07:00:00   ;     5,2
23.05.1997 07:00:00   ;     0,2
24.05.1997 07:00:00   ;     0,0
25.05.1997 07:00:00   ;     0,0
26.05.1997 07:00:00   ;     0,0
27.05.1997 07:00:00   ;     1,2
28.05.1997 07:00:00   ;     2,9
29.05.1997 07:00:00   ;     2,2
30.05.1997 07:00:00   ;     0,2
31.05.1997 07:00:00   ;     0,0
01.06.1997 07:00:00   ;     0,0
02.06.1997 07:00:00   ;     0,0
03.06.1997 07:00:00   ;     1,9
04.06.1997 07:00:00   ;     0,0
05.06.1997 07:00:00   ;     0,0
06.06.1997 07:00:00   ;     0,0
07.06.1997 07:00:00   ;     0,0
08.06.1997 07:00:00   ;     0,0
09.06.1997 07:00:00   ;     0,0
10.06.1997 07:00:00   ;     0,0
11.06.1997 07:00:00   ;     0,0
12.06.1997 07:00:00   ;     0,4
13.06.1997 07:00:00   ;     1,1
14.06.1997 07:00:00   ;     2,5
15.06.1997 07:00:00   ;     0,0
16.06.1997 07:00:00   ;     1,6
17.06.1997 07:00:00   ;    12,2
18.06.1997 07:00:00   ;     1,2
19.06.1997 07:00:00   ;     4,0
20.06.1997 07:00:00   ;     0,4
21.06.1997 07:00:00   ;     0,0
22.06.1997 07:00:00   ;    11,3
23.06.1997 07:00:00   ;     3,2
24.06.1997 07:00:00   ;     2,4
25.06.1997 07:00:00   ;     0,0
26.06.1997 07:00:00   ;     0,0
27.06.1997 07:00:00   ;     0,0
28.06.1997 07:00:00   ;     0,0
29.06.1997 07:00:00   ;     0,0
30.06.1997 07:00:00   ;     0,4
01.07.1997 07:00:00   ;     3,8
02.07.1997 07:00:00   ;     0,0
03.07.1997 07:00:00   ;     0,3
04.07.1997 07:00:00   ;     1,3
05.07.1997 07:00:00   ;    26,9
06.07.1997 07:00:00   ;    60,9
07.07.1997 07:00:00   ;    70,2
08.07.1997 07:00:00   ;     9,1
09.07.1997 07:00:00   ;     0,0
10.07.1997 07:00:00   ;     0,0
11.07.1997 07:00:00   ;     0,2
12.07.1997 07:00:00   ;     7,2
13.07.1997 07:00:00   ;     3,4
14.07.1997 07:00:00   ;     0,0
15.07.1997 07:00:00   ;     3,9
16.07.1997 07:00:00   ;     2,2
17.07.1997 07:00:00   ;     0,0
18.07.1997 07:00:00   ;    16,8
19.07.1997 07:00:00   ;    15,2
20.07.1997 07:00:00   ;     0,2
21.07.1997 07:00:00   ;     6,7
22.07.1997 07:00:00   ;     7,1
23.07.1997 07:00:00   ;     0,0
24.07.1997 07:00:00   ;     2,1
25.07.1997 07:00:00   ;     0,2
26.07.1997 07:00:00   ;     0,5
27.07.1997 07:00:00   ;     0,0
28.07.1997 07:00:00   ;     0,0
29.07.1997 07:00:00   ;     0,3
30.07.1997 07:00:00   ;     0,0
31.07.1997 07:00:00   ;    14,7
01.08.1997 07:00:00   ;     1,7
02.08.1997 07:00:00   ;     0,0
03.08.1997 07:00:00   ;     1,9
04.08.1997 07:00:00   ;     0,0
05.08.1997 07:00:00   ;     0,0
06.08.1997 07:00:00   ;     0,0
07.08.1997 07:00:00   ;     0,0
08.08.1997 07:00:00   ;     0,0
09.08.1997 07:00:00   ;     3,2
10.08.1997 07:00:00   ;     3,4
11.08.1997 07:00:00   ;     0,0
12.08.1997 07:00:00   ;     0,0
13.08.1997 07:00:00   ;     0,0
14.08.1997 07:00:00   ;     0,0
15.08.1997 07:00:00   ;     0,0
16.08.1997 07:00:00   ;     0,0
17.08.1997 07:00:00   ;     0,0
18.08.1997 07:00:00   ;     3,2
19.08.1997 07:00:00   ;     0,0
20.08.1997 07:00:00   ;     0,0
21.08.1997 07:00:00   ;     0,0
22.08.1997 07:00:00   ;     0,0
23.08.1997 07:00:00   ;     0,0
24.08.1997 07:00:00   ;     0,0
25.08.1997 07:00:00   ;     0,0
26.08.1997 07:00:00   ;     0,0
27.08.1997 07:00:00   ;     0,0
28.08.1997 07:00:00   ;     1,8
29.08.1997 07:00:00   ;     9,2
30.08.1997 07:00:00   ;     0,7
31.08.1997 07:00:00   ;     0,0
01.09.1997 07:00:00   ;     0,0
02.09.1997 07:00:00   ;     0,0
03.09.1997 07:00:00   ;     0,0
04.09.1997 07:00:00   ;     0,0
05.09.1997 07:00:00   ;     0,0
06.09.1997 07:00:00   ;     6,5
07.09.1997 07:00:00   ;     0,0
08.09.1997 07:00:00   ;     0,0
09.09.1997 07:00:00   ;     0,0
10.09.1997 07:00:00   ;     0,0
11.09.1997 07:00:00   ;     0,0
12.09.1997 07:00:00   ;     0,0
13.09.1997 07:00:00   ;     3,6
14.09.1997 07:00:00   ;     0,0
15.09.1997 07:00:00   ;     0,0
16.09.1997 07:00:00   ;     0,0
17.09.1997 07:00:00   ;     0,0
18.09.1997 07:00:00   ;     0,0
19.09.1997 07:00:00   ;     1,6
20.09.1997 07:00:00   ;     0,0
21.09.1997 07:00:00   ;     0,0
22.09.1997 07:00:00   ;     0,0
23.09.1997 07:00:00   ;     0,0
24.09.1997 07:00:00   ;     0,0
25.09.1997 07:00:00   ;     0,0
26.09.1997 07:00:00   ;     0,0
27.09.1997 07:00:00   ;     0,0
28.09.1997 07:00:00   ;     0,0
29.09.1997 07:00:00   ;     0,0
30.09.1997 07:00:00   ;     0,9
01.10.1997 07:00:00   ;     2,7
02.10.1997 07:00:00   ;     1,5
03.10.1997 07:00:00   ;     0,0
04.10.1997 07:00:00   ;     0,0
05.10.1997 07:00:00   ;     0,0
06.10.1997 07:00:00   ;     0,0
07.10.1997 07:00:00   ;     0,0
08.10.1997 07:00:00   ;     0,9
09.10.1997 07:00:00   ;     0,1
10.10.1997 07:00:00   ;     6,1
11.10.1997 07:00:00   ;     3,2
12.10.1997 07:00:00   ;     2,9
13.10.1997 07:00:00   ;     0,8
14.10.1997 07:00:00   ;     1,1
15.10.1997 07:00:00   ;     0,9
16.10.1997 07:00:00   ;     0,7
17.10.1997 07:00:00   ;     0,0
18.10.1997 07:00:00   ;     0,0
19.10.1997 07:00:00   ;     0,0
20.10.1997 07:00:00   ;     0,4
21.10.1997 07:00:00   ;     0,2
22.10.1997 07:00:00   ;     0,0
23.10.1997 07:00:00   ;     0,0
24.10.1997 07:00:00   ;     0,0
25.10.1997 07:00:00   ;     1,1
26.10.1997 07:00:00   ;     0,0
27.10.1997 07:00:00   ;     0,0
28.10.1997 07:00:00   ;     0,0
29.10.1997 07:00:00   ;     0,0
30.10.1997 07:00:00   ;     0,0
31.10.1997 07:00:00   ;     0,0
01.11.1997 07:00:00   ;     0,0
02.11.1997 07:00:00   ;     0,0
03.11.1997 07:00:00   ;     0,0
04.11.1997 07:00:00   ;     0,0
05.11.1997 07:00:00   ;     0,0
06.11.1997 07:00:00   ;     0,0
07.11.1997 07:00:00   ;     5,2
08.11.1997 07:00:00   ;     4,8
09.11.1997 07:00:00   ;     0,4
10.11.1997 07:00:00   ;     0,0
11.11.1997 07:00:00   ;     0,0
12.11.1997 07:00:00   ;     0,0
13.11.1997 07:00:00   ;    32,5
14.11.1997 07:00:00   ;    12,9
15.11.1997 07:00:00   ;     1,5
16.11.1997 07:00:00   ;     3,4
17.11.1997 07:00:00   ;     3,5
18.11.1997 07:00:00   ;     0,0
19.11.1997 07:00:00   ;     0,0
20.11.1997 07:00:00   ;     0,0
21.11.1997 07:00:00   ;     0,3
22.11.1997 07:00:00   ;     0,0
23.11.1997 07:00:00   ;     8,9
24.11.1997 07:00:00   ;     0,8
25.11.1997 07:00:00   ;     0,0
26.11.1997 07:00:00   ;     0,2
27.11.1997 07:00:00   ;     0,8
28.11.1997 07:00:00   ;     0,9
29.11.1997 07:00:00   ;     2,9
30.11.1997 07:00:00   ;    10,1
01.12.1997 07:00:00   ;     3,8
02.12.1997 07:00:00   ;     5,3
03.12.1997 07:00:00   ;     1,1
04.12.1997 07:00:00   ;     0,2
05.12.1997 07:00:00   ;     0,0
06.12.1997 07:00:00   ;     0,3
07.12.1997 07:00:00   ;     1,4
08.12.1997 07:00:00   ;     0,0
09.12.1997 07:00:00   ;     0,2
10.12.1997 07:00:00   ;     1,6
11.12.1997 07:00:00   ;     8,5
12.12.1997 07:00:00   ;     1,9
13.12.1997 07:00:00   ;     1,5
14.12.1997 07:00:00   ;     1,1
15.12.1997 07:00:00   ;     0,1
16.12.1997 07:00:00   ;     0,0
17.12.1997 07:00:00   ;     0,0
18.12.1997 07:00:00   ;     0,0
19.12.1997 07:00:00   ;     0,0
20.12.1997 07:00:00   ;     1,2
21.12.1997 07:00:00   ;     0,9
22.12.1997 07:00:00   ;     1,1
23.12.1997 07:00:00   ;     0,0
24.12.1997 07:00:00   ;     2,1
25.12.1997 07:00:00   ;     0,9
26.12.1997 07:00:00   ;     0,2
27.12.1997 07:00:00   ;     0,0
28.12.1997 07:00:00   ;     0,0
29.12.1997 07:00:00   ;     0,0
30.12.1997 07:00:00   ;     0,0
31.12.1997 07:00:00   ;     0,0
01.01.1998 07:00:00   ;     0,8
02.01.1998 07:00:00   ;     0,1
03.01.1998 07:00:00   ;     0,4
04.01.1998 07:00:00   ;     0,0
05.01.1998 07:00:00   ;     0,0
06.01.1998 07:00:00   ;     0,0
07.01.1998 07:00:00   ;     1,1
08.01.1998 07:00:00   ;     0,0
09.01.1998 07:00:00   ;     0,0
10.01.1998 07:00:00   ;     0,0
11.01.1998 07:00:00   ;     0,0
12.01.1998 07:00:00   ;     0,0
13.01.1998 07:00:00   ;     0,6
14.01.1998 07:00:00   ;     0,0
15.01.1998 07:00:00   ;     0,0
16.01.1998 07:00:00   ;     0,0
17.01.1998 07:00:00   ;     0,0
18.01.1998 07:00:00   ;     0,0
19.01.1998 07:00:00   ;     0,0
20.01.1998 07:00:00   ;     0,0
21.01.1998 07:00:00   ;     9,7
22.01.1998 07:00:00   ;     2,3
23.01.1998 07:00:00   ;     0,0
24.01.1998 07:00:00   ;     0,0
25.01.1998 07:00:00   ;     0,0
26.01.1998 07:00:00   ;     0,0
27.01.1998 07:00:00   ;     0,0
28.01.1998 07:00:00   ;     8,9
29.01.1998 07:00:00   ;     0,6
30.01.1998 07:00:00   ;     0,0
31.01.1998 07:00:00   ;     0,3
01.02.1998 07:00:00   ;     0,0
02.02.1998 07:00:00   ;     0,0
03.02.1998 07:00:00   ;     0,0
04.02.1998 07:00:00   ;     0,0
05.02.1998 07:00:00   ;     0,0
06.02.1998 07:00:00   ;     0,0
07.02.1998 07:00:00   ;     0,0
08.02.1998 07:00:00   ;     0,0
09.02.1998 07:00:00   ;     0,0
10.02.1998 07:00:00   ;     0,0
11.02.1998 07:00:00   ;     0,0
12.02.1998 07:00:00   ;     0,0
13.02.1998 07:00:00   ;     0,0
14.02.1998 07:00:00   ;     0,0
15.02.1998 07:00:00   ;     0,0
16.02.1998 07:00:00   ;     0,4
17.02.1998 07:00:00   ;     0,2
18.02.1998 07:00:00   ;     0,0
19.02.1998 07:00:00   ;     0,0
20.02.1998 07:00:00   ;     0,0
21.02.1998 07:00:00   ;     0,0
22.02.1998 07:00:00   ;     0,0
23.02.1998 07:00:00   ;     0,0
24.02.1998 07:00:00   ;     4,1
25.02.1998 07:00:00   ;     0,0
26.02.1998 07:00:00   ;     0,0
27.02.1998 07:00:00   ;     0,0
28.02.1998 07:00:00   ;     0,2
01.03.1998 07:00:00   ;     0,8
02.03.1998 07:00:00   ;     0,0
03.03.1998 07:00:00   ;     0,0
04.03.1998 07:00:00   ;     0,0
05.03.1998 07:00:00   ;     3,1
06.03.1998 07:00:00   ;     1,6
07.03.1998 07:00:00   ;     0,0
08.03.1998 07:00:00   ;     0,2
09.03.1998 07:00:00   ;     1,1
10.03.1998 07:00:00   ;     0,2
11.03.1998 07:00:00   ;     0,0
12.03.1998 07:00:00   ;     0,0
13.03.1998 07:00:00   ;     0,0
14.03.1998 07:00:00   ;     0,2
15.03.1998 07:00:00   ;     0,0
16.03.1998 07:00:00   ;     2,9
17.03.1998 07:00:00   ;    20,2
18.03.1998 07:00:00   ;     0,8
19.03.1998 07:00:00   ;     0,0
20.03.1998 07:00:00   ;     2,4
21.03.1998 07:00:00   ;     1,2
22.03.1998 07:00:00   ;     0,3
23.03.1998 07:00:00   ;     0,0
24.03.1998 07:00:00   ;     0,0
25.03.1998 07:00:00   ;     0,0
26.03.1998 07:00:00   ;     0,0
27.03.1998 07:00:00   ;     0,0
28.03.1998 07:00:00   ;     0,0
29.03.1998 07:00:00   ;     0,0
30.03.1998 07:00:00   ;     0,0
31.03.1998 07:00:00   ;     0,0
01.04.1998 07:00:00   ;     1,7
02.04.1998 07:00:00   ;     1,1
03.04.1998 07:00:00   ;     0,0
04.04.1998 07:00:00   ;     0,0
05.04.1998 07:00:00   ;     0,6
06.04.1998 07:00:00   ;     1,7
07.04.1998 07:00:00   ;     0,0
08.04.1998 07:00:00   ;     0,0
09.04.1998 07:00:00   ;     0,0
10.04.1998 07:00:00   ;     0,0
11.04.1998 07:00:00   ;     0,0
12.04.1998 07:00:00   ;    20,3
13.04.1998 07:00:00   ;     0,0
14.04.1998 07:00:00   ;     0,0
15.04.1998 07:00:00   ;     0,0
16.04.1998 07:00:00   ;     1,7
17.04.1998 07:00:00   ;     0,0
18.04.1998 07:00:00   ;     0,2
19.04.1998 07:00:00   ;     0,0
20.04.1998 07:00:00   ;     0,0
21.04.1998 07:00:00   ;     0,0
22.04.1998 07:00:00   ;     1,5
23.04.1998 07:00:00   ;     0,0
24.04.1998 07:00:00   ;     2,4
25.04.1998 07:00:00   ;     0,0
26.04.1998 07:00:00   ;     0,0
27.04.1998 07:00:00   ;     0,0
28.04.1998 07:00:00   ;     0,0
29.04.1998 07:00:00   ;     0,2
30.04.1998 07:00:00   ;     0,0
01.05.1998 07:00:00   ;     0,0
02.05.1998 07:00:00   ;     1,8
03.05.1998 07:00:00   ;     0,0
04.05.1998 07:00:00   ;     0,0
05.05.1998 07:00:00   ;     0,0
06.05.1998 07:00:00   ;     0,0
07.05.1998 07:00:00   ;     0,0
08.05.1998 07:00:00   ;     0,0
09.05.1998 07:00:00   ;     0,0
10.05.1998 07:00:00   ;     0,0
11.05.1998 07:00:00   ;     0,0
12.05.1998 07:00:00   ;     0,0
13.05.1998 07:00:00   ;     0,0
14.05.1998 07:00:00   ;     0,0
15.05.1998 07:00:00   ;     0,0
16.05.1998 07:00:00   ;     2,5
17.05.1998 07:00:00   ;    15,2
18.05.1998 07:00:00   ;     4,6
19.05.1998 07:00:00   ;     0,2
20.05.1998 07:00:00   ;     0,0
21.05.1998 07:00:00   ;     2,6
22.05.1998 07:00:00   ;     0,0
23.05.1998 07:00:00   ;     0,0
24.05.1998 07:00:00   ;     0,0
25.05.1998 07:00:00   ;     0,3
26.05.1998 07:00:00   ;     0,2
27.05.1998 07:00:00   ;     0,0
28.05.1998 07:00:00   ;     0,0
29.05.1998 07:00:00   ;     0,0
30.05.1998 07:00:00   ;     6,1
31.05.1998 07:00:00   ;     0,0
01.06.1998 07:00:00   ;     1,4
02.06.1998 07:00:00   ;     0,0
03.06.1998 07:00:00   ;     9,1
04.06.1998 07:00:00   ;     0,0
05.06.1998 07:00:00   ;     0,0
06.06.1998 07:00:00   ;     0,0
07.06.1998 07:00:00   ;     0,0
08.06.1998 07:00:00   ;     2,1
09.06.1998 07:00:00   ;     0,0
10.06.1998 07:00:00   ;     0,0
11.06.1998 07:00:00   ;     5,3
12.06.1998 07:00:00   ;    27,5
13.06.1998 07:00:00   ;    26,5
14.06.1998 07:00:00   ;     1,2
15.06.1998 07:00:00   ;     2,3
16.06.1998 07:00:00   ;     0,2
17.06.1998 07:00:00   ;     2,4
18.06.1998 07:00:00   ;     0,0
19.06.1998 07:00:00   ;     0,0
20.06.1998 07:00:00   ;     0,0
21.06.1998 07:00:00   ;     0,0
22.06.1998 07:00:00   ;    22,3
23.06.1998 07:00:00   ;     0,0
24.06.1998 07:00:00   ;     0,0
25.06.1998 07:00:00   ;     0,0
26.06.1998 07:00:00   ;     0,0
27.06.1998 07:00:00   ;     1,1
28.06.1998 07:00:00   ;     0,0
29.06.1998 07:00:00   ;     0,0
30.06.1998 07:00:00   ;     2,7
01.07.1998 07:00:00   ;     2,4
02.07.1998 07:00:00   ;     8,2
03.07.1998 07:00:00   ;     0,0
04.07.1998 07:00:00   ;     2,3
05.07.1998 07:00:00   ;     5,2
06.07.1998 07:00:00   ;     0,2
07.07.1998 07:00:00   ;     7,7
08.07.1998 07:00:00   ;     9,1
09.07.1998 07:00:00   ;     2,5
10.07.1998 07:00:00   ;     0,0
11.07.1998 07:00:00   ;     0,2
12.07.1998 07:00:00   ;     1,1
13.07.1998 07:00:00   ;     0,9
14.07.1998 07:00:00   ;     1,8
15.07.1998 07:00:00   ;     0,0
16.07.1998 07:00:00   ;     4,6
17.07.1998 07:00:00   ;     0,0
18.07.1998 07:00:00   ;     4,6
19.07.1998 07:00:00   ;     0,0
20.07.1998 07:00:00   ;     0,0
21.07.1998 07:00:00   ;     0,0
22.07.1998 07:00:00   ;     0,0
23.07.1998 07:00:00   ;     0,0
24.07.1998 07:00:00   ;    10,6
25.07.1998 07:00:00   ;     4,1
26.07.1998 07:00:00   ;     0,0
27.07.1998 07:00:00   ;     8,3
28.07.1998 07:00:00   ;     0,8
29.07.1998 07:00:00   ;     1,5
30.07.1998 07:00:00   ;     2,5
31.07.1998 07:00:00   ;     4,8
01.08.1998 07:00:00   ;     0,0
02.08.1998 07:00:00   ;     0,0
03.08.1998 07:00:00   ;     0,0
04.08.1998 07:00:00   ;     0,6
05.08.1998 07:00:00   ;     0,0
06.08.1998 07:00:00   ;     0,0
07.08.1998 07:00:00   ;     0,0
08.08.1998 07:00:00   ;     0,0
09.08.1998 07:00:00   ;     0,0
10.08.1998 07:00:00   ;     0,0
11.08.1998 07:00:00   ;     0,0
12.08.1998 07:00:00   ;     0,6
13.08.1998 07:00:00   ;    22,3
14.08.1998 07:00:00   ;     0,0
15.08.1998 07:00:00   ;     0,0
16.08.1998 07:00:00   ;     0,0
17.08.1998 07:00:00   ;     0,0
18.08.1998 07:00:00   ;     0,0
19.08.1998 07:00:00   ;     0,0
20.08.1998 07:00:00   ;     0,0
21.08.1998 07:00:00   ;     4,2
22.08.1998 07:00:00   ;     6,6
23.08.1998 07:00:00   ;     0,0
24.08.1998 07:00:00   ;     0,0
25.08.1998 07:00:00   ;     0,0
26.08.1998 07:00:00   ;     0,0
27.08.1998 07:00:00   ;     0,2
28.08.1998 07:00:00   ;     0,0
29.08.1998 07:00:00   ;     0,0
30.08.1998 07:00:00   ;     0,0
31.08.1998 07:00:00   ;     0,2
01.09.1998 07:00:00   ;     0,0
02.09.1998 07:00:00   ;     3,9
03.09.1998 07:00:00   ;    15,2
04.09.1998 07:00:00   ;     0,0
05.09.1998 07:00:00   ;    39,6
06.09.1998 07:00:00   ;     2,6
07.09.1998 07:00:00   ;     0,0
08.09.1998 07:00:00   ;     2,1
09.09.1998 07:00:00   ;     0,0
10.09.1998 07:00:00   ;     0,0
11.09.1998 07:00:00   ;     0,0
12.09.1998 07:00:00   ;    32,9
13.09.1998 07:00:00   ;     4,7
14.09.1998 07:00:00   ;     0,0
15.09.1998 07:00:00   ;     4,0
16.09.1998 07:00:00   ;     1,3
17.09.1998 07:00:00   ;     0,7
18.09.1998 07:00:00   ;     0,0
19.09.1998 07:00:00   ;     0,0
20.09.1998 07:00:00   ;     0,0
21.09.1998 07:00:00   ;     0,0
22.09.1998 07:00:00   ;     0,0
23.09.1998 07:00:00   ;     0,0
24.09.1998 07:00:00   ;     0,0
25.09.1998 07:00:00   ;     0,0
26.09.1998 07:00:00   ;     0,0
27.09.1998 07:00:00   ;     0,8
28.09.1998 07:00:00   ;     0,3
29.09.1998 07:00:00   ;     0,2
30.09.1998 07:00:00   ;     0,0
01.10.1998 07:00:00   ;     2,7
02.10.1998 07:00:00   ;     1,2
03.10.1998 07:00:00   ;     0,0
04.10.1998 07:00:00   ;     0,0
05.10.1998 07:00:00   ;     9,8
06.10.1998 07:00:00   ;     6,8
07.10.1998 07:00:00   ;     1,1
08.10.1998 07:00:00   ;     4,3
09.10.1998 07:00:00   ;     0,0
10.10.1998 07:00:00   ;     0,0
11.10.1998 07:00:00   ;     2,4
12.10.1998 07:00:00   ;     0,2
13.10.1998 07:00:00   ;     1,8
14.10.1998 07:00:00   ;     6,4
15.10.1998 07:00:00   ;     1,2
16.10.1998 07:00:00   ;     0,0
17.10.1998 07:00:00   ;     0,3
18.10.1998 07:00:00   ;     0,6
19.10.1998 07:00:00   ;     8,9
20.10.1998 07:00:00   ;     0,3
21.10.1998 07:00:00   ;     0,0
22.10.1998 07:00:00   ;     0,0
23.10.1998 07:00:00   ;     0,0
24.10.1998 07:00:00   ;     0,0
25.10.1998 07:00:00   ;     3,2
26.10.1998 07:00:00   ;     3,4
27.10.1998 07:00:00   ;     0,6
28.10.1998 07:00:00   ;    15,1
29.10.1998 07:00:00   ;     5,6
30.10.1998 07:00:00   ;     1,2
31.10.1998 07:00:00   ;     2,8
01.11.1998 07:00:00   ;     1,8
02.11.1998 07:00:00   ;     0,0
03.11.1998 07:00:00   ;     0,0
04.11.1998 07:00:00   ;     0,9
05.11.1998 07:00:00   ;     0,0
06.11.1998 07:00:00   ;     0,0
07.11.1998 07:00:00   ;     0,0
08.11.1998 07:00:00   ;     0,2
09.11.1998 07:00:00   ;     5,7
10.11.1998 07:00:00   ;    12,8
11.11.1998 07:00:00   ;     0,3
12.11.1998 07:00:00   ;     0,0
13.11.1998 07:00:00   ;     0,0
14.11.1998 07:00:00   ;     0,0
15.11.1998 07:00:00   ;     0,0
16.11.1998 07:00:00   ;     0,0
17.11.1998 07:00:00   ;     0,0
18.11.1998 07:00:00   ;     0,0
19.11.1998 07:00:00   ;     0,2
20.11.1998 07:00:00   ;     1,5
21.11.1998 07:00:00   ;     0,0
22.11.1998 07:00:00   ;     0,0
23.11.1998 07:00:00   ;     0,9
24.11.1998 07:00:00   ;     0,0
25.11.1998 07:00:00   ;     0,0
26.11.1998 07:00:00   ;     0,5
27.11.1998 07:00:00   ;     0,0
28.11.1998 07:00:00   ;     0,0
29.11.1998 07:00:00   ;     0,0
30.11.1998 07:00:00   ;     0,0
01.12.1998 07:00:00   ;     0,0
02.12.1998 07:00:00   ;     0,0
03.12.1998 07:00:00   ;     0,0
04.12.1998 07:00:00   ;     4,8
05.12.1998 07:00:00   ;     0,2
06.12.1998 07:00:00   ;     0,0
07.12.1998 07:00:00   ;     0,0
08.12.1998 07:00:00   ;     3,9
09.12.1998 07:00:00   ;     0,0
10.12.1998 07:00:00   ;     0,0
11.12.1998 07:00:00   ;     0,0
12.12.1998 07:00:00   ;     2,3
13.12.1998 07:00:00   ;     0,0
14.12.1998 07:00:00   ;     9,3
15.12.1998 07:00:00   ;     0,2
16.12.1998 07:00:00   ;     0,0
17.12.1998 07:00:00   ;     0,0
18.12.1998 07:00:00   ;     0,0
19.12.1998 07:00:00   ;     0,0
20.12.1998 07:00:00   ;     0,0
21.12.1998 07:00:00   ;     0,3
22.12.1998 07:00:00   ;     0,1
23.12.1998 07:00:00   ;     0,0
24.12.1998 07:00:00   ;     0,0
25.12.1998 07:00:00   ;     0,0
26.12.1998 07:00:00   ;     0,0
27.12.1998 07:00:00   ;     0,0
28.12.1998 07:00:00   ;     0,0
29.12.1998 07:00:00   ;     0,0
30.12.1998 07:00:00   ;     0,0
31.12.1998 07:00:00   ;     0,0
01.01.1999 07:00:00   ;     0,0
02.01.1999 07:00:00   ;     0,0
03.01.1999 07:00:00   ;     0,8
04.01.1999 07:00:00   ;     1,3
05.01.1999 07:00:00   ;     0,0
06.01.1999 07:00:00   ;     0,3
07.01.1999 07:00:00   ;     1,6
08.01.1999 07:00:00   ;     2,1
09.01.1999 07:00:00   ;     1,1
10.01.1999 07:00:00   ;     0,0
11.01.1999 07:00:00   ;     0,0
12.01.1999 07:00:00   ;     0,0
13.01.1999 07:00:00   ;     0,0
14.01.1999 07:00:00   ;     0,0
15.01.1999 07:00:00   ;     0,0
16.01.1999 07:00:00   ;     0,0
17.01.1999 07:00:00   ;     0,0
18.01.1999 07:00:00   ;     0,0
19.01.1999 07:00:00   ;     0,0
20.01.1999 07:00:00   ;     0,0
21.01.1999 07:00:00   ;     0,0
22.01.1999 07:00:00   ;     0,0
23.01.1999 07:00:00   ;     0,0
24.01.1999 07:00:00   ;     0,0
25.01.1999 07:00:00   ;     0,0
26.01.1999 07:00:00   ;     2,6
27.01.1999 07:00:00   ;     0,0
28.01.1999 07:00:00   ;     3,3
29.01.1999 07:00:00   ;     0,0
30.01.1999 07:00:00   ;     0,0
31.01.1999 07:00:00   ;     0,0
01.02.1999 07:00:00   ;     5,8
02.02.1999 07:00:00   ;     1,1
03.02.1999 07:00:00   ;    12,8
04.02.1999 07:00:00   ;     0,6
05.02.1999 07:00:00   ;     5,8
06.02.1999 07:00:00   ;     0,0
07.02.1999 07:00:00   ;     1,9
08.02.1999 07:00:00   ;     0,0
09.02.1999 07:00:00   ;     0,0
10.02.1999 07:00:00   ;     0,0
11.02.1999 07:00:00   ;     4,6
12.02.1999 07:00:00   ;     4,7
13.02.1999 07:00:00   ;     4,9
14.02.1999 07:00:00   ;     0,4
15.02.1999 07:00:00   ;     0,0
16.02.1999 07:00:00   ;     0,5
17.02.1999 07:00:00   ;     0,0
18.02.1999 07:00:00   ;     0,2
19.02.1999 07:00:00   ;     7,3
20.02.1999 07:00:00   ;     4,4
21.02.1999 07:00:00   ;     0,2
22.02.1999 07:00:00   ;     0,0
23.02.1999 07:00:00   ;     2,4
24.02.1999 07:00:00   ;     0,0
25.02.1999 07:00:00   ;     0,0
26.02.1999 07:00:00   ;     0,0
27.02.1999 07:00:00   ;     0,0
28.02.1999 07:00:00   ;     0,0
01.03.1999 07:00:00   ;     0,0
02.03.1999 07:00:00   ;     0,2
03.03.1999 07:00:00   ;     0,0
04.03.1999 07:00:00   ;     0,0
05.03.1999 07:00:00   ;     3,7
06.03.1999 07:00:00   ;     1,8
07.03.1999 07:00:00   ;    11,1
08.03.1999 07:00:00   ;     0,0
09.03.1999 07:00:00   ;     1,8
10.03.1999 07:00:00   ;     0,2
11.03.1999 07:00:00   ;     0,0
12.03.1999 07:00:00   ;     0,0
13.03.1999 07:00:00   ;     0,0
14.03.1999 07:00:00   ;     0,0
15.03.1999 07:00:00   ;     0,0
16.03.1999 07:00:00   ;     0,7
17.03.1999 07:00:00   ;     0,0
18.03.1999 07:00:00   ;     0,0
19.03.1999 07:00:00   ;     0,0
20.03.1999 07:00:00   ;     0,0
21.03.1999 07:00:00   ;     0,8
22.03.1999 07:00:00   ;     0,0
23.03.1999 07:00:00   ;     0,0
24.03.1999 07:00:00   ;     0,0
25.03.1999 07:00:00   ;     0,0
26.03.1999 07:00:00   ;     0,0
27.03.1999 07:00:00   ;     0,0
28.03.1999 07:00:00   ;     1,2
29.03.1999 07:00:00   ;     2,3
30.03.1999 07:00:00   ;     0,0
31.03.1999 07:00:00   ;     0,0
01.04.1999 07:00:00   ;     0,0
02.04.1999 07:00:00   ;     0,0
03.04.1999 07:00:00   ;     0,0
04.04.1999 07:00:00   ;     0,0
05.04.1999 07:00:00   ;     0,0
06.04.1999 07:00:00   ;     0,5
07.04.1999 07:00:00   ;     0,7
08.04.1999 07:00:00   ;     0,0
09.04.1999 07:00:00   ;     0,0
10.04.1999 07:00:00   ;     0,2
11.04.1999 07:00:00   ;     4,1
12.04.1999 07:00:00   ;     1,9
13.04.1999 07:00:00   ;     7,4
14.04.1999 07:00:00   ;     0,0
15.04.1999 07:00:00   ;     0,0
16.04.1999 07:00:00   ;     5,8
17.04.1999 07:00:00   ;     8,3
18.04.1999 07:00:00   ;     0,0
19.04.1999 07:00:00   ;     0,0
20.04.1999 07:00:00   ;     0,0
21.04.1999 07:00:00   ;     7,5
22.04.1999 07:00:00   ;     1,8
23.04.1999 07:00:00   ;     0,0
24.04.1999 07:00:00   ;     0,0
25.04.1999 07:00:00   ;     1,4
26.04.1999 07:00:00   ;     0,0
27.04.1999 07:00:00   ;     0,0
28.04.1999 07:00:00   ;     0,0
29.04.1999 07:00:00   ;     0,0
30.04.1999 07:00:00   ;     0,0
01.05.1999 07:00:00   ;     0,0
02.05.1999 07:00:00   ;     0,0
03.05.1999 07:00:00   ;     0,0
04.05.1999 07:00:00   ;     8,2
05.05.1999 07:00:00   ;     0,6
06.05.1999 07:00:00   ;     0,0
07.05.1999 07:00:00   ;     0,0
08.05.1999 07:00:00   ;    11,7
09.05.1999 07:00:00   ;     0,0
10.05.1999 07:00:00   ;     0,0
11.05.1999 07:00:00   ;     3,2
12.05.1999 07:00:00   ;     1,8
13.05.1999 07:00:00   ;     0,9
14.05.1999 07:00:00   ;     4,9
15.05.1999 07:00:00   ;     0,2
16.05.1999 07:00:00   ;     0,0
17.05.1999 07:00:00   ;     0,0
18.05.1999 07:00:00   ;     0,0
19.05.1999 07:00:00   ;     0,0
20.05.1999 07:00:00   ;    22,7
21.05.1999 07:00:00   ;     0,2
22.05.1999 07:00:00   ;     4,3
23.05.1999 07:00:00   ;     0,0
24.05.1999 07:00:00   ;     0,0
25.05.1999 07:00:00   ;     0,0
26.05.1999 07:00:00   ;     0,0
27.05.1999 07:00:00   ;     0,0
28.05.1999 07:00:00   ;     0,0
29.05.1999 07:00:00   ;     0,2
30.05.1999 07:00:00   ;     0,0
31.05.1999 07:00:00   ;     0,0
01.06.1999 07:00:00   ;     0,0
02.06.1999 07:00:00   ;     0,0
03.06.1999 07:00:00   ;     0,0
04.06.1999 07:00:00   ;     0,0
05.06.1999 07:00:00   ;     0,0
06.06.1999 07:00:00   ;     0,0
07.06.1999 07:00:00   ;     0,0
08.06.1999 07:00:00   ;     3,8
09.06.1999 07:00:00   ;     0,0
10.06.1999 07:00:00   ;     0,0
11.06.1999 07:00:00   ;    14,6
12.06.1999 07:00:00   ;     0,8
13.06.1999 07:00:00   ;     0,0
14.06.1999 07:00:00   ;     0,0
15.06.1999 07:00:00   ;     4,1
16.06.1999 07:00:00   ;     1,8
17.06.1999 07:00:00   ;     0,0
18.06.1999 07:00:00   ;     0,0
19.06.1999 07:00:00   ;     0,2
20.06.1999 07:00:00   ;     0,0
21.06.1999 07:00:00   ;    25,2
22.06.1999 07:00:00   ;     7,5
23.06.1999 07:00:00   ;     0,0
24.06.1999 07:00:00   ;     0,0
25.06.1999 07:00:00   ;     0,0
26.06.1999 07:00:00   ;     0,0
27.06.1999 07:00:00   ;     0,0
28.06.1999 07:00:00   ;     2,1
29.06.1999 07:00:00   ;     0,0
30.06.1999 07:00:00   ;     1,9
01.07.1999 07:00:00   ;     0,0
02.07.1999 07:00:00   ;     2,9
03.07.1999 07:00:00   ;     0,0
04.07.1999 07:00:00   ;     0,0
05.07.1999 07:00:00   ;     0,0
06.07.1999 07:00:00   ;     0,0
07.07.1999 07:00:00   ;    13,1
08.07.1999 07:00:00   ;     7,1
09.07.1999 07:00:00   ;    17,8
10.07.1999 07:00:00   ;    11,5
11.07.1999 07:00:00   ;    19,7
12.07.1999 07:00:00   ;     0,2
13.07.1999 07:00:00   ;     0,5
14.07.1999 07:00:00   ;     0,0
15.07.1999 07:00:00   ;     0,0
16.07.1999 07:00:00   ;     0,0
17.07.1999 07:00:00   ;     0,0
18.07.1999 07:00:00   ;     0,0
19.07.1999 07:00:00   ;     0,0
20.07.1999 07:00:00   ;     0,0
21.07.1999 07:00:00   ;     0,0
22.07.1999 07:00:00   ;    17,7
23.07.1999 07:00:00   ;     0,7
24.07.1999 07:00:00   ;     0,0
25.07.1999 07:00:00   ;     0,0
26.07.1999 07:00:00   ;     0,0
27.07.1999 07:00:00   ;     0,0
28.07.1999 07:00:00   ;     0,0
29.07.1999 07:00:00   ;     0,0
30.07.1999 07:00:00   ;     0,0
31.07.1999 07:00:00   ;     0,0
01.08.1999 07:00:00   ;     0,0
02.08.1999 07:00:00   ;     0,0
03.08.1999 07:00:00   ;     0,0
04.08.1999 07:00:00   ;     0,0
05.08.1999 07:00:00   ;     0,0
06.08.1999 07:00:00   ;     0,0
07.08.1999 07:00:00   ;     0,0
08.08.1999 07:00:00   ;     0,0
09.08.1999 07:00:00   ;    13,6
10.08.1999 07:00:00   ;     3,3
11.08.1999 07:00:00   ;     2,6
12.08.1999 07:00:00   ;     0,0
13.08.1999 07:00:00   ;     0,0
14.08.1999 07:00:00   ;     0,8
15.08.1999 07:00:00   ;     0,6
16.08.1999 07:00:00   ;     7,4
17.08.1999 07:00:00   ;     0,8
18.08.1999 07:00:00   ;     0,0
19.08.1999 07:00:00   ;     3,2
20.08.1999 07:00:00   ;     2,0
21.08.1999 07:00:00   ;     0,0
22.08.1999 07:00:00   ;     0,0
23.08.1999 07:00:00   ;     0,0
24.08.1999 07:00:00   ;     0,0
25.08.1999 07:00:00   ;     0,0
26.08.1999 07:00:00   ;     0,0
27.08.1999 07:00:00   ;     0,8
28.08.1999 07:00:00   ;     0,6
29.08.1999 07:00:00   ;     3,9
30.08.1999 07:00:00   ;     0,0
31.08.1999 07:00:00   ;     0,4
01.09.1999 07:00:00   ;     2,1
02.09.1999 07:00:00   ;    15,9
03.09.1999 07:00:00   ;     0,0
04.09.1999 07:00:00   ;     0,0
05.09.1999 07:00:00   ;     0,0
06.09.1999 07:00:00   ;     0,0
07.09.1999 07:00:00   ;     2,7
08.09.1999 07:00:00   ;     0,0
09.09.1999 07:00:00   ;     0,0
10.09.1999 07:00:00   ;     0,0
11.09.1999 07:00:00   ;     0,0
12.09.1999 07:00:00   ;     0,0
13.09.1999 07:00:00   ;     0,0
14.09.1999 07:00:00   ;     0,0
15.09.1999 07:00:00   ;     0,0
16.09.1999 07:00:00   ;     0,0
17.09.1999 07:00:00   ;     0,0
18.09.1999 07:00:00   ;     0,0
19.09.1999 07:00:00   ;     0,1
20.09.1999 07:00:00   ;     0,2
21.09.1999 07:00:00   ;     8,8
22.09.1999 07:00:00   ;     0,0
23.09.1999 07:00:00   ;     0,0
24.09.1999 07:00:00   ;     0,0
25.09.1999 07:00:00   ;     0,0
26.09.1999 07:00:00   ;     7,4
27.09.1999 07:00:00   ;     0,0
28.09.1999 07:00:00   ;     0,2
29.09.1999 07:00:00   ;     0,0
30.09.1999 07:00:00   ;     0,5
01.10.1999 07:00:00   ;     0,0
02.10.1999 07:00:00   ;     0,0
03.10.1999 07:00:00   ;     2,5
04.10.1999 07:00:00   ;     2,9
05.10.1999 07:00:00   ;     1,3
06.10.1999 07:00:00   ;     6,4
07.10.1999 07:00:00   ;     0,3
08.10.1999 07:00:00   ;     0,7
09.10.1999 07:00:00   ;     1,2
10.10.1999 07:00:00   ;     0,0
11.10.1999 07:00:00   ;     0,0
12.10.1999 07:00:00   ;     0,0
13.10.1999 07:00:00   ;     0,0
14.10.1999 07:00:00   ;     0,0
15.10.1999 07:00:00   ;     0,0
16.10.1999 07:00:00   ;     0,0
17.10.1999 07:00:00   ;     0,0
18.10.1999 07:00:00   ;     0,0
19.10.1999 07:00:00   ;     0,0
20.10.1999 07:00:00   ;     0,0
21.10.1999 07:00:00   ;     0,0
22.10.1999 07:00:00   ;     0,2
23.10.1999 07:00:00   ;     2,5
24.10.1999 07:00:00   ;     0,6
25.10.1999 07:00:00   ;     0,0
26.10.1999 07:00:00   ;     0,0
27.10.1999 07:00:00   ;     0,0
28.10.1999 07:00:00   ;     0,0
29.10.1999 07:00:00   ;     0,0
30.10.1999 07:00:00   ;     0,2
31.10.1999 07:00:00   ;     0,2
01.11.1999 07:00:00   ;     0,0
02.11.1999 07:00:00   ;     0,0
03.11.1999 07:00:00   ;     2,7
04.11.1999 07:00:00   ;     0,0
05.11.1999 07:00:00   ;     0,0
06.11.1999 07:00:00   ;     0,2
07.11.1999 07:00:00   ;     7,5
08.11.1999 07:00:00   ;     2,9
09.11.1999 07:00:00   ;    16,1
10.11.1999 07:00:00   ;     4,8
11.11.1999 07:00:00   ;     0,0
12.11.1999 07:00:00   ;     0,0
13.11.1999 07:00:00   ;     0,0
14.11.1999 07:00:00   ;     8,0
15.11.1999 07:00:00   ;     0,0
16.11.1999 07:00:00   ;     0,0
17.11.1999 07:00:00   ;     1,3
18.11.1999 07:00:00   ;     0,0
19.11.1999 07:00:00   ;     2,7
20.11.1999 07:00:00   ;     0,0
21.11.1999 07:00:00   ;     0,2
22.11.1999 07:00:00   ;     0,0
23.11.1999 07:00:00   ;     1,3
24.11.1999 07:00:00   ;     6,5
25.11.1999 07:00:00   ;     0,0
26.11.1999 07:00:00   ;     0,0
27.11.1999 07:00:00   ;     0,2
28.11.1999 07:00:00   ;     0,0
29.11.1999 07:00:00   ;     0,2
30.11.1999 07:00:00   ;     0,0
01.12.1999 07:00:00   ;     0,0
02.12.1999 07:00:00   ;     0,1
03.12.1999 07:00:00   ;     0,0
04.12.1999 07:00:00   ;     1,3
05.12.1999 07:00:00   ;     0,0
06.12.1999 07:00:00   ;     0,0
07.12.1999 07:00:00   ;     0,0
08.12.1999 07:00:00   ;     0,0
09.12.1999 07:00:00   ;     0,2
10.12.1999 07:00:00   ;     4,7
11.12.1999 07:00:00   ;     1,6
12.12.1999 07:00:00   ;     0,8
13.12.1999 07:00:00   ;     0,0
14.12.1999 07:00:00   ;     0,2
15.12.1999 07:00:00   ;     0,0
16.12.1999 07:00:00   ;     0,0
17.12.1999 07:00:00   ;     0,0
18.12.1999 07:00:00   ;     8,9
19.12.1999 07:00:00   ;     2,2
20.12.1999 07:00:00   ;     0,0
21.12.1999 07:00:00   ;     0,3
22.12.1999 07:00:00   ;     0,0
23.12.1999 07:00:00   ;     0,0
24.12.1999 07:00:00   ;     0,0
25.12.1999 07:00:00   ;     1,9
26.12.1999 07:00:00   ;     0,3
27.12.1999 07:00:00   ;     3,1
28.12.1999 07:00:00   ;    20,1
29.12.1999 07:00:00   ;     0,5
30.12.1999 07:00:00   ;     0,4
31.12.1999 07:00:00   ;     0,0
01.01.2000 07:00:00   ;     5,4
02.01.2000 07:00:00   ;     0,3
03.01.2000 07:00:00   ;     0,0
04.01.2000 07:00:00   ;     0,0
05.01.2000 07:00:00   ;     0,0
06.01.2000 07:00:00   ;     0,0
07.01.2000 07:00:00   ;     0,0
08.01.2000 07:00:00   ;     0,2
09.01.2000 07:00:00   ;     0,0
10.01.2000 07:00:00   ;     0,0
11.01.2000 07:00:00   ;     0,0
12.01.2000 07:00:00   ;     0,0
13.01.2000 07:00:00   ;     0,0
14.01.2000 07:00:00   ;     0,0
15.01.2000 07:00:00   ;     0,0
16.01.2000 07:00:00   ;     0,0
17.01.2000 07:00:00   ;     0,0
18.01.2000 07:00:00   ;     4,4
19.01.2000 07:00:00   ;     0,0
20.01.2000 07:00:00   ;     0,0
21.01.2000 07:00:00   ;     4,1
22.01.2000 07:00:00   ;     1,2
23.01.2000 07:00:00   ;     1,3
24.01.2000 07:00:00   ;     0,5
25.01.2000 07:00:00   ;     0,0
26.01.2000 07:00:00   ;     0,0
27.01.2000 07:00:00   ;     0,0
28.01.2000 07:00:00   ;     0,0
29.01.2000 07:00:00   ;     1,6
30.01.2000 07:00:00   ;     2,7
31.01.2000 07:00:00   ;     0,0
01.02.2000 07:00:00   ;     0,0
02.02.2000 07:00:00   ;     0,0
03.02.2000 07:00:00   ;     0,0
04.02.2000 07:00:00   ;     0,0
05.02.2000 07:00:00   ;     0,0
06.02.2000 07:00:00   ;     0,0
07.02.2000 07:00:00   ;     0,5
08.02.2000 07:00:00   ;     1,3
09.02.2000 07:00:00   ;     0,0
10.02.2000 07:00:00   ;     0,0
11.02.2000 07:00:00   ;     0,0
12.02.2000 07:00:00   ;     0,0
13.02.2000 07:00:00   ;     1,1
14.02.2000 07:00:00   ;     0,0
15.02.2000 07:00:00   ;     0,0
16.02.2000 07:00:00   ;     0,0
17.02.2000 07:00:00   ;     0,0
18.02.2000 07:00:00   ;     0,4
19.02.2000 07:00:00   ;     5,9
20.02.2000 07:00:00   ;     4,2
21.02.2000 07:00:00   ;     0,0
22.02.2000 07:00:00   ;     3,2
23.02.2000 07:00:00   ;     2,3
24.02.2000 07:00:00   ;     3,5
25.02.2000 07:00:00   ;     0,2
26.02.2000 07:00:00   ;     0,0
27.02.2000 07:00:00   ;     0,0
28.02.2000 07:00:00   ;     0,0
29.02.2000 07:00:00   ;     0,0
01.03.2000 07:00:00   ;     6,3
02.03.2000 07:00:00   ;     0,0
03.03.2000 07:00:00   ;     0,0
04.03.2000 07:00:00   ;     0,0
05.03.2000 07:00:00   ;     0,5
06.03.2000 07:00:00   ;     0,0
07.03.2000 07:00:00   ;     0,0
08.03.2000 07:00:00   ;     0,0
09.03.2000 07:00:00   ;     8,0
10.03.2000 07:00:00   ;     2,2
11.03.2000 07:00:00   ;     3,2
12.03.2000 07:00:00   ;     0,0
13.03.2000 07:00:00   ;     0,5
14.03.2000 07:00:00   ;     0,7
15.03.2000 07:00:00   ;     1,9
16.03.2000 07:00:00   ;     6,5
17.03.2000 07:00:00   ;     0,9
18.03.2000 07:00:00   ;     0,0
19.03.2000 07:00:00   ;     2,6
20.03.2000 07:00:00   ;     0,3
21.03.2000 07:00:00   ;     0,0
22.03.2000 07:00:00   ;     0,0
23.03.2000 07:00:00   ;     0,0
24.03.2000 07:00:00   ;     1,5
25.03.2000 07:00:00   ;     1,9
26.03.2000 07:00:00   ;     0,0
27.03.2000 07:00:00   ;     8,8
28.03.2000 07:00:00   ;     0,0
29.03.2000 07:00:00   ;    19,3
30.03.2000 07:00:00   ;     1,8
31.03.2000 07:00:00   ;     0,0
01.04.2000 07:00:00   ;     1,1
02.04.2000 07:00:00   ;     0,0
03.04.2000 07:00:00   ;     0,0
04.04.2000 07:00:00   ;     0,0
05.04.2000 07:00:00   ;     1,2
06.04.2000 07:00:00   ;     0,0
07.04.2000 07:00:00   ;     0,2
08.04.2000 07:00:00   ;     0,0
09.04.2000 07:00:00   ;     0,0
10.04.2000 07:00:00   ;     0,0
11.04.2000 07:00:00   ;     0,0
12.04.2000 07:00:00   ;     0,0
13.04.2000 07:00:00   ;     0,0
14.04.2000 07:00:00   ;     0,0
15.04.2000 07:00:00   ;     2,1
16.04.2000 07:00:00   ;     0,0
17.04.2000 07:00:00   ;     0,0
18.04.2000 07:00:00   ;     0,0
19.04.2000 07:00:00   ;     0,0
20.04.2000 07:00:00   ;     0,0
21.04.2000 07:00:00   ;     0,0
22.04.2000 07:00:00   ;     0,0
23.04.2000 07:00:00   ;     0,0
24.04.2000 07:00:00   ;     0,0
25.04.2000 07:00:00   ;     0,1
26.04.2000 07:00:00   ;     0,0
27.04.2000 07:00:00   ;     0,0
28.04.2000 07:00:00   ;     0,0
29.04.2000 07:00:00   ;     0,0
30.04.2000 07:00:00   ;     0,0
01.05.2000 07:00:00   ;     1,9
02.05.2000 07:00:00   ;     0,0
03.05.2000 07:00:00   ;     0,0
04.05.2000 07:00:00   ;     0,0
05.05.2000 07:00:00   ;     0,0
06.05.2000 07:00:00   ;     0,0
07.05.2000 07:00:00   ;     0,0
08.05.2000 07:00:00   ;     0,5
09.05.2000 07:00:00   ;     0,0
10.05.2000 07:00:00   ;     0,0
11.05.2000 07:00:00   ;     0,0
12.05.2000 07:00:00   ;     0,0
13.05.2000 07:00:00   ;     0,0
14.05.2000 07:00:00   ;     0,0
15.05.2000 07:00:00   ;     0,0
16.05.2000 07:00:00   ;     0,0
17.05.2000 07:00:00   ;     0,0
18.05.2000 07:00:00   ;    15,2
19.05.2000 07:00:00   ;     1,2
20.05.2000 07:00:00   ;     3,4
21.05.2000 07:00:00   ;     0,0
22.05.2000 07:00:00   ;     6,5
23.05.2000 07:00:00   ;     1,4
24.05.2000 07:00:00   ;     0,0
25.05.2000 07:00:00   ;     0,0
26.05.2000 07:00:00   ;     0,0
27.05.2000 07:00:00   ;     0,0
28.05.2000 07:00:00   ;     1,9
29.05.2000 07:00:00   ;     1,2
30.05.2000 07:00:00   ;     0,0
31.05.2000 07:00:00   ;     0,7
01.06.2000 07:00:00   ;     0,0
02.06.2000 07:00:00   ;     0,0
03.06.2000 07:00:00   ;     0,0
04.06.2000 07:00:00   ;     0,0
05.06.2000 07:00:00   ;     1,1
06.06.2000 07:00:00   ;     7,4
07.06.2000 07:00:00   ;     0,0
08.06.2000 07:00:00   ;     0,0
09.06.2000 07:00:00   ;     0,0
10.06.2000 07:00:00   ;     0,0
11.06.2000 07:00:00   ;     0,0
12.06.2000 07:00:00   ;     0,0
13.06.2000 07:00:00   ;     0,9
14.06.2000 07:00:00   ;     0,0
15.06.2000 07:00:00   ;     3,9
16.06.2000 07:00:00   ;     0,0
17.06.2000 07:00:00   ;     0,0
18.06.2000 07:00:00   ;     0,0
19.06.2000 07:00:00   ;     0,0
20.06.2000 07:00:00   ;     0,0
21.06.2000 07:00:00   ;     0,0
22.06.2000 07:00:00   ;     0,0
23.06.2000 07:00:00   ;     0,2
24.06.2000 07:00:00   ;     3,6
25.06.2000 07:00:00   ;     7,2
26.06.2000 07:00:00   ;     3,9
27.06.2000 07:00:00   ;     0,0
28.06.2000 07:00:00   ;     0,0
29.06.2000 07:00:00   ;     0,0
30.06.2000 07:00:00   ;     0,0
01.07.2000 07:00:00   ;     0,0
02.07.2000 07:00:00   ;     0,9
03.07.2000 07:00:00   ;     4,3
04.07.2000 07:00:00   ;     7,6
05.07.2000 07:00:00   ;     0,0
06.07.2000 07:00:00   ;     0,0
07.07.2000 07:00:00   ;     0,4
08.07.2000 07:00:00   ;     0,0
09.07.2000 07:00:00   ;     0,0
10.07.2000 07:00:00   ;     0,0
11.07.2000 07:00:00   ;    10,1
12.07.2000 07:00:00   ;     3,9
13.07.2000 07:00:00   ;     0,0
14.07.2000 07:00:00   ;     0,6
15.07.2000 07:00:00   ;     3,4
16.07.2000 07:00:00   ;     2,4
17.07.2000 07:00:00   ;     3,4
18.07.2000 07:00:00   ;     0,0
19.07.2000 07:00:00   ;     2,4
20.07.2000 07:00:00   ;     0,0
21.07.2000 07:00:00   ;     0,0
22.07.2000 07:00:00   ;     0,2
23.07.2000 07:00:00   ;     0,0
24.07.2000 07:00:00   ;     0,1
25.07.2000 07:00:00   ;     0,0
26.07.2000 07:00:00   ;     2,4
27.07.2000 07:00:00   ;     0,0
28.07.2000 07:00:00   ;    14,2
29.07.2000 07:00:00   ;     2,6
30.07.2000 07:00:00   ;    11,4
31.07.2000 07:00:00   ;     0,0
01.08.2000 07:00:00   ;     0,0
02.08.2000 07:00:00   ;     0,0
03.08.2000 07:00:00   ;    15,9
04.08.2000 07:00:00   ;     3,6
05.08.2000 07:00:00   ;    21,9
06.08.2000 07:00:00   ;     3,0
07.08.2000 07:00:00   ;     5,0
08.08.2000 07:00:00   ;     0,0
09.08.2000 07:00:00   ;     0,0
10.08.2000 07:00:00   ;     0,0
11.08.2000 07:00:00   ;     0,0
12.08.2000 07:00:00   ;     0,0
13.08.2000 07:00:00   ;     0,0
14.08.2000 07:00:00   ;     0,0
15.08.2000 07:00:00   ;     0,0
16.08.2000 07:00:00   ;     0,0
17.08.2000 07:00:00   ;     0,0
18.08.2000 07:00:00   ;     3,7
19.08.2000 07:00:00   ;     0,0
20.08.2000 07:00:00   ;     0,0
21.08.2000 07:00:00   ;     0,0
22.08.2000 07:00:00   ;     1,4
23.08.2000 07:00:00   ;     0,0
24.08.2000 07:00:00   ;     0,0
25.08.2000 07:00:00   ;     0,0
26.08.2000 07:00:00   ;     0,0
27.08.2000 07:00:00   ;     0,0
28.08.2000 07:00:00   ;     0,0
29.08.2000 07:00:00   ;     0,0
30.08.2000 07:00:00   ;     0,7
31.08.2000 07:00:00   ;     2,3
01.09.2000 07:00:00   ;     0,0
02.09.2000 07:00:00   ;     2,1
03.09.2000 07:00:00   ;     0,0
04.09.2000 07:00:00   ;     0,0
05.09.2000 07:00:00   ;     0,0
06.09.2000 07:00:00   ;     3,2
07.09.2000 07:00:00   ;     3,3
08.09.2000 07:00:00   ;     0,0
09.09.2000 07:00:00   ;     0,0
10.09.2000 07:00:00   ;     0,0
11.09.2000 07:00:00   ;     0,0
12.09.2000 07:00:00   ;     0,0
13.09.2000 07:00:00   ;     5,7
14.09.2000 07:00:00   ;     0,0
15.09.2000 07:00:00   ;     0,0
16.09.2000 07:00:00   ;    21,6
17.09.2000 07:00:00   ;     0,6
18.09.2000 07:00:00   ;     0,0
19.09.2000 07:00:00   ;     0,0
20.09.2000 07:00:00   ;     0,0
21.09.2000 07:00:00   ;     2,1
22.09.2000 07:00:00   ;     1,4
23.09.2000 07:00:00   ;     0,0
24.09.2000 07:00:00   ;     0,0
25.09.2000 07:00:00   ;     0,0
26.09.2000 07:00:00   ;     0,0
27.09.2000 07:00:00   ;     0,0
28.09.2000 07:00:00   ;     0,0
29.09.2000 07:00:00   ;     0,0
30.09.2000 07:00:00   ;     1,7
01.10.2000 07:00:00   ;     0,0
02.10.2000 07:00:00   ;    13,8
03.10.2000 07:00:00   ;     5,2
04.10.2000 07:00:00   ;     0,2
05.10.2000 07:00:00   ;     0,0
06.10.2000 07:00:00   ;     0,5
07.10.2000 07:00:00   ;     1,4
08.10.2000 07:00:00   ;     0,0
09.10.2000 07:00:00   ;     2,0
10.10.2000 07:00:00   ;     1,4
11.10.2000 07:00:00   ;     0,0
12.10.2000 07:00:00   ;     0,0
13.10.2000 07:00:00   ;     0,0
14.10.2000 07:00:00   ;     0,0
15.10.2000 07:00:00   ;     0,0
16.10.2000 07:00:00   ;     0,0
17.10.2000 07:00:00   ;     0,0
18.10.2000 07:00:00   ;     0,3
19.10.2000 07:00:00   ;     0,0
20.10.2000 07:00:00   ;     0,0
21.10.2000 07:00:00   ;     0,0
22.10.2000 07:00:00   ;     0,0
23.10.2000 07:00:00   ;     0,0
24.10.2000 07:00:00   ;     0,3
25.10.2000 07:00:00   ;     0,0
26.10.2000 07:00:00   ;     4,1
27.10.2000 07:00:00   ;     0,2
28.10.2000 07:00:00   ;     0,0
29.10.2000 07:00:00   ;     0,0
30.10.2000 07:00:00   ;     0,0
31.10.2000 07:00:00   ;     2,8
01.11.2000 07:00:00   ;     0,4
02.11.2000 07:00:00   ;     0,0
03.11.2000 07:00:00   ;     7,6
04.11.2000 07:00:00   ;    13,7
05.11.2000 07:00:00   ;     0,0
06.11.2000 07:00:00   ;     0,5
07.11.2000 07:00:00   ;     0,0
08.11.2000 07:00:00   ;     0,0
09.11.2000 07:00:00   ;     0,0
10.11.2000 07:00:00   ;     0,0
11.11.2000 07:00:00   ;     0,0
12.11.2000 07:00:00   ;     0,0
13.11.2000 07:00:00   ;     0,0
14.11.2000 07:00:00   ;     0,0
15.11.2000 07:00:00   ;     9,7
16.11.2000 07:00:00   ;     1,1
17.11.2000 07:00:00   ;     1,3
18.11.2000 07:00:00   ;     0,2
19.11.2000 07:00:00   ;     0,1
20.11.2000 07:00:00   ;     0,6
21.11.2000 07:00:00   ;     0,1
22.11.2000 07:00:00   ;     0,0
23.11.2000 07:00:00   ;     0,0
24.11.2000 07:00:00   ;     0,5
25.11.2000 07:00:00   ;     2,1
26.11.2000 07:00:00   ;     1,1
27.11.2000 07:00:00   ;     0,0
28.11.2000 07:00:00   ;     0,0
29.11.2000 07:00:00   ;     0,0
30.11.2000 07:00:00   ;     0,0
01.12.2000 07:00:00   ;     0,4
02.12.2000 07:00:00   ;     0,5
03.12.2000 07:00:00   ;     0,2
04.12.2000 07:00:00   ;     0,7
05.12.2000 07:00:00   ;     0,6
06.12.2000 07:00:00   ;     0,8
07.12.2000 07:00:00   ;     0,6
08.12.2000 07:00:00   ;     0,2
09.12.2000 07:00:00   ;    11,3
10.12.2000 07:00:00   ;     1,9
11.12.2000 07:00:00   ;     0,0
12.12.2000 07:00:00   ;     0,2
13.12.2000 07:00:00   ;     0,0
14.12.2000 07:00:00   ;     0,8
15.12.2000 07:00:00   ;     0,0
16.12.2000 07:00:00   ;     0,0
17.12.2000 07:00:00   ;     0,4
18.12.2000 07:00:00   ;     0,5
19.12.2000 07:00:00   ;     2,8
20.12.2000 07:00:00   ;     0,0
21.12.2000 07:00:00   ;     0,0
22.12.2000 07:00:00   ;     0,0
23.12.2000 07:00:00   ;     0,0
24.12.2000 07:00:00   ;     0,0
25.12.2000 07:00:00   ;     0,0
26.12.2000 07:00:00   ;     2,1
27.12.2000 07:00:00   ;    17,5
28.12.2000 07:00:00   ;     5,3
29.12.2000 07:00:00   ;     3,7
30.12.2000 07:00:00   ;     2,6
31.12.2000 07:00:00   ;     0,0
01.01.2001 07:00:00   ;     0,0
02.01.2001 07:00:00   ;     0,5
03.01.2001 07:00:00   ;     3,2
04.01.2001 07:00:00   ;     0,6
05.01.2001 07:00:00   ;     0,0
06.01.2001 07:00:00   ;     0,0
07.01.2001 07:00:00   ;     2,2
08.01.2001 07:00:00   ;    13,5
09.01.2001 07:00:00   ;     0,0
10.01.2001 07:00:00   ;     0,2
11.01.2001 07:00:00   ;     1,1
12.01.2001 07:00:00   ;     0,0
13.01.2001 07:00:00   ;     0,0
14.01.2001 07:00:00   ;     0,0
15.01.2001 07:00:00   ;     0,0
16.01.2001 07:00:00   ;     0,0
17.01.2001 07:00:00   ;     0,0
18.01.2001 07:00:00   ;     0,0
19.01.2001 07:00:00   ;     0,0
20.01.2001 07:00:00   ;     0,0
21.01.2001 07:00:00   ;     0,0
22.01.2001 07:00:00   ;     0,2
23.01.2001 07:00:00   ;     1,5
24.01.2001 07:00:00   ;     1,7
25.01.2001 07:00:00   ;     0,0
26.01.2001 07:00:00   ;     0,2
27.01.2001 07:00:00   ;     0,0
28.01.2001 07:00:00   ;     0,0
29.01.2001 07:00:00   ;     0,0
30.01.2001 07:00:00   ;     0,0
31.01.2001 07:00:00   ;     0,0
01.02.2001 07:00:00   ;     0,0
02.02.2001 07:00:00   ;     0,1
03.02.2001 07:00:00   ;     2,9
04.02.2001 07:00:00   ;     0,3
05.02.2001 07:00:00   ;     0,2
06.02.2001 07:00:00   ;     0,0
07.02.2001 07:00:00   ;     0,0
08.02.2001 07:00:00   ;     0,2
09.02.2001 07:00:00   ;     0,2
10.02.2001 07:00:00   ;     0,0
11.02.2001 07:00:00   ;     0,0
12.02.2001 07:00:00   ;     0,0
13.02.2001 07:00:00   ;     0,0
14.02.2001 07:00:00   ;     0,0
15.02.2001 07:00:00   ;     0,0
16.02.2001 07:00:00   ;     0,0
17.02.2001 07:00:00   ;     0,0
18.02.2001 07:00:00   ;     0,0
19.02.2001 07:00:00   ;     0,0
20.02.2001 07:00:00   ;     0,0
21.02.2001 07:00:00   ;     0,1
22.02.2001 07:00:00   ;     1,2
23.02.2001 07:00:00   ;     1,9
24.02.2001 07:00:00   ;     0,0
25.02.2001 07:00:00   ;     0,0
26.02.2001 07:00:00   ;     0,0
27.02.2001 07:00:00   ;     0,0
28.02.2001 07:00:00   ;     0,2
01.03.2001 07:00:00   ;     0,0
02.03.2001 07:00:00   ;     0,3
03.03.2001 07:00:00   ;     0,0
04.03.2001 07:00:00   ;     1,6
05.03.2001 07:00:00   ;     0,0
06.03.2001 07:00:00   ;     0,0
07.03.2001 07:00:00   ;     0,0
08.03.2001 07:00:00   ;     0,0
09.03.2001 07:00:00   ;     4,9
10.03.2001 07:00:00   ;     0,3
11.03.2001 07:00:00   ;     1,9
12.03.2001 07:00:00   ;     0,0
13.03.2001 07:00:00   ;     3,1
14.03.2001 07:00:00   ;     0,0
15.03.2001 07:00:00   ;     2,3
16.03.2001 07:00:00   ;     0,0
17.03.2001 07:00:00   ;     1,5
18.03.2001 07:00:00   ;     1,1
19.03.2001 07:00:00   ;     0,0
20.03.2001 07:00:00   ;     1,4
21.03.2001 07:00:00   ;     7,1
22.03.2001 07:00:00   ;     8,1
23.03.2001 07:00:00   ;     3,3
24.03.2001 07:00:00   ;     2,2
25.03.2001 07:00:00   ;     1,2
26.03.2001 07:00:00   ;     0,4
27.03.2001 07:00:00   ;     0,0
28.03.2001 07:00:00   ;     0,0
29.03.2001 07:00:00   ;     0,0
30.03.2001 07:00:00   ;     0,0
31.03.2001 07:00:00   ;     0,0
01.04.2001 07:00:00   ;     0,0
02.04.2001 07:00:00   ;     0,0
03.04.2001 07:00:00   ;     0,0
04.04.2001 07:00:00   ;     2,6
05.04.2001 07:00:00   ;     1,2
06.04.2001 07:00:00   ;     0,0
07.04.2001 07:00:00   ;     4,3
08.04.2001 07:00:00   ;    17,9
09.04.2001 07:00:00   ;     0,0
10.04.2001 07:00:00   ;     0,0
11.04.2001 07:00:00   ;     0,0
12.04.2001 07:00:00   ;     0,3
13.04.2001 07:00:00   ;     0,9
14.04.2001 07:00:00   ;     0,0
15.04.2001 07:00:00   ;     1,9
16.04.2001 07:00:00   ;     2,1
17.04.2001 07:00:00   ;     2,5
18.04.2001 07:00:00   ;     0,0
19.04.2001 07:00:00   ;     3,5
20.04.2001 07:00:00   ;     4,4
21.04.2001 07:00:00   ;     2,3
22.04.2001 07:00:00   ;     1,4
23.04.2001 07:00:00   ;     0,0
24.04.2001 07:00:00   ;     0,0
25.04.2001 07:00:00   ;     0,4
26.04.2001 07:00:00   ;     0,0
27.04.2001 07:00:00   ;     0,0
28.04.2001 07:00:00   ;     0,2
29.04.2001 07:00:00   ;     0,0
30.04.2001 07:00:00   ;     0,0
01.05.2001 07:00:00   ;     0,0
02.05.2001 07:00:00   ;     0,0
03.05.2001 07:00:00   ;     0,0
04.05.2001 07:00:00   ;     0,0
05.05.2001 07:00:00   ;     7,2
06.05.2001 07:00:00   ;     2,5
07.05.2001 07:00:00   ;     0,3
08.05.2001 07:00:00   ;     0,8
09.05.2001 07:00:00   ;     0,0
10.05.2001 07:00:00   ;     0,0
11.05.2001 07:00:00   ;     2,5
12.05.2001 07:00:00   ;     0,0
13.05.2001 07:00:00   ;     0,0
14.05.2001 07:00:00   ;     0,0
15.05.2001 07:00:00   ;     6,4
16.05.2001 07:00:00   ;     0,0
17.05.2001 07:00:00   ;     1,0
18.05.2001 07:00:00   ;     7,8
19.05.2001 07:00:00   ;     0,0
20.05.2001 07:00:00   ;     0,0
21.05.2001 07:00:00   ;     0,0
22.05.2001 07:00:00   ;     0,0
23.05.2001 07:00:00   ;     0,0
24.05.2001 07:00:00   ;     0,0
25.05.2001 07:00:00   ;     0,0
26.05.2001 07:00:00   ;     0,0
27.05.2001 07:00:00   ;     0,4
28.05.2001 07:00:00   ;     0,0
29.05.2001 07:00:00   ;     1,3
30.05.2001 07:00:00   ;     0,5
31.05.2001 07:00:00   ;     0,0
01.06.2001 07:00:00   ;     5,1
02.06.2001 07:00:00   ;     1,6
03.06.2001 07:00:00   ;     0,0
04.06.2001 07:00:00   ;     0,0
05.06.2001 07:00:00   ;     0,0
06.06.2001 07:00:00   ;     0,9
07.06.2001 07:00:00   ;     0,0
08.06.2001 07:00:00   ;     1,5
09.06.2001 07:00:00   ;    11,2
10.06.2001 07:00:00   ;     6,9
11.06.2001 07:00:00   ;     4,1
12.06.2001 07:00:00   ;     0,0
13.06.2001 07:00:00   ;     0,0
14.06.2001 07:00:00   ;     0,0
15.06.2001 07:00:00   ;     0,0
16.06.2001 07:00:00   ;    11,6
17.06.2001 07:00:00   ;     0,0
18.06.2001 07:00:00   ;     1,9
19.06.2001 07:00:00   ;     0,0
20.06.2001 07:00:00   ;     0,0
21.06.2001 07:00:00   ;     1,1
22.06.2001 07:00:00   ;     0,0
23.06.2001 07:00:00   ;     0,0
24.06.2001 07:00:00   ;     0,0
25.06.2001 07:00:00   ;     0,0
26.06.2001 07:00:00   ;     0,0
27.06.2001 07:00:00   ;     0,0
28.06.2001 07:00:00   ;     0,4
29.06.2001 07:00:00   ;     0,0
30.06.2001 07:00:00   ;     1,3
01.07.2001 07:00:00   ;     0,3
02.07.2001 07:00:00   ;     0,0
03.07.2001 07:00:00   ;     1,2
04.07.2001 07:00:00   ;     0,0
05.07.2001 07:00:00   ;     0,0
06.07.2001 07:00:00   ;     0,0
07.07.2001 07:00:00   ;     0,0
08.07.2001 07:00:00   ;     1,7
09.07.2001 07:00:00   ;     2,1
10.07.2001 07:00:00   ;     0,0
11.07.2001 07:00:00   ;    10,8
12.07.2001 07:00:00   ;     0,0
13.07.2001 07:00:00   ;     0,0
14.07.2001 07:00:00   ;     0,0
15.07.2001 07:00:00   ;     0,0
16.07.2001 07:00:00   ;     0,7
17.07.2001 07:00:00   ;     4,9
18.07.2001 07:00:00   ;     3,1
19.07.2001 07:00:00   ;     5,5
20.07.2001 07:00:00   ;    25,5
21.07.2001 07:00:00   ;     7,5
22.07.2001 07:00:00   ;     0,0
23.07.2001 07:00:00   ;     3,2
24.07.2001 07:00:00   ;     0,0
25.07.2001 07:00:00   ;     5,0
26.07.2001 07:00:00   ;    19,7
27.07.2001 07:00:00   ;     0,0
28.07.2001 07:00:00   ;     0,0
29.07.2001 07:00:00   ;     0,0
30.07.2001 07:00:00   ;     0,0
31.07.2001 07:00:00   ;     0,0
01.08.2001 07:00:00   ;     0,0
02.08.2001 07:00:00   ;     0,0
03.08.2001 07:00:00   ;     0,0
04.08.2001 07:00:00   ;     0,3
05.08.2001 07:00:00   ;     0,0
06.08.2001 07:00:00   ;     0,0
07.08.2001 07:00:00   ;     2,0
08.08.2001 07:00:00   ;    11,8
09.08.2001 07:00:00   ;     0,2
10.08.2001 07:00:00   ;     5,8
11.08.2001 07:00:00   ;     0,0
12.08.2001 07:00:00   ;     0,0
13.08.2001 07:00:00   ;     0,0
14.08.2001 07:00:00   ;     0,0
15.08.2001 07:00:00   ;     0,0
16.08.2001 07:00:00   ;     0,0
17.08.2001 07:00:00   ;     0,0
18.08.2001 07:00:00   ;     0,0
19.08.2001 07:00:00   ;     0,0
20.08.2001 07:00:00   ;     8,9
21.08.2001 07:00:00   ;     0,2
22.08.2001 07:00:00   ;     1,2
23.08.2001 07:00:00   ;     0,0
24.08.2001 07:00:00   ;     0,0
25.08.2001 07:00:00   ;     0,0
26.08.2001 07:00:00   ;     0,0
27.08.2001 07:00:00   ;     0,0
28.08.2001 07:00:00   ;     0,0
29.08.2001 07:00:00   ;     0,0
30.08.2001 07:00:00   ;     0,0
31.08.2001 07:00:00   ;    10,8
01.09.2001 07:00:00   ;     0,6
02.09.2001 07:00:00   ;     0,5
03.09.2001 07:00:00   ;     0,0
04.09.2001 07:00:00   ;     4,7
05.09.2001 07:00:00   ;    13,9
06.09.2001 07:00:00   ;     7,5
07.09.2001 07:00:00   ;     1,5
08.09.2001 07:00:00   ;     6,4
09.09.2001 07:00:00   ;     0,2
10.09.2001 07:00:00   ;     3,4
11.09.2001 07:00:00   ;     0,0
12.09.2001 07:00:00   ;     3,1
13.09.2001 07:00:00   ;     0,6
14.09.2001 07:00:00   ;    10,1
15.09.2001 07:00:00   ;     1,4
16.09.2001 07:00:00   ;     0,2
17.09.2001 07:00:00   ;    15,1
18.09.2001 07:00:00   ;     5,9
19.09.2001 07:00:00   ;     0,0
20.09.2001 07:00:00   ;     0,0
21.09.2001 07:00:00   ;     3,1
22.09.2001 07:00:00   ;     5,3
23.09.2001 07:00:00   ;     7,1
24.09.2001 07:00:00   ;     0,0
25.09.2001 07:00:00   ;     0,0
26.09.2001 07:00:00   ;     7,4
27.09.2001 07:00:00   ;     0,0
28.09.2001 07:00:00   ;     0,0
29.09.2001 07:00:00   ;     0,0
30.09.2001 07:00:00   ;     0,6
01.10.2001 07:00:00   ;     0,0
02.10.2001 07:00:00   ;     0,0
03.10.2001 07:00:00   ;     0,0
04.10.2001 07:00:00   ;     0,8
05.10.2001 07:00:00   ;     0,0
06.10.2001 07:00:00   ;     0,0
07.10.2001 07:00:00   ;     0,1
08.10.2001 07:00:00   ;     0,0
09.10.2001 07:00:00   ;     0,0
10.10.2001 07:00:00   ;     0,0
11.10.2001 07:00:00   ;     0,0
12.10.2001 07:00:00   ;     0,0
13.10.2001 07:00:00   ;     0,0
14.10.2001 07:00:00   ;     0,0
15.10.2001 07:00:00   ;     0,0
16.10.2001 07:00:00   ;     0,0
17.10.2001 07:00:00   ;     0,0
18.10.2001 07:00:00   ;     0,1
19.10.2001 07:00:00   ;     0,2
20.10.2001 07:00:00   ;     0,3
21.10.2001 07:00:00   ;     0,0
22.10.2001 07:00:00   ;     0,0
23.10.2001 07:00:00   ;     0,0
24.10.2001 07:00:00   ;     2,2
25.10.2001 07:00:00   ;     0,0
26.10.2001 07:00:00   ;     0,0
27.10.2001 07:00:00   ;     0,6
28.10.2001 07:00:00   ;     2,2
29.10.2001 07:00:00   ;     2,4
30.10.2001 07:00:00   ;     0,0
31.10.2001 07:00:00   ;     0,0
01.11.2001 07:00:00   ;     0,6
02.11.2001 07:00:00   ;     0,0
03.11.2001 07:00:00   ;     0,0
04.11.2001 07:00:00   ;     0,0
05.11.2001 07:00:00   ;     0,0
06.11.2001 07:00:00   ;     0,6
07.11.2001 07:00:00   ;     3,0
08.11.2001 07:00:00   ;     7,5
09.11.2001 07:00:00   ;     0,0
10.11.2001 07:00:00   ;     0,0
11.11.2001 07:00:00   ;     0,0
12.11.2001 07:00:00   ;     6,9
13.11.2001 07:00:00   ;     1,9
14.11.2001 07:00:00   ;     0,0
15.11.2001 07:00:00   ;     0,0
16.11.2001 07:00:00   ;     0,0
17.11.2001 07:00:00   ;     0,0
18.11.2001 07:00:00   ;     0,0
19.11.2001 07:00:00   ;     0,4
20.11.2001 07:00:00   ;     0,0
21.11.2001 07:00:00   ;     0,0
22.11.2001 07:00:00   ;     2,9
23.11.2001 07:00:00   ;     0,0
24.11.2001 07:00:00   ;     0,0
25.11.2001 07:00:00   ;     0,0
26.11.2001 07:00:00   ;     6,5
27.11.2001 07:00:00   ;     3,9
28.11.2001 07:00:00   ;     0,0
29.11.2001 07:00:00   ;    14,1
30.11.2001 07:00:00   ;     0,0
01.12.2001 07:00:00   ;     0,0
02.12.2001 07:00:00   ;     0,0
03.12.2001 07:00:00   ;     0,0
04.12.2001 07:00:00   ;     0,7
05.12.2001 07:00:00   ;     8,2
06.12.2001 07:00:00   ;     7,2
07.12.2001 07:00:00   ;     0,0
08.12.2001 07:00:00   ;     0,0
09.12.2001 07:00:00   ;     0,0
10.12.2001 07:00:00   ;     2,5
11.12.2001 07:00:00   ;     4,6
12.12.2001 07:00:00   ;     3,9
13.12.2001 07:00:00   ;     0,0
14.12.2001 07:00:00   ;     0,0
15.12.2001 07:00:00   ;     0,4
16.12.2001 07:00:00   ;     1,1
17.12.2001 07:00:00   ;     0,0
18.12.2001 07:00:00   ;     0,0
19.12.2001 07:00:00   ;     0,0
20.12.2001 07:00:00   ;     0,0
21.12.2001 07:00:00   ;     0,0
22.12.2001 07:00:00   ;     0,0
23.12.2001 07:00:00   ;     0,0
24.12.2001 07:00:00   ;     0,0
25.12.2001 07:00:00   ;     0,0
26.12.2001 07:00:00   ;     0,0
27.12.2001 07:00:00   ;     0,0
28.12.2001 07:00:00   ;     0,3
29.12.2001 07:00:00   ;    10,3
30.12.2001 07:00:00   ;     0,0
31.12.2001 07:00:00   ;     0,0
01.01.2002 07:00:00   ;     0,0
02.01.2002 07:00:00   ;     0,1
03.01.2002 07:00:00   ;     0,0
04.01.2002 07:00:00   ;     0,0
05.01.2002 07:00:00   ;     0,0
06.01.2002 07:00:00   ;     0,7
07.01.2002 07:00:00   ;     0,0
08.01.2002 07:00:00   ;     0,0
09.01.2002 07:00:00   ;     0,0
10.01.2002 07:00:00   ;     0,0
11.01.2002 07:00:00   ;     0,0
12.01.2002 07:00:00   ;     0,0
13.01.2002 07:00:00   ;     0,1
14.01.2002 07:00:00   ;     0,0
15.01.2002 07:00:00   ;     0,0
16.01.2002 07:00:00   ;     0,0
17.01.2002 07:00:00   ;     0,0
18.01.2002 07:00:00   ;     0,0
19.01.2002 07:00:00   ;     1,7
20.01.2002 07:00:00   ;     1,9
21.01.2002 07:00:00   ;     0,0
22.01.2002 07:00:00   ;     0,0
23.01.2002 07:00:00   ;     0,0
24.01.2002 07:00:00   ;     0,6
25.01.2002 07:00:00   ;     0,4
26.01.2002 07:00:00   ;     0,3
27.01.2002 07:00:00   ;     0,4
28.01.2002 07:00:00   ;     0,8
29.01.2002 07:00:00   ;     0,0
30.01.2002 07:00:00   ;     0,0
31.01.2002 07:00:00   ;     0,0
01.02.2002 07:00:00   ;     0,0
02.02.2002 07:00:00   ;     0,0
03.02.2002 07:00:00   ;     0,0
04.02.2002 07:00:00   ;     0,0
05.02.2002 07:00:00   ;     0,0
06.02.2002 07:00:00   ;     0,0
07.02.2002 07:00:00   ;     0,0
08.02.2002 07:00:00   ;     4,7
09.02.2002 07:00:00   ;     0,5
10.02.2002 07:00:00   ;     2,6
11.02.2002 07:00:00   ;     0,5
12.02.2002 07:00:00   ;     0,0
13.02.2002 07:00:00   ;     5,5
14.02.2002 07:00:00   ;     0,0
15.02.2002 07:00:00   ;     0,0
16.02.2002 07:00:00   ;     0,0
17.02.2002 07:00:00   ;     3,8
18.02.2002 07:00:00   ;     0,0
19.02.2002 07:00:00   ;     0,3
20.02.2002 07:00:00   ;     0,7
21.02.2002 07:00:00   ;     0,0
22.02.2002 07:00:00   ;     0,2
23.02.2002 07:00:00   ;     2,1
24.02.2002 07:00:00   ;     1,2
25.02.2002 07:00:00   ;     3,4
26.02.2002 07:00:00   ;     0,0
27.02.2002 07:00:00   ;     4,3
28.02.2002 07:00:00   ;     0,0
01.03.2002 07:00:00   ;     0,0
02.03.2002 07:00:00   ;     1,7
03.03.2002 07:00:00   ;     0,0
04.03.2002 07:00:00   ;     0,0
05.03.2002 07:00:00   ;     0,0
06.03.2002 07:00:00   ;     0,0
07.03.2002 07:00:00   ;     0,2
08.03.2002 07:00:00   ;     0,0
09.03.2002 07:00:00   ;     0,0
10.03.2002 07:00:00   ;     0,0
11.03.2002 07:00:00   ;     0,0
12.03.2002 07:00:00   ;     0,0
13.03.2002 07:00:00   ;     0,0
14.03.2002 07:00:00   ;     0,0
15.03.2002 07:00:00   ;     0,0
16.03.2002 07:00:00   ;     0,0
17.03.2002 07:00:00   ;     0,0
18.03.2002 07:00:00   ;     0,0
19.03.2002 07:00:00   ;     8,3
20.03.2002 07:00:00   ;    22,8
21.03.2002 07:00:00   ;    11,0
22.03.2002 07:00:00   ;     4,9
23.03.2002 07:00:00   ;     0,1
24.03.2002 07:00:00   ;     0,4
25.03.2002 07:00:00   ;     0,0
26.03.2002 07:00:00   ;     0,0
27.03.2002 07:00:00   ;     0,0
28.03.2002 07:00:00   ;     0,0
29.03.2002 07:00:00   ;     0,0
30.03.2002 07:00:00   ;     0,0
31.03.2002 07:00:00   ;     0,0
01.04.2002 07:00:00   ;     0,0
02.04.2002 07:00:00   ;     0,0
03.04.2002 07:00:00   ;     0,0
04.04.2002 07:00:00   ;     0,0
05.04.2002 07:00:00   ;     0,0
06.04.2002 07:00:00   ;     0,9
07.04.2002 07:00:00   ;     0,0
08.04.2002 07:00:00   ;     0,0
09.04.2002 07:00:00   ;     0,0
10.04.2002 07:00:00   ;     4,3
11.04.2002 07:00:00   ;     0,0
12.04.2002 07:00:00   ;     1,4
13.04.2002 07:00:00   ;     0,0
14.04.2002 07:00:00   ;    35,4
15.04.2002 07:00:00   ;     0,0
16.04.2002 07:00:00   ;     0,0
17.04.2002 07:00:00   ;     1,7
18.04.2002 07:00:00   ;     0,5
19.04.2002 07:00:00   ;     2,3
20.04.2002 07:00:00   ;     1,1
21.04.2002 07:00:00   ;     0,0
22.04.2002 07:00:00   ;     1,2
23.04.2002 07:00:00   ;     6,4
24.04.2002 07:00:00   ;     6,1
25.04.2002 07:00:00   ;     0,0
26.04.2002 07:00:00   ;     3,6
27.04.2002 07:00:00   ;     0,0
28.04.2002 07:00:00   ;     0,0
29.04.2002 07:00:00   ;     2,3
30.04.2002 07:00:00   ;     0,0
01.05.2002 07:00:00   ;     0,0
02.05.2002 07:00:00   ;     0,0
03.05.2002 07:00:00   ;     0,0
04.05.2002 07:00:00   ;     1,8
05.05.2002 07:00:00   ;     7,4
06.05.2002 07:00:00   ;     0,0
07.05.2002 07:00:00   ;     0,0
08.05.2002 07:00:00   ;     0,0
09.05.2002 07:00:00   ;     0,0
10.05.2002 07:00:00   ;     0,0
11.05.2002 07:00:00   ;     0,0
12.05.2002 07:00:00   ;     0,0
13.05.2002 07:00:00   ;     0,6
14.05.2002 07:00:00   ;     1,3
15.05.2002 07:00:00   ;     0,0
16.05.2002 07:00:00   ;     0,0
17.05.2002 07:00:00   ;     0,0
18.05.2002 07:00:00   ;     0,0
19.05.2002 07:00:00   ;     0,0
20.05.2002 07:00:00   ;     0,0
21.05.2002 07:00:00   ;     0,0
22.05.2002 07:00:00   ;     0,0
23.05.2002 07:00:00   ;     0,4
24.05.2002 07:00:00   ;     0,0
25.05.2002 07:00:00   ;     7,1
26.05.2002 07:00:00   ;     0,0
27.05.2002 07:00:00   ;     0,0
28.05.2002 07:00:00   ;     0,0
29.05.2002 07:00:00   ;     0,0
30.05.2002 07:00:00   ;     0,0
31.05.2002 07:00:00   ;     0,0
01.06.2002 07:00:00   ;     0,0
02.06.2002 07:00:00   ;     0,0
03.06.2002 07:00:00   ;     0,0
04.06.2002 07:00:00   ;     0,0
05.06.2002 07:00:00   ;     0,0
06.06.2002 07:00:00   ;    43,6
07.06.2002 07:00:00   ;    13,8
08.06.2002 07:00:00   ;     1,0
09.06.2002 07:00:00   ;     7,5
10.06.2002 07:00:00   ;     5,9
11.06.2002 07:00:00   ;     0,0
12.06.2002 07:00:00   ;     0,0
13.06.2002 07:00:00   ;     0,0
14.06.2002 07:00:00   ;     0,0
15.06.2002 07:00:00   ;     0,9
16.06.2002 07:00:00   ;     3,2
17.06.2002 07:00:00   ;     0,0
18.06.2002 07:00:00   ;     0,0
19.06.2002 07:00:00   ;     0,0
20.06.2002 07:00:00   ;     0,0
21.06.2002 07:00:00   ;     4,5
22.06.2002 07:00:00   ;     0,0
23.06.2002 07:00:00   ;     0,0
24.06.2002 07:00:00   ;     1,3
25.06.2002 07:00:00   ;     0,0
26.06.2002 07:00:00   ;     0,0
27.06.2002 07:00:00   ;     2,1
28.06.2002 07:00:00   ;    13,4
29.06.2002 07:00:00   ;     0,0
30.06.2002 07:00:00   ;     0,0
01.07.2002 07:00:00   ;     0,0
02.07.2002 07:00:00   ;     6,4
03.07.2002 07:00:00   ;     4,5
04.07.2002 07:00:00   ;     6,2
05.07.2002 07:00:00   ;     0,0
06.07.2002 07:00:00   ;     4,3
07.07.2002 07:00:00   ;     0,0
08.07.2002 07:00:00   ;     0,0
09.07.2002 07:00:00   ;     0,0
10.07.2002 07:00:00   ;     0,0
11.07.2002 07:00:00   ;     0,0
12.07.2002 07:00:00   ;     0,0
13.07.2002 07:00:00   ;     2,2
14.07.2002 07:00:00   ;     0,0
15.07.2002 07:00:00   ;     2,4
16.07.2002 07:00:00   ;    17,2
17.07.2002 07:00:00   ;     0,0
18.07.2002 07:00:00   ;     0,9
19.07.2002 07:00:00   ;     0,0
20.07.2002 07:00:00   ;     0,0
21.07.2002 07:00:00   ;     4,5
22.07.2002 07:00:00   ;     0,0
23.07.2002 07:00:00   ;     0,0
24.07.2002 07:00:00   ;     2,8
25.07.2002 07:00:00   ;     4,2
26.07.2002 07:00:00   ;     0,0
27.07.2002 07:00:00   ;     0,0
28.07.2002 07:00:00   ;     0,0
29.07.2002 07:00:00   ;     0,0
30.07.2002 07:00:00   ;     0,0
31.07.2002 07:00:00   ;     2,1
01.08.2002 07:00:00   ;     1,1
02.08.2002 07:00:00   ;    12,8
03.08.2002 07:00:00   ;     0,0
04.08.2002 07:00:00   ;     2,3
05.08.2002 07:00:00   ;     0,0
06.08.2002 07:00:00   ;    18,2
07.08.2002 07:00:00   ;    37,6
08.08.2002 07:00:00   ;     0,0
09.08.2002 07:00:00   ;     0,0
10.08.2002 07:00:00   ;     0,0
11.08.2002 07:00:00   ;    10,6
12.08.2002 07:00:00   ;    39,2
13.08.2002 07:00:00   ;    34,9
14.08.2002 07:00:00   ;     1,6
15.08.2002 07:00:00   ;     2,7
16.08.2002 07:00:00   ;     0,3
17.08.2002 07:00:00   ;     0,0
18.08.2002 07:00:00   ;     0,0
19.08.2002 07:00:00   ;     0,0
20.08.2002 07:00:00   ;     0,0
21.08.2002 07:00:00   ;     0,0
22.08.2002 07:00:00   ;     0,2
23.08.2002 07:00:00   ;     0,0
24.08.2002 07:00:00   ;     0,0
25.08.2002 07:00:00   ;     0,0
26.08.2002 07:00:00   ;     0,0
27.08.2002 07:00:00   ;     0,0
28.08.2002 07:00:00   ;     0,0
29.08.2002 07:00:00   ;     0,0
30.08.2002 07:00:00   ;     0,0
31.08.2002 07:00:00   ;     6,7
01.09.2002 07:00:00   ;     0,0
02.09.2002 07:00:00   ;     0,0
03.09.2002 07:00:00   ;     0,0
04.09.2002 07:00:00   ;     0,0
05.09.2002 07:00:00   ;     5,0
06.09.2002 07:00:00   ;     0,0
07.09.2002 07:00:00   ;     0,0
08.09.2002 07:00:00   ;     0,0
09.09.2002 07:00:00   ;     0,0
10.09.2002 07:00:00   ;    13,1
11.09.2002 07:00:00   ;     0,0
12.09.2002 07:00:00   ;     0,0
13.09.2002 07:00:00   ;     0,0
14.09.2002 07:00:00   ;     1,1
15.09.2002 07:00:00   ;     3,4
16.09.2002 07:00:00   ;     0,4
17.09.2002 07:00:00   ;     0,0
18.09.2002 07:00:00   ;     0,0
19.09.2002 07:00:00   ;     0,0
20.09.2002 07:00:00   ;    32,5
21.09.2002 07:00:00   ;     0,5
22.09.2002 07:00:00   ;     3,1
23.09.2002 07:00:00   ;     2,8
24.09.2002 07:00:00   ;     1,5
25.09.2002 07:00:00   ;     4,5
26.09.2002 07:00:00   ;     0,5
27.09.2002 07:00:00   ;     2,1
28.09.2002 07:00:00   ;     0,8
29.09.2002 07:00:00   ;     0,0
30.09.2002 07:00:00   ;     0,0
01.10.2002 07:00:00   ;     0,0
02.10.2002 07:00:00   ;     0,0
03.10.2002 07:00:00   ;     0,2
04.10.2002 07:00:00   ;     5,8
05.10.2002 07:00:00   ;     2,7
06.10.2002 07:00:00   ;     3,5
07.10.2002 07:00:00   ;     1,9
08.10.2002 07:00:00   ;     0,0
09.10.2002 07:00:00   ;     0,1
10.10.2002 07:00:00   ;     2,1
11.10.2002 07:00:00   ;     8,9
12.10.2002 07:00:00   ;    17,4
13.10.2002 07:00:00   ;     0,0
14.10.2002 07:00:00   ;     3,4
15.10.2002 07:00:00   ;     0,1
16.10.2002 07:00:00   ;     0,0
17.10.2002 07:00:00   ;    11,4
18.10.2002 07:00:00   ;     8,3
19.10.2002 07:00:00   ;     0,6
20.10.2002 07:00:00   ;     0,0
21.10.2002 07:00:00   ;     0,0
22.10.2002 07:00:00   ;     0,2
23.10.2002 07:00:00   ;    14,3
24.10.2002 07:00:00   ;     0,0
25.10.2002 07:00:00   ;     0,9
26.10.2002 07:00:00   ;     1,5
27.10.2002 07:00:00   ;     1,4
28.10.2002 07:00:00   ;     0,0
29.10.2002 07:00:00   ;     1,6
30.10.2002 07:00:00   ;     3,6
31.10.2002 07:00:00   ;     0,5
01.11.2002 07:00:00   ;     0,0
02.11.2002 07:00:00   ;    12,1
03.11.2002 07:00:00   ;     5,5
04.11.2002 07:00:00   ;     0,7
05.11.2002 07:00:00   ;     0,0
06.11.2002 07:00:00   ;     0,0
07.11.2002 07:00:00   ;     0,0
08.11.2002 07:00:00   ;     0,0
09.11.2002 07:00:00   ;     5,4
10.11.2002 07:00:00   ;     0,6
11.11.2002 07:00:00   ;     9,9
12.11.2002 07:00:00   ;     0,0
13.11.2002 07:00:00   ;     0,0
14.11.2002 07:00:00   ;     0,0
15.11.2002 07:00:00   ;     0,0
16.11.2002 07:00:00   ;     0,0
17.11.2002 07:00:00   ;     2,9
18.11.2002 07:00:00   ;     4,0
19.11.2002 07:00:00   ;     0,0
20.11.2002 07:00:00   ;     0,0
21.11.2002 07:00:00   ;     0,0
22.11.2002 07:00:00   ;     4,1
23.11.2002 07:00:00   ;     2,6
24.11.2002 07:00:00   ;     0,0
25.11.2002 07:00:00   ;     0,0
26.11.2002 07:00:00   ;     0,0
27.11.2002 07:00:00   ;     0,2
28.11.2002 07:00:00   ;     1,8
29.11.2002 07:00:00   ;     6,5
30.11.2002 07:00:00   ;     0,0
01.12.2002 07:00:00   ;     0,0
02.12.2002 07:00:00   ;     4,5
03.12.2002 07:00:00   ;     6,5
04.12.2002 07:00:00   ;     0,2
05.12.2002 07:00:00   ;     0,9
06.12.2002 07:00:00   ;     7,4
07.12.2002 07:00:00   ;     0,1
08.12.2002 07:00:00   ;     0,0
09.12.2002 07:00:00   ;     0,0
10.12.2002 07:00:00   ;     0,0
11.12.2002 07:00:00   ;     0,0
12.12.2002 07:00:00   ;     0,0
13.12.2002 07:00:00   ;     0,0
14.12.2002 07:00:00   ;     0,0
15.12.2002 07:00:00   ;     4,5
16.12.2002 07:00:00   ;     0,5
17.12.2002 07:00:00   ;     1,5
18.12.2002 07:00:00   ;     0,0
19.12.2002 07:00:00   ;     0,0
20.12.2002 07:00:00   ;     0,1
21.12.2002 07:00:00   ;     0,9
22.12.2002 07:00:00   ;    11,2
23.12.2002 07:00:00   ;     0,2
24.12.2002 07:00:00   ;     0,0
25.12.2002 07:00:00   ;     0,0
26.12.2002 07:00:00   ;     0,4
27.12.2002 07:00:00   ;     0,4
28.12.2002 07:00:00   ;     3,9
29.12.2002 07:00:00   ;     2,6
30.12.2002 07:00:00   ;     0,1
31.12.2002 07:00:00   ;     0,0
01.01.2003 07:00:00   ;     0,9
02.01.2003 07:00:00   ;     9,5
03.01.2003 07:00:00   ;     3,1
04.01.2003 07:00:00   ;     5,5
05.01.2003 07:00:00   ;     0,0
06.01.2003 07:00:00   ;     0,0
07.01.2003 07:00:00   ;     2,1
08.01.2003 07:00:00   ;     0,0
09.01.2003 07:00:00   ;     5,9
10.01.2003 07:00:00   ;     5,5
11.01.2003 07:00:00   ;     0,0
12.01.2003 07:00:00   ;     0,0
13.01.2003 07:00:00   ;     1,4
14.01.2003 07:00:00   ;     0,1
15.01.2003 07:00:00   ;     0,0
16.01.2003 07:00:00   ;     0,0
17.01.2003 07:00:00   ;     0,0
18.01.2003 07:00:00   ;     0,0
19.01.2003 07:00:00   ;     0,0
20.01.2003 07:00:00   ;     0,0
21.01.2003 07:00:00   ;     0,4
22.01.2003 07:00:00   ;     7,2
23.01.2003 07:00:00   ;     0,0
24.01.2003 07:00:00   ;     1,2
25.01.2003 07:00:00   ;     0,0
26.01.2003 07:00:00   ;     0,0
27.01.2003 07:00:00   ;     6,4
28.01.2003 07:00:00   ;     1,1
29.01.2003 07:00:00   ;     0,0
30.01.2003 07:00:00   ;     0,1
31.01.2003 07:00:00   ;     1,6
01.02.2003 07:00:00   ;     0,6
02.02.2003 07:00:00   ;     0,0
03.02.2003 07:00:00   ;     0,3
04.02.2003 07:00:00   ;     0,0
05.02.2003 07:00:00   ;     0,0
06.02.2003 07:00:00   ;     0,0
07.02.2003 07:00:00   ;     0,0
08.02.2003 07:00:00   ;     0,0
09.02.2003 07:00:00   ;     0,0
10.02.2003 07:00:00   ;     0,0
11.02.2003 07:00:00   ;     0,0
12.02.2003 07:00:00   ;     0,0
13.02.2003 07:00:00   ;     0,0
14.02.2003 07:00:00   ;     0,0
15.02.2003 07:00:00   ;     0,2
16.02.2003 07:00:00   ;     0,1
17.02.2003 07:00:00   ;     0,0
18.02.2003 07:00:00   ;     0,0
19.02.2003 07:00:00   ;     0,0
20.02.2003 07:00:00   ;     0,0
21.02.2003 07:00:00   ;     0,0
22.02.2003 07:00:00   ;     0,0
23.02.2003 07:00:00   ;     0,0
24.02.2003 07:00:00   ;     0,0
25.02.2003 07:00:00   ;     0,0
26.02.2003 07:00:00   ;     0,0
27.02.2003 07:00:00   ;     0,0
28.02.2003 07:00:00   ;     0,0
01.03.2003 07:00:00   ;     0,0
02.03.2003 07:00:00   ;     2,8
03.03.2003 07:00:00   ;     0,9
04.03.2003 07:00:00   ;     0,0
05.03.2003 07:00:00   ;     0,0
06.03.2003 07:00:00   ;     0,0
07.03.2003 07:00:00   ;     0,0
08.03.2003 07:00:00   ;     0,0
09.03.2003 07:00:00   ;     2,7
10.03.2003 07:00:00   ;     0,0
11.03.2003 07:00:00   ;     0,0
12.03.2003 07:00:00   ;     1,4
13.03.2003 07:00:00   ;     0,1
14.03.2003 07:00:00   ;     2,0
15.03.2003 07:00:00   ;     0,0
16.03.2003 07:00:00   ;     0,0
17.03.2003 07:00:00   ;     0,0
18.03.2003 07:00:00   ;     0,0
19.03.2003 07:00:00   ;     0,0
20.03.2003 07:00:00   ;     0,0
21.03.2003 07:00:00   ;     0,0
22.03.2003 07:00:00   ;     0,0
23.03.2003 07:00:00   ;     0,0
24.03.2003 07:00:00   ;     0,0
25.03.2003 07:00:00   ;     0,0
26.03.2003 07:00:00   ;     0,0
27.03.2003 07:00:00   ;     0,0
28.03.2003 07:00:00   ;     0,0
29.03.2003 07:00:00   ;     0,0
30.03.2003 07:00:00   ;     0,5
31.03.2003 07:00:00   ;     0,0
01.04.2003 07:00:00   ;     0,0
02.04.2003 07:00:00   ;     5,7
03.04.2003 07:00:00   ;     0,0
04.04.2003 07:00:00   ;     0,3
05.04.2003 07:00:00   ;     2,4
06.04.2003 07:00:00   ;     0,3
07.04.2003 07:00:00   ;     1,2
08.04.2003 07:00:00   ;     0,0
09.04.2003 07:00:00   ;     0,0
10.04.2003 07:00:00   ;    10,3
11.04.2003 07:00:00   ;     0,0
12.04.2003 07:00:00   ;     0,0
13.04.2003 07:00:00   ;     0,0
14.04.2003 07:00:00   ;     0,0
15.04.2003 07:00:00   ;     0,0
16.04.2003 07:00:00   ;     0,0
17.04.2003 07:00:00   ;     0,0
18.04.2003 07:00:00   ;     1,9
19.04.2003 07:00:00   ;     0,0
20.04.2003 07:00:00   ;     0,0
21.04.2003 07:00:00   ;     0,0
22.04.2003 07:00:00   ;     0,0
23.04.2003 07:00:00   ;     0,1
24.04.2003 07:00:00   ;     0,0
25.04.2003 07:00:00   ;     0,0
26.04.2003 07:00:00   ;     2,6
27.04.2003 07:00:00   ;     3,1
28.04.2003 07:00:00   ;     0,0
29.04.2003 07:00:00   ;     0,0
30.04.2003 07:00:00   ;     1,5
01.05.2003 07:00:00   ;     0,0
02.05.2003 07:00:00   ;     0,5
03.05.2003 07:00:00   ;     1,7
04.05.2003 07:00:00   ;     0,0
05.05.2003 07:00:00   ;     0,0
06.05.2003 07:00:00   ;     0,0
07.05.2003 07:00:00   ;     0,0
08.05.2003 07:00:00   ;     0,0
09.05.2003 07:00:00   ;     0,9
10.05.2003 07:00:00   ;     1,0
11.05.2003 07:00:00   ;     0,0
12.05.2003 07:00:00   ;     0,8
13.05.2003 07:00:00   ;    10,3
14.05.2003 07:00:00   ;     1,3
15.05.2003 07:00:00   ;     1,9
16.05.2003 07:00:00   ;     0,0
17.05.2003 07:00:00   ;     0,0
18.05.2003 07:00:00   ;     1,9
19.05.2003 07:00:00   ;     0,3
20.05.2003 07:00:00   ;    10,1
21.05.2003 07:00:00   ;     4,1
22.05.2003 07:00:00   ;     0,0
23.05.2003 07:00:00   ;     0,0
24.05.2003 07:00:00   ;     0,0
25.05.2003 07:00:00   ;     0,0
26.05.2003 07:00:00   ;     6,2
27.05.2003 07:00:00   ;     0,0
28.05.2003 07:00:00   ;     0,0
29.05.2003 07:00:00   ;     0,0
30.05.2003 07:00:00   ;     0,0
31.05.2003 07:00:00   ;     0,9
01.06.2003 07:00:00   ;     0,7
02.06.2003 07:00:00   ;     0,0
03.06.2003 07:00:00   ;     0,0
04.06.2003 07:00:00   ;     0,0
05.06.2003 07:00:00   ;     0,0
06.06.2003 07:00:00   ;     1,2
07.06.2003 07:00:00   ;     0,0
08.06.2003 07:00:00   ;     0,7
09.06.2003 07:00:00   ;     0,0
10.06.2003 07:00:00   ;     0,0
11.06.2003 07:00:00   ;     0,0
12.06.2003 07:00:00   ;     0,0
13.06.2003 07:00:00   ;     2,1
14.06.2003 07:00:00   ;    13,2
15.06.2003 07:00:00   ;     5,1
16.06.2003 07:00:00   ;     0,0
17.06.2003 07:00:00   ;     0,0
18.06.2003 07:00:00   ;     1,7
19.06.2003 07:00:00   ;     0,0
20.06.2003 07:00:00   ;     0,7
21.06.2003 07:00:00   ;     0,0
22.06.2003 07:00:00   ;     0,0
23.06.2003 07:00:00   ;     8,2
24.06.2003 07:00:00   ;     0,5
25.06.2003 07:00:00   ;     0,0
26.06.2003 07:00:00   ;     0,0
27.06.2003 07:00:00   ;     0,0
28.06.2003 07:00:00   ;     0,0
29.06.2003 07:00:00   ;     0,0
30.06.2003 07:00:00   ;     0,0
01.07.2003 07:00:00   ;     4,1
02.07.2003 07:00:00   ;     0,9
03.07.2003 07:00:00   ;     1,4
04.07.2003 07:00:00   ;     0,5
05.07.2003 07:00:00   ;     1,9
06.07.2003 07:00:00   ;     0,0
07.07.2003 07:00:00   ;     0,0
08.07.2003 07:00:00   ;     0,0
09.07.2003 07:00:00   ;     0,0
10.07.2003 07:00:00   ;     0,0
11.07.2003 07:00:00   ;     0,0
12.07.2003 07:00:00   ;     2,1
13.07.2003 07:00:00   ;     0,7
14.07.2003 07:00:00   ;     0,0
15.07.2003 07:00:00   ;     0,0
16.07.2003 07:00:00   ;     0,0
17.07.2003 07:00:00   ;     4,1
18.07.2003 07:00:00   ;     0,0
19.07.2003 07:00:00   ;     0,0
20.07.2003 07:00:00   ;     0,0
21.07.2003 07:00:00   ;     0,0
22.07.2003 07:00:00   ;     0,1
23.07.2003 07:00:00   ;     1,4
24.07.2003 07:00:00   ;     5,5
25.07.2003 07:00:00   ;     0,3
26.07.2003 07:00:00   ;     0,0
27.07.2003 07:00:00   ;     0,0
28.07.2003 07:00:00   ;     0,0
29.07.2003 07:00:00   ;     0,0
30.07.2003 07:00:00   ;     0,0
31.07.2003 07:00:00   ;     4,6
01.08.2003 07:00:00   ;     0,0
02.08.2003 07:00:00   ;     0,0
03.08.2003 07:00:00   ;     0,0
04.08.2003 07:00:00   ;     0,9
05.08.2003 07:00:00   ;     0,0
06.08.2003 07:00:00   ;     0,0
07.08.2003 07:00:00   ;     0,0
08.08.2003 07:00:00   ;     0,0
09.08.2003 07:00:00   ;     0,0
10.08.2003 07:00:00   ;     0,0
11.08.2003 07:00:00   ;     0,0
12.08.2003 07:00:00   ;     0,0
13.08.2003 07:00:00   ;     1,4
14.08.2003 07:00:00   ;    19,2
15.08.2003 07:00:00   ;     1,9
16.08.2003 07:00:00   ;     0,0
17.08.2003 07:00:00   ;     0,0
18.08.2003 07:00:00   ;     2,4
19.08.2003 07:00:00   ;     0,0
20.08.2003 07:00:00   ;     0,0
21.08.2003 07:00:00   ;     0,1
22.08.2003 07:00:00   ;     0,0
23.08.2003 07:00:00   ;     0,0
24.08.2003 07:00:00   ;     0,0
25.08.2003 07:00:00   ;     0,0
26.08.2003 07:00:00   ;     0,0
27.08.2003 07:00:00   ;     0,0
28.08.2003 07:00:00   ;     0,0
29.08.2003 07:00:00   ;     6,3
30.08.2003 07:00:00   ;     0,3
31.08.2003 07:00:00   ;     0,8
01.09.2003 07:00:00   ;     0,9
02.09.2003 07:00:00   ;     0,0
03.09.2003 07:00:00   ;     0,0
04.09.2003 07:00:00   ;     0,0
05.09.2003 07:00:00   ;     0,0
06.09.2003 07:00:00   ;     0,0
07.09.2003 07:00:00   ;     0,0
08.09.2003 07:00:00   ;     0,0
09.09.2003 07:00:00   ;     4,3
10.09.2003 07:00:00   ;     2,4
11.09.2003 07:00:00   ;     0,1
12.09.2003 07:00:00   ;     1,4
13.09.2003 07:00:00   ;    11,1
14.09.2003 07:00:00   ;     0,0
15.09.2003 07:00:00   ;     0,0
16.09.2003 07:00:00   ;     0,0
17.09.2003 07:00:00   ;     0,0
18.09.2003 07:00:00   ;     0,0
19.09.2003 07:00:00   ;     0,0
20.09.2003 07:00:00   ;     0,0
21.09.2003 07:00:00   ;     0,0
22.09.2003 07:00:00   ;     0,0
23.09.2003 07:00:00   ;    14,9
24.09.2003 07:00:00   ;     0,0
25.09.2003 07:00:00   ;     0,0
26.09.2003 07:00:00   ;     0,0
27.09.2003 07:00:00   ;     0,0
28.09.2003 07:00:00   ;     0,0
29.09.2003 07:00:00   ;     6,1
30.09.2003 07:00:00   ;     0,0
01.10.2003 07:00:00   ;     0,0
02.10.2003 07:00:00   ;     0,0
03.10.2003 07:00:00   ;     0,0
04.10.2003 07:00:00   ;     5,9
05.10.2003 07:00:00   ;    11,6
06.10.2003 07:00:00   ;     0,0
07.10.2003 07:00:00   ;     0,9
08.10.2003 07:00:00   ;     0,1
09.10.2003 07:00:00   ;     0,1
10.10.2003 07:00:00   ;     0,2
11.10.2003 07:00:00   ;     0,0
12.10.2003 07:00:00   ;     0,0
13.10.2003 07:00:00   ;     0,0
14.10.2003 07:00:00   ;     0,0
15.10.2003 07:00:00   ;     0,0
16.10.2003 07:00:00   ;     0,0
17.10.2003 07:00:00   ;     0,0
18.10.2003 07:00:00   ;     0,0
19.10.2003 07:00:00   ;     0,0
20.10.2003 07:00:00   ;     1,1
21.10.2003 07:00:00   ;     1,3
22.10.2003 07:00:00   ;     0,0
23.10.2003 07:00:00   ;     2,3
24.10.2003 07:00:00   ;     0,0
25.10.2003 07:00:00   ;     0,0
26.10.2003 07:00:00   ;     0,0
27.10.2003 07:00:00   ;     0,0
28.10.2003 07:00:00   ;     0,0
29.10.2003 07:00:00   ;     0,0
30.10.2003 07:00:00   ;     1,1
31.10.2003 07:00:00   ;     0,0
01.11.2003 07:00:00   ;    11,9
02.11.2003 07:00:00   ;     0,4
03.11.2003 07:00:00   ;     0,0
04.11.2003 07:00:00   ;     0,0
05.11.2003 07:00:00   ;     0,0
06.11.2003 07:00:00   ;     0,0
07.11.2003 07:00:00   ;     2,6
08.11.2003 07:00:00   ;     0,0
09.11.2003 07:00:00   ;     0,0
10.11.2003 07:00:00   ;     0,0
11.11.2003 07:00:00   ;     0,0
12.11.2003 07:00:00   ;     0,0
13.11.2003 07:00:00   ;     0,4
14.11.2003 07:00:00   ;     0,0
15.11.2003 07:00:00   ;     0,2
16.11.2003 07:00:00   ;     1,4
17.11.2003 07:00:00   ;     0,4
18.11.2003 07:00:00   ;     0,0
19.11.2003 07:00:00   ;     0,0
20.11.2003 07:00:00   ;     0,2
21.11.2003 07:00:00   ;     0,4
22.11.2003 07:00:00   ;     0,4
23.11.2003 07:00:00   ;     0,3
24.11.2003 07:00:00   ;     0,2
25.11.2003 07:00:00   ;     0,6
26.11.2003 07:00:00   ;     0,0
27.11.2003 07:00:00   ;     0,0
28.11.2003 07:00:00   ;     6,5
29.11.2003 07:00:00   ;     0,0
30.11.2003 07:00:00   ;     0,0
01.12.2003 07:00:00   ;     0,0
02.12.2003 07:00:00   ;     0,0
03.12.2003 07:00:00   ;     0,1
04.12.2003 07:00:00   ;     1,3
05.12.2003 07:00:00   ;     0,0
06.12.2003 07:00:00   ;     1,1
07.12.2003 07:00:00   ;     0,0
08.12.2003 07:00:00   ;     0,0
09.12.2003 07:00:00   ;     0,0
10.12.2003 07:00:00   ;     0,0
11.12.2003 07:00:00   ;     0,0
12.12.2003 07:00:00   ;     0,9
13.12.2003 07:00:00   ;    12,7
14.12.2003 07:00:00   ;     4,1
15.12.2003 07:00:00   ;     1,1
16.12.2003 07:00:00   ;     0,9
17.12.2003 07:00:00   ;     0,0
18.12.2003 07:00:00   ;     0,0
19.12.2003 07:00:00   ;     0,0
20.12.2003 07:00:00   ;     0,0
21.12.2003 07:00:00   ;     0,1
22.12.2003 07:00:00   ;     0,0
23.12.2003 07:00:00   ;     0,0
24.12.2003 07:00:00   ;     0,0
25.12.2003 07:00:00   ;     0,0
26.12.2003 07:00:00   ;     0,0
27.12.2003 07:00:00   ;     0,0
28.12.2003 07:00:00   ;     0,0
29.12.2003 07:00:00   ;     4,4
30.12.2003 07:00:00   ;    16,1
31.12.2003 07:00:00   ;    11,7
01.01.2004 07:00:00   ;     0,0
02.01.2004 07:00:00   ;     0,0
03.01.2004 07:00:00   ;     0,0
04.01.2004 07:00:00   ;     3,5
05.01.2004 07:00:00   ;     6,0
06.01.2004 07:00:00   ;     3,1
07.01.2004 07:00:00   ;     2,8
08.01.2004 07:00:00   ;     0,2
09.01.2004 07:00:00   ;     3,5
10.01.2004 07:00:00   ;     0,5
11.01.2004 07:00:00   ;    13,7
12.01.2004 07:00:00   ;     0,9
13.01.2004 07:00:00   ;     7,8
14.01.2004 07:00:00   ;     0,9
15.01.2004 07:00:00   ;     0,0
16.01.2004 07:00:00   ;     0,0
17.01.2004 07:00:00   ;     0,0
18.01.2004 07:00:00   ;     0,0
19.01.2004 07:00:00   ;     3,9
20.01.2004 07:00:00   ;     0,0
21.01.2004 07:00:00   ;     0,2
22.01.2004 07:00:00   ;     0,3
23.01.2004 07:00:00   ;     0,0
24.01.2004 07:00:00   ;     0,0
25.01.2004 07:00:00   ;     3,1
26.01.2004 07:00:00   ;     0,3
27.01.2004 07:00:00   ;     0,9
28.01.2004 07:00:00   ;     0,0
29.01.2004 07:00:00   ;     0,0
30.01.2004 07:00:00   ;     0,0
31.01.2004 07:00:00   ;     0,0
01.02.2004 07:00:00   ;     0,0
02.02.2004 07:00:00   ;    15,3
03.02.2004 07:00:00   ;     1,8
04.02.2004 07:00:00   ;     0,0
05.02.2004 07:00:00   ;     0,0
06.02.2004 07:00:00   ;     0,0
07.02.2004 07:00:00   ;     0,1
08.02.2004 07:00:00   ;     0,3
09.02.2004 07:00:00   ;     0,5
10.02.2004 07:00:00   ;     0,0
11.02.2004 07:00:00   ;     0,5
12.02.2004 07:00:00   ;     1,9
13.02.2004 07:00:00   ;    10,5
14.02.2004 07:00:00   ;     0,2
15.02.2004 07:00:00   ;     0,4
16.02.2004 07:00:00   ;     0,0
17.02.2004 07:00:00   ;     0,0
18.02.2004 07:00:00   ;     0,9
19.02.2004 07:00:00   ;     0,0
20.02.2004 07:00:00   ;     0,0
21.02.2004 07:00:00   ;     0,0
22.02.2004 07:00:00   ;     0,8
23.02.2004 07:00:00   ;    11,9
24.02.2004 07:00:00   ;     0,0
25.02.2004 07:00:00   ;     0,0
26.02.2004 07:00:00   ;     6,1
27.02.2004 07:00:00   ;     1,1
28.02.2004 07:00:00   ;     1,4
29.02.2004 07:00:00   ;     3,9
01.03.2004 07:00:00   ;     0,4
02.03.2004 07:00:00   ;     0,3
03.03.2004 07:00:00   ;     0,6
04.03.2004 07:00:00   ;     0,0
05.03.2004 07:00:00   ;     0,0
06.03.2004 07:00:00   ;     0,3
07.03.2004 07:00:00   ;     1,9
08.03.2004 07:00:00   ;     8,8
09.03.2004 07:00:00   ;     9,9
10.03.2004 07:00:00   ;     0,0
11.03.2004 07:00:00   ;     0,0
12.03.2004 07:00:00   ;     0,0
13.03.2004 07:00:00   ;     0,0
14.03.2004 07:00:00   ;     0,0
15.03.2004 07:00:00   ;     0,0
16.03.2004 07:00:00   ;     0,0
17.03.2004 07:00:00   ;     0,0
18.03.2004 07:00:00   ;     0,0
19.03.2004 07:00:00   ;     0,0
20.03.2004 07:00:00   ;     0,0
21.03.2004 07:00:00   ;     0,0
22.03.2004 07:00:00   ;     0,0
23.03.2004 07:00:00   ;    11,7
24.03.2004 07:00:00   ;    39,2
25.03.2004 07:00:00   ;    12,9
26.03.2004 07:00:00   ;     3,1
27.03.2004 07:00:00   ;     1,9
28.03.2004 07:00:00   ;     0,0
29.03.2004 07:00:00   ;     0,0
30.03.2004 07:00:00   ;     0,0
31.03.2004 07:00:00   ;     0,0
01.04.2004 07:00:00   ;     0,0
02.04.2004 07:00:00   ;     0,0
03.04.2004 07:00:00   ;     0,3
04.04.2004 07:00:00   ;     1,6
05.04.2004 07:00:00   ;     3,0
06.04.2004 07:00:00   ;     0,0
07.04.2004 07:00:00   ;     0,0
08.04.2004 07:00:00   ;     0,0
09.04.2004 07:00:00   ;     0,0
10.04.2004 07:00:00   ;     0,0
11.04.2004 07:00:00   ;     0,0
12.04.2004 07:00:00   ;     0,0
13.04.2004 07:00:00   ;     0,0
14.04.2004 07:00:00   ;     0,0
15.04.2004 07:00:00   ;     0,0
16.04.2004 07:00:00   ;     0,0
17.04.2004 07:00:00   ;     0,0
18.04.2004 07:00:00   ;     0,0
19.04.2004 07:00:00   ;     1,5
20.04.2004 07:00:00   ;     2,5
21.04.2004 07:00:00   ;     0,0
22.04.2004 07:00:00   ;     0,0
23.04.2004 07:00:00   ;     2,8
24.04.2004 07:00:00   ;     1,5
25.04.2004 07:00:00   ;     0,0
26.04.2004 07:00:00   ;     0,0
27.04.2004 07:00:00   ;     0,0
28.04.2004 07:00:00   ;     0,0
29.04.2004 07:00:00   ;     0,0
30.04.2004 07:00:00   ;     0,0
01.05.2004 07:00:00   ;     0,0
02.05.2004 07:00:00   ;     2,1
03.05.2004 07:00:00   ;     0,7
04.05.2004 07:00:00   ;     0,0
05.05.2004 07:00:00   ;     0,0
06.05.2004 07:00:00   ;     8,1
07.05.2004 07:00:00   ;     0,0
08.05.2004 07:00:00   ;     1,2
09.05.2004 07:00:00   ;     2,9
10.05.2004 07:00:00   ;     0,6
11.05.2004 07:00:00   ;     0,0
12.05.2004 07:00:00   ;     2,1
13.05.2004 07:00:00   ;     3,9
14.05.2004 07:00:00   ;     0,0
15.05.2004 07:00:00   ;    13,2
16.05.2004 07:00:00   ;     0,0
17.05.2004 07:00:00   ;     0,0
18.05.2004 07:00:00   ;     0,0
19.05.2004 07:00:00   ;     0,0
20.05.2004 07:00:00   ;     0,0
21.05.2004 07:00:00   ;     4,1
22.05.2004 07:00:00   ;     0,1
23.05.2004 07:00:00   ;     1,3
24.05.2004 07:00:00   ;     0,0
25.05.2004 07:00:00   ;     0,0
26.05.2004 07:00:00   ;     0,0
27.05.2004 07:00:00   ;     0,0
28.05.2004 07:00:00   ;     0,4
29.05.2004 07:00:00   ;     0,0
30.05.2004 07:00:00   ;     0,0
31.05.2004 07:00:00   ;     0,0
01.06.2004 07:00:00   ;     2,3
02.06.2004 07:00:00   ;    24,2
03.06.2004 07:00:00   ;    20,6
04.06.2004 07:00:00   ;     0,3
05.06.2004 07:00:00   ;     6,3
06.06.2004 07:00:00   ;     1,4
07.06.2004 07:00:00   ;     0,0
08.06.2004 07:00:00   ;     0,0
09.06.2004 07:00:00   ;     0,5
10.06.2004 07:00:00   ;     6,9
11.06.2004 07:00:00   ;     0,3
12.06.2004 07:00:00   ;     3,3
13.06.2004 07:00:00   ;     0,0
14.06.2004 07:00:00   ;     0,0
15.06.2004 07:00:00   ;     0,4
16.06.2004 07:00:00   ;     0,5
17.06.2004 07:00:00   ;     0,0
18.06.2004 07:00:00   ;     0,9
19.06.2004 07:00:00   ;    10,4
20.06.2004 07:00:00   ;     7,5
21.06.2004 07:00:00   ;     0,0
22.06.2004 07:00:00   ;     0,0
23.06.2004 07:00:00   ;     7,3
24.06.2004 07:00:00   ;     1,7
25.06.2004 07:00:00   ;     4,9
26.06.2004 07:00:00   ;     0,0
27.06.2004 07:00:00   ;     0,6
28.06.2004 07:00:00   ;     0,0
29.06.2004 07:00:00   ;     5,5
30.06.2004 07:00:00   ;     0,0
01.07.2004 07:00:00   ;    13,9
02.07.2004 07:00:00   ;     0,0
03.07.2004 07:00:00   ;     1,3
04.07.2004 07:00:00   ;     0,0
05.07.2004 07:00:00   ;     0,0
06.07.2004 07:00:00   ;     1,6
07.07.2004 07:00:00   ;     0,0
08.07.2004 07:00:00   ;     0,0
09.07.2004 07:00:00   ;     1,1
10.07.2004 07:00:00   ;     1,8
11.07.2004 07:00:00   ;     2,6
12.07.2004 07:00:00   ;     5,1
13.07.2004 07:00:00   ;     0,7
14.07.2004 07:00:00   ;     2,1
15.07.2004 07:00:00   ;     7,9
16.07.2004 07:00:00   ;     0,7
17.07.2004 07:00:00   ;     0,0
18.07.2004 07:00:00   ;     0,0
19.07.2004 07:00:00   ;     0,0
20.07.2004 07:00:00   ;     0,0
21.07.2004 07:00:00   ;     0,0
22.07.2004 07:00:00   ;     0,0
23.07.2004 07:00:00   ;     0,0
24.07.2004 07:00:00   ;    11,9
25.07.2004 07:00:00   ;     0,0
26.07.2004 07:00:00   ;     0,3
27.07.2004 07:00:00   ;     0,0
28.07.2004 07:00:00   ;     1,8
29.07.2004 07:00:00   ;     1,3
30.07.2004 07:00:00   ;     0,0
31.07.2004 07:00:00   ;     0,0
01.08.2004 07:00:00   ;     0,6
02.08.2004 07:00:00   ;     0,0
03.08.2004 07:00:00   ;     0,0
04.08.2004 07:00:00   ;     0,0
05.08.2004 07:00:00   ;     0,0
06.08.2004 07:00:00   ;     0,0
07.08.2004 07:00:00   ;     0,0
08.08.2004 07:00:00   ;     0,0
09.08.2004 07:00:00   ;     0,0
10.08.2004 07:00:00   ;     0,0
11.08.2004 07:00:00   ;     0,0
12.08.2004 07:00:00   ;     1,3
13.08.2004 07:00:00   ;     0,0
14.08.2004 07:00:00   ;     1,8
15.08.2004 07:00:00   ;     0,0
16.08.2004 07:00:00   ;     0,0
17.08.2004 07:00:00   ;     0,0
18.08.2004 07:00:00   ;     0,0
19.08.2004 07:00:00   ;     0,0
20.08.2004 07:00:00   ;     0,9
21.08.2004 07:00:00   ;     0,1
22.08.2004 07:00:00   ;     0,0
23.08.2004 07:00:00   ;     0,0
24.08.2004 07:00:00   ;     3,7
25.08.2004 07:00:00   ;     0,7
26.08.2004 07:00:00   ;     7,1
27.08.2004 07:00:00   ;     0,0
28.08.2004 07:00:00   ;     0,0
29.08.2004 07:00:00   ;     0,0
30.08.2004 07:00:00   ;     0,8
31.08.2004 07:00:00   ;     3,9
01.09.2004 07:00:00   ;     0,0
02.09.2004 07:00:00   ;     0,0
03.09.2004 07:00:00   ;     0,0
04.09.2004 07:00:00   ;     0,0
05.09.2004 07:00:00   ;     0,0
06.09.2004 07:00:00   ;     0,0
07.09.2004 07:00:00   ;     0,0
08.09.2004 07:00:00   ;     0,0
09.09.2004 07:00:00   ;     0,0
10.09.2004 07:00:00   ;     0,0
11.09.2004 07:00:00   ;     0,1
12.09.2004 07:00:00   ;     1,9
13.09.2004 07:00:00   ;     0,0
14.09.2004 07:00:00   ;     4,5
15.09.2004 07:00:00   ;     3,9
16.09.2004 07:00:00   ;     0,0
17.09.2004 07:00:00   ;     0,0
18.09.2004 07:00:00   ;     0,0
19.09.2004 07:00:00   ;     0,0
20.09.2004 07:00:00   ;     0,0
21.09.2004 07:00:00   ;     0,0
22.09.2004 07:00:00   ;     5,6
23.09.2004 07:00:00   ;    14,7
24.09.2004 07:00:00   ;     3,7
25.09.2004 07:00:00   ;     0,2
26.09.2004 07:00:00   ;     1,9
27.09.2004 07:00:00   ;     0,7
28.09.2004 07:00:00   ;     0,0
29.09.2004 07:00:00   ;     0,3
30.09.2004 07:00:00   ;     0,0
01.10.2004 07:00:00   ;     0,0
02.10.2004 07:00:00   ;     4,4
03.10.2004 07:00:00   ;     0,0
04.10.2004 07:00:00   ;     0,0
05.10.2004 07:00:00   ;     0,0
06.10.2004 07:00:00   ;     0,0
07.10.2004 07:00:00   ;     0,0
08.10.2004 07:00:00   ;    10,2
09.10.2004 07:00:00   ;     4,4
10.10.2004 07:00:00   ;     0,8
11.10.2004 07:00:00   ;     0,0
12.10.2004 07:00:00   ;     0,0
13.10.2004 07:00:00   ;     0,0
14.10.2004 07:00:00   ;     0,0
15.10.2004 07:00:00   ;     1,9
16.10.2004 07:00:00   ;    10,8
17.10.2004 07:00:00   ;     0,6
18.10.2004 07:00:00   ;     0,4
19.10.2004 07:00:00   ;     0,0
20.10.2004 07:00:00   ;     0,9
21.10.2004 07:00:00   ;     0,8
22.10.2004 07:00:00   ;     1,5
23.10.2004 07:00:00   ;     0,4
24.10.2004 07:00:00   ;     0,2
25.10.2004 07:00:00   ;     0,2
26.10.2004 07:00:00   ;     0,5
27.10.2004 07:00:00   ;     0,0
28.10.2004 07:00:00   ;     0,0
29.10.2004 07:00:00   ;     0,0
30.10.2004 07:00:00   ;     0,0
31.10.2004 07:00:00   ;     5,2
01.11.2004 07:00:00   ;     0,7
02.11.2004 07:00:00   ;     1,1
03.11.2004 07:00:00   ;     0,0
04.11.2004 07:00:00   ;     0,2
05.11.2004 07:00:00   ;     0,6
06.11.2004 07:00:00   ;     0,0
07.11.2004 07:00:00   ;     0,0
08.11.2004 07:00:00   ;    17,6
09.11.2004 07:00:00   ;    13,9
10.11.2004 07:00:00   ;     0,0
11.11.2004 07:00:00   ;     0,0
12.11.2004 07:00:00   ;     0,0
13.11.2004 07:00:00   ;     1,5
14.11.2004 07:00:00   ;     0,0
15.11.2004 07:00:00   ;     0,0
16.11.2004 07:00:00   ;     0,0
17.11.2004 07:00:00   ;     0,9
18.11.2004 07:00:00   ;     0,0
19.11.2004 07:00:00   ;     0,6
20.11.2004 07:00:00   ;     0,4
21.11.2004 07:00:00   ;     0,0
22.11.2004 07:00:00   ;     0,8
23.11.2004 07:00:00   ;     3,9
24.11.2004 07:00:00   ;     0,0
25.11.2004 07:00:00   ;     0,0
26.11.2004 07:00:00   ;     0,0
27.11.2004 07:00:00   ;     0,0
28.11.2004 07:00:00   ;     0,1
29.11.2004 07:00:00   ;     0,2
30.11.2004 07:00:00   ;     0,0
01.12.2004 07:00:00   ;     0,0
02.12.2004 07:00:00   ;     0,0
03.12.2004 07:00:00   ;     0,0
04.12.2004 07:00:00   ;     0,1
05.12.2004 07:00:00   ;     0,2
06.12.2004 07:00:00   ;     0,0
07.12.2004 07:00:00   ;     0,0
08.12.2004 07:00:00   ;     0,0
09.12.2004 07:00:00   ;     0,0
10.12.2004 07:00:00   ;     0,0
11.12.2004 07:00:00   ;     0,0
12.12.2004 07:00:00   ;     0,0
13.12.2004 07:00:00   ;     0,0
14.12.2004 07:00:00   ;     0,0
15.12.2004 07:00:00   ;     0,0
16.12.2004 07:00:00   ;     0,0
17.12.2004 07:00:00   ;     0,9
18.12.2004 07:00:00   ;     0,0
19.12.2004 07:00:00   ;     0,4
20.12.2004 07:00:00   ;     0,0
21.12.2004 07:00:00   ;     0,0
22.12.2004 07:00:00   ;     0,0
23.12.2004 07:00:00   ;     0,0
24.12.2004 07:00:00   ;     0,0
25.12.2004 07:00:00   ;     0,0
26.12.2004 07:00:00   ;     8,5
27.12.2004 07:00:00   ;     1,7
28.12.2004 07:00:00   ;     0,0
29.12.2004 07:00:00   ;     0,0
30.12.2004 07:00:00   ;     0,0
31.12.2004 07:00:00   ;     0,0
01.01.2005 07:00:00   ;     0,6
02.01.2005 07:00:00   ;     0,0
03.01.2005 07:00:00   ;     0,0
04.01.2005 07:00:00   ;     0,0
05.01.2005 07:00:00   ;     2,2
06.01.2005 07:00:00   ;     0,3
07.01.2005 07:00:00   ;     0,0
08.01.2005 07:00:00   ;     0,0
09.01.2005 07:00:00   ;     0,0
10.01.2005 07:00:00   ;     0,0
11.01.2005 07:00:00   ;     0,0
12.01.2005 07:00:00   ;     0,8
13.01.2005 07:00:00   ;     2,5
14.01.2005 07:00:00   ;     0,3
15.01.2005 07:00:00   ;     0,0
16.01.2005 07:00:00   ;     0,0
17.01.2005 07:00:00   ;     0,0
18.01.2005 07:00:00   ;     2,0
19.01.2005 07:00:00   ;     0,0
20.01.2005 07:00:00   ;     4,9
21.01.2005 07:00:00   ;     0,0
22.01.2005 07:00:00   ;     0,0
23.01.2005 07:00:00   ;     0,0
24.01.2005 07:00:00   ;     0,0
25.01.2005 07:00:00   ;     0,0
26.01.2005 07:00:00   ;     6,8
27.01.2005 07:00:00   ;     0,5
28.01.2005 07:00:00   ;     0,2
29.01.2005 07:00:00   ;     0,0
30.01.2005 07:00:00   ;     0,0
31.01.2005 07:00:00   ;     4,5
01.02.2005 07:00:00   ;     0,0
02.02.2005 07:00:00   ;     0,7
03.02.2005 07:00:00   ;     0,2
04.02.2005 07:00:00   ;     0,0
05.02.2005 07:00:00   ;     0,0
06.02.2005 07:00:00   ;     0,0
07.02.2005 07:00:00   ;     0,0
08.02.2005 07:00:00   ;     0,0
09.02.2005 07:00:00   ;     0,0
10.02.2005 07:00:00   ;     1,1
11.02.2005 07:00:00   ;    11,1
12.02.2005 07:00:00   ;     9,3
13.02.2005 07:00:00   ;     0,0
14.02.2005 07:00:00   ;     0,0
15.02.2005 07:00:00   ;    14,5
16.02.2005 07:00:00   ;     1,5
17.02.2005 07:00:00   ;     2,9
18.02.2005 07:00:00   ;     0,0
19.02.2005 07:00:00   ;     0,0
20.02.2005 07:00:00   ;     0,0
21.02.2005 07:00:00   ;     8,5
22.02.2005 07:00:00   ;     0,9
23.02.2005 07:00:00   ;     1,9
24.02.2005 07:00:00   ;     4,1
25.02.2005 07:00:00   ;     0,0
26.02.2005 07:00:00   ;     0,0
27.02.2005 07:00:00   ;     0,9
28.02.2005 07:00:00   ;     0,0
01.03.2005 07:00:00   ;     0,0
02.03.2005 07:00:00   ;     0,0
03.03.2005 07:00:00   ;     2,3
04.03.2005 07:00:00   ;     1,4
05.03.2005 07:00:00   ;     0,0
06.03.2005 07:00:00   ;     0,0
07.03.2005 07:00:00   ;     0,0
08.03.2005 07:00:00   ;     0,4
09.03.2005 07:00:00   ;     0,6
10.03.2005 07:00:00   ;     0,0
11.03.2005 07:00:00   ;     0,0
12.03.2005 07:00:00   ;     0,7
13.03.2005 07:00:00   ;     0,0
14.03.2005 07:00:00   ;     0,0
15.03.2005 07:00:00   ;     0,0
16.03.2005 07:00:00   ;     0,0
17.03.2005 07:00:00   ;     0,0
18.03.2005 07:00:00   ;     1,0
19.03.2005 07:00:00   ;     0,0
20.03.2005 07:00:00   ;     0,0
21.03.2005 07:00:00   ;     0,0
22.03.2005 07:00:00   ;     0,0
23.03.2005 07:00:00   ;     0,0
24.03.2005 07:00:00   ;     0,0
25.03.2005 07:00:00   ;     0,5
26.03.2005 07:00:00   ;     0,0
27.03.2005 07:00:00   ;     0,0
28.03.2005 07:00:00   ;     0,0
29.03.2005 07:00:00   ;     0,0
30.03.2005 07:00:00   ;     0,0
31.03.2005 07:00:00   ;     0,0
01.04.2005 07:00:00   ;     0,0
02.04.2005 07:00:00   ;     0,0
03.04.2005 07:00:00   ;     0,0
04.04.2005 07:00:00   ;     0,0
05.04.2005 07:00:00   ;     0,0
06.04.2005 07:00:00   ;     0,0
07.04.2005 07:00:00   ;     0,0
08.04.2005 07:00:00   ;     0,3
09.04.2005 07:00:00   ;     4,4
10.04.2005 07:00:00   ;     0,0
11.04.2005 07:00:00   ;     0,0
12.04.2005 07:00:00   ;     0,2
13.04.2005 07:00:00   ;     1,5
14.04.2005 07:00:00   ;     0,0
15.04.2005 07:00:00   ;     0,0
16.04.2005 07:00:00   ;     0,0
17.04.2005 07:00:00   ;    11,2
18.04.2005 07:00:00   ;     1,6
19.04.2005 07:00:00   ;     1,1
20.04.2005 07:00:00   ;     6,4
21.04.2005 07:00:00   ;     0,0
22.04.2005 07:00:00   ;     0,0
23.04.2005 07:00:00   ;     0,0
24.04.2005 07:00:00   ;     0,0
25.04.2005 07:00:00   ;     7,7
26.04.2005 07:00:00   ;     0,8
27.04.2005 07:00:00   ;     3,8
28.04.2005 07:00:00   ;     0,0
29.04.2005 07:00:00   ;     0,0
30.04.2005 07:00:00   ;     0,0
01.05.2005 07:00:00   ;     1,6
02.05.2005 07:00:00   ;     0,0
03.05.2005 07:00:00   ;     9,4
04.05.2005 07:00:00   ;     0,0
05.05.2005 07:00:00   ;     3,1
06.05.2005 07:00:00   ;     0,1
07.05.2005 07:00:00   ;     2,5
08.05.2005 07:00:00   ;     0,0
09.05.2005 07:00:00   ;     1,1
10.05.2005 07:00:00   ;     1,9
11.05.2005 07:00:00   ;     1,1
12.05.2005 07:00:00   ;     0,0
13.05.2005 07:00:00   ;     0,0
14.05.2005 07:00:00   ;     0,0
15.05.2005 07:00:00   ;     2,1
16.05.2005 07:00:00   ;     0,0
17.05.2005 07:00:00   ;     1,3
18.05.2005 07:00:00   ;    17,1
19.05.2005 07:00:00   ;     1,1
20.05.2005 07:00:00   ;     0,0
21.05.2005 07:00:00   ;     0,0
22.05.2005 07:00:00   ;     0,0
23.05.2005 07:00:00   ;    12,4
24.05.2005 07:00:00   ;     0,0
25.05.2005 07:00:00   ;     0,0
26.05.2005 07:00:00   ;     0,0
27.05.2005 07:00:00   ;     0,0
28.05.2005 07:00:00   ;     0,0
29.05.2005 07:00:00   ;     0,0
30.05.2005 07:00:00   ;    12,8
31.05.2005 07:00:00   ;     0,2
01.06.2005 07:00:00   ;     0,1
02.06.2005 07:00:00   ;     0,0
03.06.2005 07:00:00   ;     0,0
04.06.2005 07:00:00   ;    13,5
05.06.2005 07:00:00   ;     1,5
06.06.2005 07:00:00   ;     4,1
07.06.2005 07:00:00   ;     0,8
08.06.2005 07:00:00   ;     0,1
09.06.2005 07:00:00   ;     3,4
10.06.2005 07:00:00   ;     0,0
11.06.2005 07:00:00   ;     1,3
12.06.2005 07:00:00   ;     0,0
13.06.2005 07:00:00   ;     0,0
14.06.2005 07:00:00   ;     0,0
15.06.2005 07:00:00   ;     0,0
16.06.2005 07:00:00   ;     0,0
17.06.2005 07:00:00   ;     0,0
18.06.2005 07:00:00   ;     0,0
19.06.2005 07:00:00   ;     0,0
20.06.2005 07:00:00   ;     0,0
21.06.2005 07:00:00   ;     0,0
22.06.2005 07:00:00   ;     0,9
23.06.2005 07:00:00   ;     0,0
24.06.2005 07:00:00   ;     0,0
25.06.2005 07:00:00   ;     0,0
26.06.2005 07:00:00   ;     4,5
27.06.2005 07:00:00   ;     0,0
28.06.2005 07:00:00   ;     0,0
29.06.2005 07:00:00   ;     4,6
30.06.2005 07:00:00   ;     2,9
01.07.2005 07:00:00   ;    27,5
02.07.2005 07:00:00   ;     1,5
03.07.2005 07:00:00   ;     0,0
04.07.2005 07:00:00   ;     0,0
05.07.2005 07:00:00   ;    14,4
06.07.2005 07:00:00   ;     0,0
07.07.2005 07:00:00   ;    10,2
08.07.2005 07:00:00   ;     8,5
09.07.2005 07:00:00   ;     8,3
10.07.2005 07:00:00   ;    54,4
11.07.2005 07:00:00   ;     9,7
12.07.2005 07:00:00   ;     2,3
13.07.2005 07:00:00   ;     2,2
14.07.2005 07:00:00   ;     0,1
15.07.2005 07:00:00   ;     0,9
16.07.2005 07:00:00   ;     0,0
17.07.2005 07:00:00   ;     0,0
18.07.2005 07:00:00   ;     5,9
19.07.2005 07:00:00   ;     3,1
20.07.2005 07:00:00   ;     0,0
21.07.2005 07:00:00   ;     0,0
22.07.2005 07:00:00   ;     0,0
23.07.2005 07:00:00   ;     1,3
24.07.2005 07:00:00   ;     0,0
25.07.2005 07:00:00   ;     9,2
26.07.2005 07:00:00   ;     0,9
27.07.2005 07:00:00   ;     0,0
28.07.2005 07:00:00   ;     0,0
29.07.2005 07:00:00   ;     0,0
30.07.2005 07:00:00   ;     0,0
31.07.2005 07:00:00   ;     9,3
01.08.2005 07:00:00   ;     0,0
02.08.2005 07:00:00   ;     0,0
03.08.2005 07:00:00   ;     4,5
04.08.2005 07:00:00   ;     0,0
05.08.2005 07:00:00   ;     0,4
06.08.2005 07:00:00   ;     0,0
07.08.2005 07:00:00   ;     0,0
08.08.2005 07:00:00   ;     8,4
09.08.2005 07:00:00   ;     0,0
10.08.2005 07:00:00   ;     0,0
11.08.2005 07:00:00   ;     0,0
12.08.2005 07:00:00   ;     0,0
13.08.2005 07:00:00   ;     0,0
14.08.2005 07:00:00   ;    17,7
15.08.2005 07:00:00   ;    35,2
16.08.2005 07:00:00   ;     0,0
17.08.2005 07:00:00   ;     0,3
18.08.2005 07:00:00   ;     0,0
19.08.2005 07:00:00   ;     0,0
20.08.2005 07:00:00   ;     0,0
21.08.2005 07:00:00   ;    24,8
22.08.2005 07:00:00   ;    33,3
23.08.2005 07:00:00   ;     0,8
24.08.2005 07:00:00   ;     0,0
25.08.2005 07:00:00   ;     0,0
26.08.2005 07:00:00   ;     0,0
27.08.2005 07:00:00   ;     0,0
28.08.2005 07:00:00   ;     9,0
29.08.2005 07:00:00   ;     0,0
30.08.2005 07:00:00   ;     0,0
31.08.2005 07:00:00   ;     0,0
01.09.2005 07:00:00   ;     0,0
02.09.2005 07:00:00   ;     0,0
03.09.2005 07:00:00   ;     0,0
04.09.2005 07:00:00   ;     0,0
05.09.2005 07:00:00   ;     0,0
06.09.2005 07:00:00   ;     0,0
07.09.2005 07:00:00   ;     0,0
08.09.2005 07:00:00   ;     0,0
09.09.2005 07:00:00   ;     0,0
10.09.2005 07:00:00   ;     1,1
11.09.2005 07:00:00   ;     0,2
12.09.2005 07:00:00   ;     0,2
13.09.2005 07:00:00   ;     2,0
14.09.2005 07:00:00   ;     0,0
15.09.2005 07:00:00   ;     1,4
16.09.2005 07:00:00   ;    17,8
17.09.2005 07:00:00   ;     3,6
18.09.2005 07:00:00   ;     0,0
19.09.2005 07:00:00   ;     0,2
20.09.2005 07:00:00   ;     2,8
21.09.2005 07:00:00   ;     0,0
22.09.2005 07:00:00   ;     0,0
23.09.2005 07:00:00   ;     0,0
24.09.2005 07:00:00   ;     0,0
25.09.2005 07:00:00   ;     0,0
26.09.2005 07:00:00   ;     0,0
27.09.2005 07:00:00   ;     7,9
28.09.2005 07:00:00   ;     0,0
29.09.2005 07:00:00   ;     8,1
30.09.2005 07:00:00   ;     0,3
01.10.2005 07:00:00   ;     0,0
02.10.2005 07:00:00   ;     1,8
03.10.2005 07:00:00   ;     0,7
04.10.2005 07:00:00   ;     0,0
05.10.2005 07:00:00   ;     0,0
06.10.2005 07:00:00   ;     0,0
07.10.2005 07:00:00   ;     0,0
08.10.2005 07:00:00   ;     0,0
09.10.2005 07:00:00   ;     0,0
10.10.2005 07:00:00   ;     0,0
11.10.2005 07:00:00   ;     0,0
12.10.2005 07:00:00   ;     0,0
13.10.2005 07:00:00   ;     0,0
14.10.2005 07:00:00   ;     0,0
15.10.2005 07:00:00   ;     0,0
16.10.2005 07:00:00   ;     0,0
17.10.2005 07:00:00   ;     0,0
18.10.2005 07:00:00   ;     0,0
19.10.2005 07:00:00   ;     0,0
20.10.2005 07:00:00   ;     0,0
21.10.2005 07:00:00   ;     1,1
22.10.2005 07:00:00   ;     0,0
23.10.2005 07:00:00   ;     1,7
24.10.2005 07:00:00   ;     0,0
25.10.2005 07:00:00   ;     0,0
26.10.2005 07:00:00   ;     0,0
27.10.2005 07:00:00   ;     0,0
28.10.2005 07:00:00   ;     0,0
29.10.2005 07:00:00   ;     0,0
30.10.2005 07:00:00   ;     0,0
31.10.2005 07:00:00   ;     0,0
01.11.2005 07:00:00   ;     1,2
02.11.2005 07:00:00   ;     0,0
03.11.2005 07:00:00   ;     0,0
04.11.2005 07:00:00   ;     0,0
05.11.2005 07:00:00   ;     1,1
06.11.2005 07:00:00   ;     0,2
07.11.2005 07:00:00   ;     0,0
08.11.2005 07:00:00   ;     0,0
09.11.2005 07:00:00   ;     0,0
10.11.2005 07:00:00   ;     0,0
11.11.2005 07:00:00   ;     0,1
12.11.2005 07:00:00   ;     0,0
13.11.2005 07:00:00   ;     0,1
14.11.2005 07:00:00   ;     0,0
15.11.2005 07:00:00   ;     0,0
16.11.2005 07:00:00   ;     0,8
17.11.2005 07:00:00   ;     0,2
18.11.2005 07:00:00   ;     0,0
19.11.2005 07:00:00   ;     0,3
20.11.2005 07:00:00   ;     7,4
21.11.2005 07:00:00   ;     0,0
22.11.2005 07:00:00   ;     0,0
23.11.2005 07:00:00   ;     0,0
24.11.2005 07:00:00   ;     0,2
25.11.2005 07:00:00   ;     1,6
26.11.2005 07:00:00   ;     0,6
27.11.2005 07:00:00   ;     4,7
28.11.2005 07:00:00   ;     0,0
29.11.2005 07:00:00   ;     2,9
30.11.2005 07:00:00   ;     0,0
01.12.2005 07:00:00   ;     0,0
02.12.2005 07:00:00   ;     0,0
03.12.2005 07:00:00   ;     0,0
04.12.2005 07:00:00   ;     0,0
05.12.2005 07:00:00   ;     2,5
06.12.2005 07:00:00   ;    34,3
07.12.2005 07:00:00   ;     0,0
08.12.2005 07:00:00   ;     0,0
09.12.2005 07:00:00   ;     0,0
10.12.2005 07:00:00   ;     0,0
11.12.2005 07:00:00   ;     0,0
12.12.2005 07:00:00   ;     0,0
13.12.2005 07:00:00   ;     0,4
14.12.2005 07:00:00   ;     0,0
15.12.2005 07:00:00   ;     0,0
16.12.2005 07:00:00   ;     0,3
17.12.2005 07:00:00   ;     3,2
18.12.2005 07:00:00   ;     0,0
19.12.2005 07:00:00   ;     5,1
20.12.2005 07:00:00   ;     0,7
21.12.2005 07:00:00   ;     0,0
22.12.2005 07:00:00   ;     2,1
23.12.2005 07:00:00   ;     0,0
24.12.2005 07:00:00   ;     0,7
25.12.2005 07:00:00   ;     0,0
26.12.2005 07:00:00   ;     0,4
27.12.2005 07:00:00   ;     6,5
28.12.2005 07:00:00   ;    10,2
29.12.2005 07:00:00   ;     1,3
30.12.2005 07:00:00   ;     6,1
31.12.2005 07:00:00   ;     0,0
01.01.2006 07:00:00   ;     3,6
02.01.2006 07:00:00   ;    17,2
03.01.2006 07:00:00   ;     7,2
04.01.2006 07:00:00   ;     0,6
05.01.2006 07:00:00   ;     3,0
06.01.2006 07:00:00   ;     0,2
07.01.2006 07:00:00   ;     0,0
08.01.2006 07:00:00   ;     0,0
09.01.2006 07:00:00   ;     0,0
10.01.2006 07:00:00   ;     0,0
11.01.2006 07:00:00   ;     0,0
12.01.2006 07:00:00   ;     0,0
13.01.2006 07:00:00   ;     0,2
14.01.2006 07:00:00   ;     0,1
15.01.2006 07:00:00   ;     0,0
16.01.2006 07:00:00   ;     0,0
17.01.2006 07:00:00   ;     0,6
18.01.2006 07:00:00   ;     0,2
19.01.2006 07:00:00   ;     0,0
20.01.2006 07:00:00   ;     0,0
21.01.2006 07:00:00   ;     0,0
22.01.2006 07:00:00   ;     0,0
23.01.2006 07:00:00   ;     0,0
24.01.2006 07:00:00   ;     0,0
25.01.2006 07:00:00   ;     0,0
26.01.2006 07:00:00   ;     0,0
27.01.2006 07:00:00   ;     0,0
28.01.2006 07:00:00   ;     0,0
29.01.2006 07:00:00   ;     0,0
30.01.2006 07:00:00   ;     0,0
31.01.2006 07:00:00   ;     0,0
01.02.2006 07:00:00   ;     0,0
02.02.2006 07:00:00   ;     0,0
03.02.2006 07:00:00   ;     0,0
04.02.2006 07:00:00   ;     1,9
05.02.2006 07:00:00   ;     0,0
06.02.2006 07:00:00   ;     3,5
07.02.2006 07:00:00   ;    15,5
08.02.2006 07:00:00   ;     0,0
09.02.2006 07:00:00   ;     0,0
10.02.2006 07:00:00   ;     4,4
11.02.2006 07:00:00   ;     1,6
12.02.2006 07:00:00   ;     0,0
13.02.2006 07:00:00   ;     0,6
14.02.2006 07:00:00   ;     0,0
15.02.2006 07:00:00   ;     1,3
16.02.2006 07:00:00   ;     1,6
17.02.2006 07:00:00   ;     0,5
18.02.2006 07:00:00   ;     0,0
19.02.2006 07:00:00   ;     0,0
20.02.2006 07:00:00   ;     5,7
21.02.2006 07:00:00   ;     0,0
22.02.2006 07:00:00   ;     0,0
23.02.2006 07:00:00   ;     0,0
24.02.2006 07:00:00   ;     0,0
25.02.2006 07:00:00   ;     1,5
26.02.2006 07:00:00   ;     0,5
27.02.2006 07:00:00   ;     0,0
28.02.2006 07:00:00   ;     0,0
01.03.2006 07:00:00   ;     0,0
02.03.2006 07:00:00   ;     0,0
03.03.2006 07:00:00   ;     1,7
04.03.2006 07:00:00   ;     5,7
05.03.2006 07:00:00   ;     1,1
06.03.2006 07:00:00   ;     0,0
07.03.2006 07:00:00   ;     0,0
08.03.2006 07:00:00   ;     1,7
09.03.2006 07:00:00   ;     1,9
10.03.2006 07:00:00   ;     0,0
11.03.2006 07:00:00   ;     5,7
12.03.2006 07:00:00   ;     0,3
13.03.2006 07:00:00   ;     1,4
14.03.2006 07:00:00   ;     1,0
15.03.2006 07:00:00   ;     0,0
16.03.2006 07:00:00   ;     0,3
17.03.2006 07:00:00   ;     0,2
18.03.2006 07:00:00   ;     0,0
19.03.2006 07:00:00   ;     0,0
20.03.2006 07:00:00   ;     0,0
21.03.2006 07:00:00   ;     0,0
22.03.2006 07:00:00   ;     0,0
23.03.2006 07:00:00   ;     0,0
24.03.2006 07:00:00   ;     0,0
25.03.2006 07:00:00   ;     2,3
26.03.2006 07:00:00   ;     4,8
27.03.2006 07:00:00   ;     5,4
28.03.2006 07:00:00   ;    18,9
29.03.2006 07:00:00   ;    14,3
30.03.2006 07:00:00   ;     1,7
31.03.2006 07:00:00   ;     0,2
01.04.2006 07:00:00   ;     3,4
02.04.2006 07:00:00   ;     0,0
03.04.2006 07:00:00   ;     0,0
04.04.2006 07:00:00   ;     0,0
05.04.2006 07:00:00   ;     0,8
06.04.2006 07:00:00   ;     0,0
07.04.2006 07:00:00   ;     0,0
08.04.2006 07:00:00   ;     0,0
09.04.2006 07:00:00   ;     0,0
10.04.2006 07:00:00   ;     3,2
11.04.2006 07:00:00   ;     5,2
12.04.2006 07:00:00   ;     0,0
13.04.2006 07:00:00   ;     0,9
14.04.2006 07:00:00   ;     8,2
15.04.2006 07:00:00   ;     0,0
16.04.2006 07:00:00   ;     0,9
17.04.2006 07:00:00   ;     0,0
18.04.2006 07:00:00   ;     0,0
19.04.2006 07:00:00   ;     0,0
20.04.2006 07:00:00   ;     0,0
21.04.2006 07:00:00   ;     0,0
22.04.2006 07:00:00   ;     0,0
23.04.2006 07:00:00   ;     0,0
24.04.2006 07:00:00   ;     0,0
25.04.2006 07:00:00   ;     0,0
26.04.2006 07:00:00   ;     1,4
27.04.2006 07:00:00   ;     8,6
28.04.2006 07:00:00   ;     4,8
29.04.2006 07:00:00   ;    11,1
30.04.2006 07:00:00   ;    19,6
01.05.2006 07:00:00   ;     0,2
02.05.2006 07:00:00   ;     0,0
03.05.2006 07:00:00   ;     0,0
04.05.2006 07:00:00   ;     0,0
05.05.2006 07:00:00   ;     0,0
06.05.2006 07:00:00   ;     0,9
07.05.2006 07:00:00   ;     0,0
08.05.2006 07:00:00   ;     0,0
09.05.2006 07:00:00   ;     0,0
10.05.2006 07:00:00   ;     0,0
11.05.2006 07:00:00   ;     0,0
12.05.2006 07:00:00   ;     0,0
13.05.2006 07:00:00   ;     2,4
14.05.2006 07:00:00   ;    16,2
15.05.2006 07:00:00   ;     0,0
16.05.2006 07:00:00   ;     1,9
17.05.2006 07:00:00   ;     5,4
18.05.2006 07:00:00   ;     6,8
19.05.2006 07:00:00   ;     1,9
20.05.2006 07:00:00   ;     0,0
21.05.2006 07:00:00   ;     0,0
22.05.2006 07:00:00   ;     0,0
23.05.2006 07:00:00   ;     0,0
24.05.2006 07:00:00   ;     0,0
25.05.2006 07:00:00   ;     0,2
26.05.2006 07:00:00   ;    11,6
27.05.2006 07:00:00   ;    23,4
28.05.2006 07:00:00   ;    14,9
29.05.2006 07:00:00   ;     2,1
30.05.2006 07:00:00   ;     3,0
31.05.2006 07:00:00   ;     0,6
01.06.2006 07:00:00   ;     3,3
02.06.2006 07:00:00   ;    22,7
03.06.2006 07:00:00   ;     3,6
04.06.2006 07:00:00   ;     0,9
05.06.2006 07:00:00   ;     0,2
06.06.2006 07:00:00   ;     0,0
07.06.2006 07:00:00   ;     0,0
08.06.2006 07:00:00   ;     0,0
09.06.2006 07:00:00   ;     6,9
10.06.2006 07:00:00   ;     0,7
11.06.2006 07:00:00   ;     0,0
12.06.2006 07:00:00   ;     0,0
13.06.2006 07:00:00   ;     0,0
14.06.2006 07:00:00   ;     0,0
15.06.2006 07:00:00   ;     0,0
16.06.2006 07:00:00   ;     0,0
17.06.2006 07:00:00   ;     6,8
18.06.2006 07:00:00   ;     0,0
19.06.2006 07:00:00   ;     6,7
20.06.2006 07:00:00   ;     0,0
21.06.2006 07:00:00   ;     0,4
22.06.2006 07:00:00   ;     0,5
23.06.2006 07:00:00   ;     1,5
24.06.2006 07:00:00   ;     0,0
25.06.2006 07:00:00   ;     0,0
26.06.2006 07:00:00   ;     0,0
27.06.2006 07:00:00   ;     0,9
28.06.2006 07:00:00   ;     0,0
29.06.2006 07:00:00   ;    24,4
30.06.2006 07:00:00   ;     7,3
01.07.2006 07:00:00   ;     0,0
02.07.2006 07:00:00   ;     0,0
03.07.2006 07:00:00   ;     0,0
04.07.2006 07:00:00   ;     0,0
05.07.2006 07:00:00   ;     0,0
06.07.2006 07:00:00   ;     0,0
07.07.2006 07:00:00   ;     8,5
08.07.2006 07:00:00   ;     8,3
09.07.2006 07:00:00   ;     0,0
10.07.2006 07:00:00   ;     0,0
11.07.2006 07:00:00   ;     0,0
12.07.2006 07:00:00   ;     0,0
13.07.2006 07:00:00   ;     0,0
14.07.2006 07:00:00   ;     4,3
15.07.2006 07:00:00   ;     0,0
16.07.2006 07:00:00   ;     0,0
17.07.2006 07:00:00   ;     0,0
18.07.2006 07:00:00   ;     0,0
19.07.2006 07:00:00   ;     0,0
20.07.2006 07:00:00   ;     0,0
21.07.2006 07:00:00   ;     0,0
22.07.2006 07:00:00   ;     0,9
23.07.2006 07:00:00   ;     0,0
24.07.2006 07:00:00   ;     0,0
25.07.2006 07:00:00   ;     0,0
26.07.2006 07:00:00   ;     0,0
27.07.2006 07:00:00   ;     0,0
28.07.2006 07:00:00   ;     0,0
29.07.2006 07:00:00   ;    11,2
30.07.2006 07:00:00   ;     0,0
31.07.2006 07:00:00   ;     0,0
01.08.2006 07:00:00   ;     2,1
02.08.2006 07:00:00   ;     0,0
03.08.2006 07:00:00   ;    25,5
04.08.2006 07:00:00   ;     4,5
05.08.2006 07:00:00   ;    20,9
06.08.2006 07:00:00   ;     1,9
07.08.2006 07:00:00   ;    55,9
08.08.2006 07:00:00   ;     3,4
09.08.2006 07:00:00   ;     0,0
10.08.2006 07:00:00   ;     0,0
11.08.2006 07:00:00   ;     0,0
12.08.2006 07:00:00   ;     6,2
13.08.2006 07:00:00   ;     0,0
14.08.2006 07:00:00   ;     1,2
15.08.2006 07:00:00   ;     0,7
16.08.2006 07:00:00   ;     0,0
17.08.2006 07:00:00   ;     0,0
18.08.2006 07:00:00   ;     0,0
19.08.2006 07:00:00   ;     0,0
20.08.2006 07:00:00   ;     9,7
21.08.2006 07:00:00   ;     1,4
22.08.2006 07:00:00   ;    10,1
23.08.2006 07:00:00   ;     0,5
24.08.2006 07:00:00   ;     7,4
25.08.2006 07:00:00   ;     3,1
26.08.2006 07:00:00   ;     0,0
27.08.2006 07:00:00   ;     2,0
28.08.2006 07:00:00   ;     3,4
29.08.2006 07:00:00   ;     0,2
30.08.2006 07:00:00   ;     3,1
31.08.2006 07:00:00   ;     1,1
01.09.2006 07:00:00   ;     0,0
02.09.2006 07:00:00   ;     0,0
03.09.2006 07:00:00   ;     0,0
04.09.2006 07:00:00   ;     0,0
05.09.2006 07:00:00   ;     0,0
06.09.2006 07:00:00   ;     0,0
07.09.2006 07:00:00   ;     9,9
08.09.2006 07:00:00   ;     0,0
09.09.2006 07:00:00   ;     0,0
10.09.2006 07:00:00   ;     0,0
11.09.2006 07:00:00   ;     0,0
12.09.2006 07:00:00   ;     0,0
13.09.2006 07:00:00   ;     0,0
14.09.2006 07:00:00   ;     0,0
15.09.2006 07:00:00   ;     0,0
16.09.2006 07:00:00   ;     0,6
17.09.2006 07:00:00   ;     0,0
18.09.2006 07:00:00   ;     0,1
19.09.2006 07:00:00   ;     0,0
20.09.2006 07:00:00   ;     0,0
21.09.2006 07:00:00   ;     0,0
22.09.2006 07:00:00   ;     0,0
23.09.2006 07:00:00   ;     0,0
24.09.2006 07:00:00   ;     0,0
25.09.2006 07:00:00   ;     0,0
26.09.2006 07:00:00   ;     0,0
27.09.2006 07:00:00   ;     0,0
28.09.2006 07:00:00   ;     0,0
29.09.2006 07:00:00   ;     0,0
30.09.2006 07:00:00   ;     0,0
01.10.2006 07:00:00   ;     2,1
02.10.2006 07:00:00   ;     1,9
03.10.2006 07:00:00   ;     0,0
04.10.2006 07:00:00   ;     0,0
05.10.2006 07:00:00   ;     0,0
06.10.2006 07:00:00   ;     0,0
07.10.2006 07:00:00   ;     0,0
08.10.2006 07:00:00   ;     0,0
09.10.2006 07:00:00   ;     0,0
10.10.2006 07:00:00   ;     0,0
11.10.2006 07:00:00   ;     0,0
12.10.2006 07:00:00   ;     0,0
13.10.2006 07:00:00   ;     0,0
14.10.2006 07:00:00   ;     0,0
15.10.2006 07:00:00   ;     0,0
16.10.2006 07:00:00   ;     0,0
17.10.2006 07:00:00   ;     0,0
18.10.2006 07:00:00   ;     0,0
19.10.2006 07:00:00   ;     0,0
20.10.2006 07:00:00   ;     0,8
21.10.2006 07:00:00   ;     0,0
22.10.2006 07:00:00   ;     0,5
23.10.2006 07:00:00   ;     0,0
24.10.2006 07:00:00   ;     3,3
25.10.2006 07:00:00   ;     0,0
26.10.2006 07:00:00   ;     0,0
27.10.2006 07:00:00   ;     0,0
28.10.2006 07:00:00   ;     4,1
29.10.2006 07:00:00   ;     4,5
30.10.2006 07:00:00   ;     0,0
31.10.2006 07:00:00   ;     0,0
01.11.2006 07:00:00   ;     0,8
02.11.2006 07:00:00   ;     0,7
03.11.2006 07:00:00   ;     1,1
04.11.2006 07:00:00   ;     2,1
05.11.2006 07:00:00   ;     0,0
06.11.2006 07:00:00   ;     0,0
07.11.2006 07:00:00   ;     0,0
08.11.2006 07:00:00   ;     0,1
09.11.2006 07:00:00   ;     2,1
10.11.2006 07:00:00   ;     0,0
11.11.2006 07:00:00   ;     1,4
12.11.2006 07:00:00   ;     0,0
13.11.2006 07:00:00   ;     0,9
14.11.2006 07:00:00   ;     0,1
15.11.2006 07:00:00   ;     0,0
16.11.2006 07:00:00   ;     0,0
17.11.2006 07:00:00   ;     0,0
18.11.2006 07:00:00   ;     0,1
19.11.2006 07:00:00   ;     0,1
20.11.2006 07:00:00   ;     1,9
21.11.2006 07:00:00   ;     0,1
22.11.2006 07:00:00   ;     4,1
23.11.2006 07:00:00   ;     0,0
24.11.2006 07:00:00   ;     0,0
25.11.2006 07:00:00   ;     0,0
26.11.2006 07:00:00   ;     0,1
27.11.2006 07:00:00   ;     0,0
28.11.2006 07:00:00   ;     0,0
29.11.2006 07:00:00   ;     0,1
30.11.2006 07:00:00   ;     0,1
01.12.2006 07:00:00   ;     0,0
02.12.2006 07:00:00   ;     0,0
03.12.2006 07:00:00   ;     0,0
04.12.2006 07:00:00   ;     1,9
05.12.2006 07:00:00   ;     0,9
06.12.2006 07:00:00   ;     0,1
07.12.2006 07:00:00   ;     0,1
08.12.2006 07:00:00   ;     0,0
09.12.2006 07:00:00   ;     3,9
10.12.2006 07:00:00   ;     0,0
11.12.2006 07:00:00   ;     0,0
12.12.2006 07:00:00   ;     0,3
13.12.2006 07:00:00   ;     0,0
14.12.2006 07:00:00   ;     0,0
15.12.2006 07:00:00   ;     0,0
16.12.2006 07:00:00   ;     0,2
17.12.2006 07:00:00   ;     0,3
18.12.2006 07:00:00   ;     0,0
19.12.2006 07:00:00   ;     0,0
20.12.2006 07:00:00   ;     0,0
21.12.2006 07:00:00   ;     0,0
22.12.2006 07:00:00   ;     0,0
23.12.2006 07:00:00   ;     0,0
24.12.2006 07:00:00   ;     0,0
25.12.2006 07:00:00   ;     0,2
26.12.2006 07:00:00   ;     0,0
27.12.2006 07:00:00   ;     0,0
28.12.2006 07:00:00   ;     3,2
29.12.2006 07:00:00   ;     0,0
30.12.2006 07:00:00   ;     0,4
31.12.2006 07:00:00   ;     0,3
01.01.2007 07:00:00   ;     1,4
02.01.2007 07:00:00   ;     0,0
03.01.2007 07:00:00   ;     0,3
04.01.2007 07:00:00   ;     0,0
05.01.2007 07:00:00   ;     0,0
06.01.2007 07:00:00   ;     0,9
07.01.2007 07:00:00   ;     0,0
08.01.2007 07:00:00   ;     1,9
09.01.2007 07:00:00   ;     0,0
10.01.2007 07:00:00   ;     0,0
11.01.2007 07:00:00   ;     0,5
12.01.2007 07:00:00   ;     0,1
13.01.2007 07:00:00   ;     0,0
14.01.2007 07:00:00   ;     0,0
15.01.2007 07:00:00   ;     0,0
16.01.2007 07:00:00   ;     0,0
17.01.2007 07:00:00   ;     0,0
18.01.2007 07:00:00   ;     5,7
19.01.2007 07:00:00   ;     0,2
20.01.2007 07:00:00   ;     0,0
21.01.2007 07:00:00   ;     0,0
22.01.2007 07:00:00   ;     6,7
23.01.2007 07:00:00   ;    11,8
24.01.2007 07:00:00   ;     1,8
25.01.2007 07:00:00   ;     0,0
26.01.2007 07:00:00   ;     0,0
27.01.2007 07:00:00   ;     3,7
28.01.2007 07:00:00   ;     0,0
29.01.2007 07:00:00   ;     2,4
30.01.2007 07:00:00   ;     0,0
31.01.2007 07:00:00   ;     0,0
01.02.2007 07:00:00   ;     0,0
02.02.2007 07:00:00   ;     0,5
03.02.2007 07:00:00   ;     0,3
04.02.2007 07:00:00   ;     0,0
05.02.2007 07:00:00   ;     0,6
06.02.2007 07:00:00   ;     4,3
07.02.2007 07:00:00   ;     0,0
08.02.2007 07:00:00   ;     3,1
09.02.2007 07:00:00   ;     0,0
10.02.2007 07:00:00   ;     0,7
11.02.2007 07:00:00   ;     0,0
12.02.2007 07:00:00   ;     0,0
13.02.2007 07:00:00   ;     0,0
14.02.2007 07:00:00   ;     0,0
15.02.2007 07:00:00   ;     6,7
16.02.2007 07:00:00   ;     0,0
17.02.2007 07:00:00   ;     0,0
18.02.2007 07:00:00   ;     0,0
19.02.2007 07:00:00   ;     0,0
20.02.2007 07:00:00   ;     0,0
21.02.2007 07:00:00   ;     0,0
22.02.2007 07:00:00   ;     0,0
23.02.2007 07:00:00   ;     0,0
24.02.2007 07:00:00   ;     0,0
25.02.2007 07:00:00   ;     7,3
26.02.2007 07:00:00   ;     0,0
27.02.2007 07:00:00   ;     7,1
28.02.2007 07:00:00   ;     1,2
01.03.2007 07:00:00   ;     0,2
02.03.2007 07:00:00   ;     0,0
03.03.2007 07:00:00   ;     0,5
04.03.2007 07:00:00   ;     0,0
05.03.2007 07:00:00   ;     0,0
06.03.2007 07:00:00   ;     0,0
07.03.2007 07:00:00   ;     0,7
08.03.2007 07:00:00   ;     7,7
09.03.2007 07:00:00   ;     0,0
10.03.2007 07:00:00   ;     0,0
11.03.2007 07:00:00   ;     0,0
12.03.2007 07:00:00   ;     0,0
13.03.2007 07:00:00   ;     0,0
14.03.2007 07:00:00   ;     0,0
15.03.2007 07:00:00   ;     0,0
16.03.2007 07:00:00   ;     0,0
17.03.2007 07:00:00   ;     0,0
18.03.2007 07:00:00   ;     3,7
19.03.2007 07:00:00   ;     9,3
20.03.2007 07:00:00   ;     8,8
21.03.2007 07:00:00   ;     0,0
22.03.2007 07:00:00   ;     0,0
23.03.2007 07:00:00   ;    23,3
24.03.2007 07:00:00   ;     8,3
25.03.2007 07:00:00   ;     0,0
26.03.2007 07:00:00   ;     0,0
27.03.2007 07:00:00   ;     0,0
28.03.2007 07:00:00   ;     0,0
29.03.2007 07:00:00   ;     0,3
30.03.2007 07:00:00   ;     0,0
31.03.2007 07:00:00   ;     0,0
01.04.2007 07:00:00   ;     0,0
02.04.2007 07:00:00   ;     0,0
03.04.2007 07:00:00   ;     0,0
04.04.2007 07:00:00   ;     0,0
05.04.2007 07:00:00   ;     0,0
06.04.2007 07:00:00   ;     0,0
07.04.2007 07:00:00   ;     0,0
08.04.2007 07:00:00   ;     0,0
09.04.2007 07:00:00   ;     0,0
10.04.2007 07:00:00   ;     0,0
11.04.2007 07:00:00   ;     0,0
12.04.2007 07:00:00   ;     0,0
13.04.2007 07:00:00   ;     0,0
14.04.2007 07:00:00   ;     0,0
15.04.2007 07:00:00   ;     0,0
16.04.2007 07:00:00   ;     0,0
17.04.2007 07:00:00   ;     0,0
18.04.2007 07:00:00   ;     0,5
19.04.2007 07:00:00   ;     0,0
20.04.2007 07:00:00   ;     0,0
21.04.2007 07:00:00   ;     0,0
22.04.2007 07:00:00   ;     0,0
23.04.2007 07:00:00   ;     0,0
24.04.2007 07:00:00   ;     0,0
25.04.2007 07:00:00   ;     0,0
26.04.2007 07:00:00   ;     0,0
27.04.2007 07:00:00   ;     0,0
28.04.2007 07:00:00   ;     0,0
29.04.2007 07:00:00   ;     0,0
30.04.2007 07:00:00   ;     0,0
01.05.2007 07:00:00   ;     0,0
02.05.2007 07:00:00   ;     0,0
03.05.2007 07:00:00   ;     0,0
04.05.2007 07:00:00   ;     4,6
05.05.2007 07:00:00   ;    15,4
06.05.2007 07:00:00   ;     6,3
07.05.2007 07:00:00   ;     0,0
08.05.2007 07:00:00   ;     2,1
09.05.2007 07:00:00   ;     8,8
10.05.2007 07:00:00   ;     0,3
11.05.2007 07:00:00   ;     0,0
12.05.2007 07:00:00   ;     0,0
13.05.2007 07:00:00   ;     0,0
14.05.2007 07:00:00   ;     0,0
15.05.2007 07:00:00   ;     5,5
16.05.2007 07:00:00   ;     2,6
17.05.2007 07:00:00   ;     4,0
18.05.2007 07:00:00   ;     0,0
19.05.2007 07:00:00   ;     0,0
20.05.2007 07:00:00   ;     0,0
21.05.2007 07:00:00   ;     0,0
22.05.2007 07:00:00   ;     0,9
23.05.2007 07:00:00   ;     0,0
24.05.2007 07:00:00   ;     0,0
25.05.2007 07:00:00   ;     0,0
26.05.2007 07:00:00   ;     0,0
27.05.2007 07:00:00   ;     0,0
28.05.2007 07:00:00   ;     7,0
29.05.2007 07:00:00   ;     2,5
30.05.2007 07:00:00   ;     5,4
31.05.2007 07:00:00   ;     0,0
01.06.2007 07:00:00   ;     0,0
02.06.2007 07:00:00   ;     2,6
03.06.2007 07:00:00   ;     4,8
04.06.2007 07:00:00   ;     0,0
05.06.2007 07:00:00   ;     2,8
06.06.2007 07:00:00   ;     1,1
07.06.2007 07:00:00   ;     0,0
08.06.2007 07:00:00   ;     0,0
09.06.2007 07:00:00   ;     0,0
10.06.2007 07:00:00   ;     0,0
11.06.2007 07:00:00   ;     0,0
12.06.2007 07:00:00   ;     0,0
13.06.2007 07:00:00   ;     0,0
14.06.2007 07:00:00   ;     0,0
15.06.2007 07:00:00   ;     0,7
16.06.2007 07:00:00   ;     2,1
17.06.2007 07:00:00   ;     0,0
18.06.2007 07:00:00   ;     0,0
19.06.2007 07:00:00   ;     0,0
20.06.2007 07:00:00   ;     0,0
21.06.2007 07:00:00   ;     7,2
22.06.2007 07:00:00   ;    20,2
23.06.2007 07:00:00   ;     0,0
24.06.2007 07:00:00   ;     0,2
25.06.2007 07:00:00   ;     5,5
26.06.2007 07:00:00   ;     0,0
27.06.2007 07:00:00   ;     0,0
28.06.2007 07:00:00   ;     0,0
29.06.2007 07:00:00   ;     0,0
30.06.2007 07:00:00   ;     1,1
01.07.2007 07:00:00   ;     0,0
02.07.2007 07:00:00   ;     0,6
03.07.2007 07:00:00   ;     0,0
04.07.2007 07:00:00   ;     3,3
05.07.2007 07:00:00   ;     1,3
06.07.2007 07:00:00   ;     0,0
07.07.2007 07:00:00   ;     0,0
08.07.2007 07:00:00   ;     0,0
09.07.2007 07:00:00   ;    15,4
10.07.2007 07:00:00   ;     1,4
11.07.2007 07:00:00   ;     3,1
12.07.2007 07:00:00   ;     6,7
13.07.2007 07:00:00   ;     0,0
14.07.2007 07:00:00   ;     0,0
15.07.2007 07:00:00   ;     0,0
16.07.2007 07:00:00   ;     0,0
17.07.2007 07:00:00   ;     0,0
18.07.2007 07:00:00   ;     0,0
19.07.2007 07:00:00   ;     0,0
20.07.2007 07:00:00   ;     0,0
21.07.2007 07:00:00   ;     0,0
22.07.2007 07:00:00   ;     0,2
23.07.2007 07:00:00   ;     0,0
24.07.2007 07:00:00   ;     3,5
25.07.2007 07:00:00   ;     0,0
26.07.2007 07:00:00   ;     0,0
27.07.2007 07:00:00   ;     0,0
28.07.2007 07:00:00   ;     0,0
29.07.2007 07:00:00   ;     3,2
30.07.2007 07:00:00   ;     0,0
31.07.2007 07:00:00   ;     0,0
01.08.2007 07:00:00   ;     0,0
02.08.2007 07:00:00   ;     1,6
03.08.2007 07:00:00   ;     0,6
04.08.2007 07:00:00   ;     0,0
05.08.2007 07:00:00   ;     0,0
06.08.2007 07:00:00   ;     0,0
07.08.2007 07:00:00   ;     0,0
08.08.2007 07:00:00   ;     0,0
09.08.2007 07:00:00   ;     1,4
10.08.2007 07:00:00   ;     0,6
11.08.2007 07:00:00   ;     0,0
12.08.2007 07:00:00   ;     0,0
13.08.2007 07:00:00   ;     0,0
14.08.2007 07:00:00   ;     0,0
15.08.2007 07:00:00   ;     0,0
16.08.2007 07:00:00   ;     6,7
17.08.2007 07:00:00   ;     2,1
18.08.2007 07:00:00   ;     0,0
19.08.2007 07:00:00   ;     0,0
20.08.2007 07:00:00   ;    15,9
21.08.2007 07:00:00   ;     1,2
22.08.2007 07:00:00   ;     4,5
23.08.2007 07:00:00   ;     2,9
24.08.2007 07:00:00   ;     0,0
25.08.2007 07:00:00   ;     0,0
26.08.2007 07:00:00   ;     0,0
27.08.2007 07:00:00   ;     0,0
28.08.2007 07:00:00   ;     0,0
29.08.2007 07:00:00   ;     2,0
30.08.2007 07:00:00   ;     0,0
31.08.2007 07:00:00   ;     0,9
01.09.2007 07:00:00   ;     0,0
02.09.2007 07:00:00   ;     0,0
03.09.2007 07:00:00   ;     2,3
04.09.2007 07:00:00   ;     0,0
05.09.2007 07:00:00   ;    66,4
06.09.2007 07:00:00   ;    43,8
07.09.2007 07:00:00   ;    16,5
08.09.2007 07:00:00   ;     2,7
09.09.2007 07:00:00   ;     0,0
10.09.2007 07:00:00   ;     2,0
11.09.2007 07:00:00   ;     1,0
12.09.2007 07:00:00   ;     0,0
13.09.2007 07:00:00   ;     0,0
14.09.2007 07:00:00   ;     0,0
15.09.2007 07:00:00   ;     0,0
16.09.2007 07:00:00   ;     0,0
17.09.2007 07:00:00   ;     0,0
18.09.2007 07:00:00   ;     4,6
19.09.2007 07:00:00   ;     0,0
20.09.2007 07:00:00   ;     0,0
21.09.2007 07:00:00   ;     0,0
22.09.2007 07:00:00   ;     0,0
23.09.2007 07:00:00   ;     0,0
24.09.2007 07:00:00   ;     0,0
25.09.2007 07:00:00   ;     0,0
26.09.2007 07:00:00   ;     0,0
27.09.2007 07:00:00   ;    20,2
28.09.2007 07:00:00   ;    11,4
29.09.2007 07:00:00   ;     0,0
30.09.2007 07:00:00   ;     0,0
01.10.2007 07:00:00   ;     0,0
02.10.2007 07:00:00   ;     0,7
03.10.2007 07:00:00   ;     0,0
04.10.2007 07:00:00   ;     0,0
05.10.2007 07:00:00   ;     0,0
06.10.2007 07:00:00   ;     0,0
07.10.2007 07:00:00   ;     0,0
08.10.2007 07:00:00   ;     0,0
09.10.2007 07:00:00   ;     0,0
10.10.2007 07:00:00   ;     0,0
11.10.2007 07:00:00   ;     0,0
12.10.2007 07:00:00   ;     2,3
13.10.2007 07:00:00   ;     0,0
14.10.2007 07:00:00   ;     0,0
15.10.2007 07:00:00   ;     0,0
16.10.2007 07:00:00   ;     0,0
17.10.2007 07:00:00   ;     0,0
18.10.2007 07:00:00   ;     0,0
19.10.2007 07:00:00   ;     0,8
20.10.2007 07:00:00   ;     2,5
21.10.2007 07:00:00   ;     0,0
22.10.2007 07:00:00   ;     4,8
23.10.2007 07:00:00   ;    13,9
24.10.2007 07:00:00   ;     0,5
25.10.2007 07:00:00   ;     0,7
26.10.2007 07:00:00   ;     0,0
27.10.2007 07:00:00   ;     6,1
28.10.2007 07:00:00   ;    16,0
29.10.2007 07:00:00   ;     0,0
30.10.2007 07:00:00   ;     0,5
31.10.2007 07:00:00   ;     0,0
01.11.2007 07:00:00   ;     0,0
02.11.2007 07:00:00   ;     0,5
03.11.2007 07:00:00   ;     1,6
04.11.2007 07:00:00   ;     1,1
05.11.2007 07:00:00   ;     0,0
06.11.2007 07:00:00   ;     1,5
07.11.2007 07:00:00   ;     2,7
08.11.2007 07:00:00   ;     2,1
09.11.2007 07:00:00   ;     2,1
10.11.2007 07:00:00   ;     2,9
11.11.2007 07:00:00   ;     7,9
12.11.2007 07:00:00   ;     0,0
13.11.2007 07:00:00   ;     0,1
14.11.2007 07:00:00   ;     0,0
15.11.2007 07:00:00   ;    11,7
16.11.2007 07:00:00   ;     1,3
17.11.2007 07:00:00   ;     0,0
18.11.2007 07:00:00   ;     0,0
19.11.2007 07:00:00   ;     0,0
20.11.2007 07:00:00   ;     0,0
21.11.2007 07:00:00   ;     0,1
22.11.2007 07:00:00   ;     0,2
23.11.2007 07:00:00   ;     0,3
24.11.2007 07:00:00   ;     0,2
25.11.2007 07:00:00   ;     1,8
26.11.2007 07:00:00   ;     4,9
27.11.2007 07:00:00   ;     0,0
28.11.2007 07:00:00   ;     0,0
29.11.2007 07:00:00   ;     0,0
30.11.2007 07:00:00   ;     0,9
01.12.2007 07:00:00   ;     5,8
02.12.2007 07:00:00   ;     0,2
03.12.2007 07:00:00   ;     0,2
04.12.2007 07:00:00   ;     0,0
05.12.2007 07:00:00   ;     0,0
06.12.2007 07:00:00   ;     0,0
07.12.2007 07:00:00   ;     4,6
08.12.2007 07:00:00   ;     0,0
09.12.2007 07:00:00   ;     6,6
10.12.2007 07:00:00   ;     0,0
11.12.2007 07:00:00   ;     9,5
12.12.2007 07:00:00   ;     6,6
13.12.2007 07:00:00   ;     0,0
14.12.2007 07:00:00   ;     1,1
15.12.2007 07:00:00   ;     0,0
16.12.2007 07:00:00   ;     0,0
17.12.2007 07:00:00   ;     0,0
18.12.2007 07:00:00   ;     0,0
19.12.2007 07:00:00   ;     0,0
20.12.2007 07:00:00   ;     0,0
21.12.2007 07:00:00   ;     0,0
22.12.2007 07:00:00   ;     0,0
23.12.2007 07:00:00   ;     0,0
24.12.2007 07:00:00   ;     0,0
25.12.2007 07:00:00   ;     0,0
26.12.2007 07:00:00   ;     0,0
27.12.2007 07:00:00   ;     0,0
28.12.2007 07:00:00   ;     0,0
29.12.2007 07:00:00   ;     0,0
30.12.2007 07:00:00   ;     0,9
31.12.2007 07:00:00   ;     8,1
01.01.2008 07:00:00   ;     0,1
02.01.2008 07:00:00   ;     0,0
03.01.2008 07:00:00   ;     0,0
04.01.2008 07:00:00   ;     0,0
05.01.2008 07:00:00   ;     0,0
06.01.2008 07:00:00   ;     1,1
07.01.2008 07:00:00   ;     1,7
08.01.2008 07:00:00   ;     0,0
09.01.2008 07:00:00   ;     0,0
10.01.2008 07:00:00   ;     0,0
11.01.2008 07:00:00   ;     0,6
12.01.2008 07:00:00   ;     0,0
13.01.2008 07:00:00   ;     0,0
14.01.2008 07:00:00   ;     0,0
15.01.2008 07:00:00   ;     0,0
16.01.2008 07:00:00   ;     0,0
17.01.2008 07:00:00   ;     0,2
18.01.2008 07:00:00   ;     7,4
19.01.2008 07:00:00   ;     1,7
20.01.2008 07:00:00   ;     0,0
21.01.2008 07:00:00   ;     0,0
22.01.2008 07:00:00   ;     0,0
23.01.2008 07:00:00   ;     0,0
24.01.2008 07:00:00   ;     0,0
25.01.2008 07:00:00   ;     0,0
26.01.2008 07:00:00   ;     6,3
27.01.2008 07:00:00   ;     7,1
28.01.2008 07:00:00   ;     0,5
29.01.2008 07:00:00   ;     0,0
30.01.2008 07:00:00   ;     1,3
31.01.2008 07:00:00   ;     0,0
01.02.2008 07:00:00   ;     0,0
02.02.2008 07:00:00   ;     0,4
03.02.2008 07:00:00   ;     0,0
04.02.2008 07:00:00   ;     0,0
05.02.2008 07:00:00   ;     0,0
06.02.2008 07:00:00   ;     2,3
07.02.2008 07:00:00   ;     0,0
08.02.2008 07:00:00   ;     0,0
09.02.2008 07:00:00   ;     0,0
10.02.2008 07:00:00   ;     0,0
11.02.2008 07:00:00   ;     0,0
12.02.2008 07:00:00   ;     0,0
13.02.2008 07:00:00   ;     0,0
14.02.2008 07:00:00   ;     0,0
15.02.2008 07:00:00   ;     0,0
16.02.2008 07:00:00   ;     0,0
17.02.2008 07:00:00   ;     0,0
18.02.2008 07:00:00   ;     0,0
19.02.2008 07:00:00   ;     0,0
20.02.2008 07:00:00   ;     0,0
21.02.2008 07:00:00   ;     0,2
22.02.2008 07:00:00   ;     0,0
23.02.2008 07:00:00   ;     0,0
24.02.2008 07:00:00   ;     0,0
25.02.2008 07:00:00   ;     0,0
26.02.2008 07:00:00   ;     0,0
27.02.2008 07:00:00   ;     0,2
28.02.2008 07:00:00   ;     0,0
29.02.2008 07:00:00   ;     3,7
01.03.2008 07:00:00   ;     2,2
02.03.2008 07:00:00   ;     4,1
03.03.2008 07:00:00   ;     0,0
04.03.2008 07:00:00   ;     0,0
05.03.2008 07:00:00   ;     0,0
06.03.2008 07:00:00   ;     0,0
07.03.2008 07:00:00   ;     0,0
08.03.2008 07:00:00   ;     0,0
09.03.2008 07:00:00   ;     0,0
10.03.2008 07:00:00   ;     0,0
11.03.2008 07:00:00   ;     3,8
12.03.2008 07:00:00   ;     2,4
13.03.2008 07:00:00   ;     1,4
14.03.2008 07:00:00   ;     5,7
15.03.2008 07:00:00   ;     0,0
16.03.2008 07:00:00   ;     0,5
17.03.2008 07:00:00   ;     0,0
18.03.2008 07:00:00   ;     0,0
19.03.2008 07:00:00   ;     0,4
20.03.2008 07:00:00   ;     0,0
21.03.2008 07:00:00   ;     1,1
22.03.2008 07:00:00   ;     0,0
23.03.2008 07:00:00   ;     6,5
24.03.2008 07:00:00   ;     0,3
25.03.2008 07:00:00   ;     0,2
26.03.2008 07:00:00   ;     0,0
27.03.2008 07:00:00   ;     0,3
28.03.2008 07:00:00   ;     0,0
29.03.2008 07:00:00   ;     0,0
30.03.2008 07:00:00   ;     0,0
31.03.2008 07:00:00   ;     0,0
01.04.2008 07:00:00   ;     0,0
02.04.2008 07:00:00   ;     2,7
03.04.2008 07:00:00   ;     0,0
04.04.2008 07:00:00   ;     0,0
05.04.2008 07:00:00   ;     0,0
06.04.2008 07:00:00   ;     0,0
07.04.2008 07:00:00   ;     1,3
08.04.2008 07:00:00   ;     0,0
09.04.2008 07:00:00   ;     0,0
10.04.2008 07:00:00   ;     0,0
11.04.2008 07:00:00   ;     0,0
12.04.2008 07:00:00   ;     0,0
13.04.2008 07:00:00   ;     0,0
14.04.2008 07:00:00   ;     0,0
15.04.2008 07:00:00   ;     3,3
16.04.2008 07:00:00   ;     0,2
17.04.2008 07:00:00   ;     0,0
18.04.2008 07:00:00   ;     0,0
19.04.2008 07:00:00   ;     3,2
20.04.2008 07:00:00   ;     0,0
21.04.2008 07:00:00   ;    13,8
22.04.2008 07:00:00   ;     0,9
23.04.2008 07:00:00   ;     0,0
24.04.2008 07:00:00   ;     0,0
25.04.2008 07:00:00   ;    12,1
26.04.2008 07:00:00   ;     0,0
27.04.2008 07:00:00   ;     0,0
28.04.2008 07:00:00   ;     0,0
29.04.2008 07:00:00   ;     0,0
30.04.2008 07:00:00   ;     0,0
01.05.2008 07:00:00   ;     0,0
02.05.2008 07:00:00   ;     0,0
03.05.2008 07:00:00   ;     0,9
04.05.2008 07:00:00   ;     1,2
05.05.2008 07:00:00   ;     1,4
06.05.2008 07:00:00   ;     0,0
07.05.2008 07:00:00   ;     0,0
08.05.2008 07:00:00   ;     0,0
09.05.2008 07:00:00   ;     0,0
10.05.2008 07:00:00   ;     0,0
11.05.2008 07:00:00   ;     0,0
12.05.2008 07:00:00   ;     0,0
13.05.2008 07:00:00   ;     0,0
14.05.2008 07:00:00   ;     0,0
15.05.2008 07:00:00   ;     0,0
16.05.2008 07:00:00   ;     0,0
17.05.2008 07:00:00   ;     0,0
18.05.2008 07:00:00   ;    33,5
19.05.2008 07:00:00   ;     6,4
20.05.2008 07:00:00   ;     9,8
21.05.2008 07:00:00   ;     0,9
22.05.2008 07:00:00   ;     0,0
23.05.2008 07:00:00   ;     0,0
24.05.2008 07:00:00   ;     0,0
25.05.2008 07:00:00   ;     0,9
26.05.2008 07:00:00   ;     0,0
27.05.2008 07:00:00   ;     0,0
28.05.2008 07:00:00   ;     0,0
29.05.2008 07:00:00   ;     0,0
30.05.2008 07:00:00   ;     0,0
31.05.2008 07:00:00   ;     0,0
01.06.2008 07:00:00   ;     0,0
02.06.2008 07:00:00   ;     0,0
03.06.2008 07:00:00   ;     1,5
04.06.2008 07:00:00   ;    18,6
05.06.2008 07:00:00   ;     6,3
06.06.2008 07:00:00   ;     0,6
07.06.2008 07:00:00   ;     0,0
08.06.2008 07:00:00   ;     4,8
09.06.2008 07:00:00   ;     0,0
10.06.2008 07:00:00   ;     0,0
11.06.2008 07:00:00   ;     4,4
12.06.2008 07:00:00   ;     0,0
13.06.2008 07:00:00   ;     0,6
14.06.2008 07:00:00   ;     0,0
15.06.2008 07:00:00   ;     0,0
16.06.2008 07:00:00   ;     0,0
17.06.2008 07:00:00   ;     0,2
18.06.2008 07:00:00   ;     0,0
19.06.2008 07:00:00   ;     0,2
20.06.2008 07:00:00   ;     0,0
21.06.2008 07:00:00   ;     0,2
22.06.2008 07:00:00   ;     0,0
23.06.2008 07:00:00   ;     0,0
24.06.2008 07:00:00   ;     3,8
25.06.2008 07:00:00   ;    16,4
26.06.2008 07:00:00   ;    11,5
27.06.2008 07:00:00   ;     0,0
28.06.2008 07:00:00   ;     0,0
29.06.2008 07:00:00   ;     0,0
30.06.2008 07:00:00   ;     5,6
01.07.2008 07:00:00   ;     0,0
02.07.2008 07:00:00   ;     0,0
03.07.2008 07:00:00   ;     0,0
04.07.2008 07:00:00   ;     0,0
05.07.2008 07:00:00   ;     0,0
06.07.2008 07:00:00   ;     3,4
07.07.2008 07:00:00   ;     5,5
08.07.2008 07:00:00   ;     2,9
09.07.2008 07:00:00   ;     0,0
10.07.2008 07:00:00   ;     0,3
11.07.2008 07:00:00   ;     0,0
12.07.2008 07:00:00   ;    20,5
13.07.2008 07:00:00   ;     0,4
14.07.2008 07:00:00   ;     2,1
15.07.2008 07:00:00   ;     0,0
16.07.2008 07:00:00   ;     0,0
17.07.2008 07:00:00   ;    12,6
18.07.2008 07:00:00   ;     0,8
19.07.2008 07:00:00   ;     0,0
20.07.2008 07:00:00   ;    13,3
21.07.2008 07:00:00   ;     0,0
22.07.2008 07:00:00   ;     1,7
23.07.2008 07:00:00   ;    24,0
24.07.2008 07:00:00   ;     3,2
25.07.2008 07:00:00   ;     0,0
26.07.2008 07:00:00   ;     0,0
27.07.2008 07:00:00   ;     0,0
28.07.2008 07:00:00   ;     0,0
29.07.2008 07:00:00   ;     0,0
30.07.2008 07:00:00   ;     0,0
31.07.2008 07:00:00   ;     0,0
01.08.2008 07:00:00   ;     0,0
02.08.2008 07:00:00   ;     2,6
03.08.2008 07:00:00   ;     0,0
04.08.2008 07:00:00   ;     1,0
05.08.2008 07:00:00   ;     0,0
06.08.2008 07:00:00   ;     0,0
07.08.2008 07:00:00   ;     3,4
08.08.2008 07:00:00   ;     3,3
09.08.2008 07:00:00   ;     3,1
10.08.2008 07:00:00   ;     0,0
11.08.2008 07:00:00   ;     0,0
12.08.2008 07:00:00   ;     0,0
13.08.2008 07:00:00   ;     0,0
14.08.2008 07:00:00   ;     0,0
15.08.2008 07:00:00   ;    45,2
16.08.2008 07:00:00   ;     0,8
17.08.2008 07:00:00   ;     0,0
18.08.2008 07:00:00   ;     0,0
19.08.2008 07:00:00   ;     0,0
20.08.2008 07:00:00   ;     0,8
21.08.2008 07:00:00   ;     0,0
22.08.2008 07:00:00   ;     0,0
23.08.2008 07:00:00   ;     0,9
24.08.2008 07:00:00   ;     0,0
25.08.2008 07:00:00   ;     0,0
26.08.2008 07:00:00   ;     0,0
27.08.2008 07:00:00   ;     0,0
28.08.2008 07:00:00   ;     0,0
29.08.2008 07:00:00   ;     0,0
30.08.2008 07:00:00   ;     0,0
31.08.2008 07:00:00   ;     0,0
01.09.2008 07:00:00   ;     0,2
02.09.2008 07:00:00   ;     0,0
03.09.2008 07:00:00   ;     0,0
04.09.2008 07:00:00   ;     0,0
05.09.2008 07:00:00   ;     0,0
06.09.2008 07:00:00   ;     0,0
07.09.2008 07:00:00   ;     9,8
08.09.2008 07:00:00   ;     0,0
09.09.2008 07:00:00   ;     0,0
10.09.2008 07:00:00   ;     0,0
11.09.2008 07:00:00   ;     0,0
12.09.2008 07:00:00   ;     0,0
13.09.2008 07:00:00   ;     0,0
14.09.2008 07:00:00   ;     3,0
15.09.2008 07:00:00   ;    24,3
16.09.2008 07:00:00   ;     9,4
17.09.2008 07:00:00   ;     0,0
18.09.2008 07:00:00   ;     0,0
19.09.2008 07:00:00   ;     0,0
20.09.2008 07:00:00   ;     1,6
21.09.2008 07:00:00   ;     1,0
22.09.2008 07:00:00   ;     0,0
23.09.2008 07:00:00   ;     0,0
24.09.2008 07:00:00   ;     1,7
25.09.2008 07:00:00   ;     1,6
26.09.2008 07:00:00   ;     0,0
27.09.2008 07:00:00   ;     0,0
28.09.2008 07:00:00   ;     0,0
29.09.2008 07:00:00   ;     0,0
30.09.2008 07:00:00   ;     2,1
01.10.2008 07:00:00   ;     0,0
02.10.2008 07:00:00   ;     2,4
03.10.2008 07:00:00   ;     6,7
04.10.2008 07:00:00   ;     0,0
05.10.2008 07:00:00   ;     0,0
06.10.2008 07:00:00   ;     0,0
07.10.2008 07:00:00   ;     0,4
08.10.2008 07:00:00   ;     0,0
09.10.2008 07:00:00   ;     0,0
10.10.2008 07:00:00   ;     0,0
11.10.2008 07:00:00   ;     0,2
12.10.2008 07:00:00   ;     0,1
13.10.2008 07:00:00   ;     0,1
14.10.2008 07:00:00   ;     0,0
15.10.2008 07:00:00   ;     4,7
16.10.2008 07:00:00   ;    13,2
17.10.2008 07:00:00   ;     0,0
18.10.2008 07:00:00   ;     0,0
19.10.2008 07:00:00   ;     0,0
20.10.2008 07:00:00   ;     0,0
21.10.2008 07:00:00   ;     0,0
22.10.2008 07:00:00   ;     0,0
23.10.2008 07:00:00   ;     0,2
24.10.2008 07:00:00   ;     0,0
25.10.2008 07:00:00   ;     0,0
26.10.2008 07:00:00   ;     0,0
27.10.2008 07:00:00   ;     0,0
28.10.2008 07:00:00   ;     0,0
29.10.2008 07:00:00   ;     0,0
30.10.2008 07:00:00   ;     0,0
31.10.2008 07:00:00   ;     0,0
01.11.2008 07:00:00   ;     1,1
02.11.2008 07:00:00   ;     0,0
03.11.2008 07:00:00   ;     0,0
04.11.2008 07:00:00   ;     0,0
05.11.2008 07:00:00   ;     0,0
06.11.2008 07:00:00   ;     0,0
07.11.2008 07:00:00   ;     5,7
08.11.2008 07:00:00   ;     5,5
09.11.2008 07:00:00   ;     0,2
10.11.2008 07:00:00   ;     0,0
11.11.2008 07:00:00   ;     0,0
12.11.2008 07:00:00   ;     0,0
13.11.2008 07:00:00   ;     4,5
14.11.2008 07:00:00   ;     0,0
15.11.2008 07:00:00   ;     0,0
16.11.2008 07:00:00   ;     0,2
17.11.2008 07:00:00   ;     0,0
18.11.2008 07:00:00   ;     0,0
19.11.2008 07:00:00   ;     0,5
20.11.2008 07:00:00   ;     6,3
21.11.2008 07:00:00   ;     6,1
22.11.2008 07:00:00   ;     0,8
23.11.2008 07:00:00   ;     0,0
24.11.2008 07:00:00   ;     0,0
25.11.2008 07:00:00   ;     0,0
26.11.2008 07:00:00   ;     0,0
27.11.2008 07:00:00   ;     0,0
28.11.2008 07:00:00   ;     0,0
29.11.2008 07:00:00   ;     0,1
30.11.2008 07:00:00   ;     0,3
01.12.2008 07:00:00   ;     0,0
02.12.2008 07:00:00   ;     1,7
03.12.2008 07:00:00   ;     0,0
04.12.2008 07:00:00   ;     0,0
05.12.2008 07:00:00   ;     1,3
06.12.2008 07:00:00   ;     0,0
07.12.2008 07:00:00   ;     0,8
08.12.2008 07:00:00   ;     0,0
09.12.2008 07:00:00   ;     0,0
10.12.2008 07:00:00   ;     0,0
11.12.2008 07:00:00   ;     0,0
12.12.2008 07:00:00   ;     3,4
13.12.2008 07:00:00   ;     0,3
14.12.2008 07:00:00   ;     0,0
15.12.2008 07:00:00   ;     0,0
16.12.2008 07:00:00   ;     0,2
17.12.2008 07:00:00   ;     1,6
18.12.2008 07:00:00   ;    29,5
19.12.2008 07:00:00   ;     0,2
20.12.2008 07:00:00   ;     1,1
21.12.2008 07:00:00   ;     1,1
22.12.2008 07:00:00   ;     0,8
23.12.2008 07:00:00   ;     0,2
24.12.2008 07:00:00   ;     0,9
25.12.2008 07:00:00   ;     0,0
26.12.2008 07:00:00   ;     0,0
27.12.2008 07:00:00   ;     0,0
28.12.2008 07:00:00   ;     0,0
29.12.2008 07:00:00   ;     0,0
30.12.2008 07:00:00   ;     0,0
31.12.2008 07:00:00   ;     0,0
01.01.2009 07:00:00   ;     0,0
02.01.2009 07:00:00   ;     0,3
03.01.2009 07:00:00   ;     0,0
04.01.2009 07:00:00   ;     2,1
05.01.2009 07:00:00   ;     2,9
06.01.2009 07:00:00   ;     0,0
07.01.2009 07:00:00   ;     0,0
08.01.2009 07:00:00   ;     0,0
09.01.2009 07:00:00   ;     0,0
10.01.2009 07:00:00   ;     0,0
11.01.2009 07:00:00   ;     0,0
12.01.2009 07:00:00   ;     0,0
13.01.2009 07:00:00   ;     0,0
14.01.2009 07:00:00   ;     2,9
15.01.2009 07:00:00   ;     0,0
16.01.2009 07:00:00   ;     0,0
17.01.2009 07:00:00   ;     0,0
18.01.2009 07:00:00   ;     0,0
19.01.2009 07:00:00   ;     0,0
20.01.2009 07:00:00   ;     0,0
21.01.2009 07:00:00   ;    16,3
22.01.2009 07:00:00   ;     0,0
23.01.2009 07:00:00   ;     6,6
24.01.2009 07:00:00   ;     0,0
25.01.2009 07:00:00   ;     0,0
26.01.2009 07:00:00   ;     0,0
27.01.2009 07:00:00   ;     0,7
28.01.2009 07:00:00   ;     5,9
29.01.2009 07:00:00   ;     1,7
30.01.2009 07:00:00   ;     0,0
31.01.2009 07:00:00   ;     1,2
01.02.2009 07:00:00   ;     1,0
02.02.2009 07:00:00   ;     0,0
03.02.2009 07:00:00   ;     2,1
04.02.2009 07:00:00   ;     4,3
05.02.2009 07:00:00   ;     0,3
06.02.2009 07:00:00   ;     0,0
07.02.2009 07:00:00   ;     1,4
08.02.2009 07:00:00   ;    16,6
09.02.2009 07:00:00   ;     0,0
10.02.2009 07:00:00   ;    14,3
11.02.2009 07:00:00   ;     0,9
12.02.2009 07:00:00   ;     0,0
13.02.2009 07:00:00   ;     0,0
14.02.2009 07:00:00   ;     0,2
15.02.2009 07:00:00   ;     0,2
16.02.2009 07:00:00   ;    16,4
17.02.2009 07:00:00   ;     1,5
18.02.2009 07:00:00   ;     1,2
19.02.2009 07:00:00   ;     0,0
20.02.2009 07:00:00   ;    14,5
21.02.2009 07:00:00   ;     0,0
22.02.2009 07:00:00   ;     9,5
23.02.2009 07:00:00   ;     6,1
24.02.2009 07:00:00   ;     1,6
25.02.2009 07:00:00   ;     0,0
26.02.2009 07:00:00   ;     0,7
27.02.2009 07:00:00   ;     0,0
28.02.2009 07:00:00   ;     0,0
01.03.2009 07:00:00   ;     0,3
02.03.2009 07:00:00   ;     4,1
03.03.2009 07:00:00   ;     0,0
04.03.2009 07:00:00   ;     0,0
05.03.2009 07:00:00   ;    14,3
06.03.2009 07:00:00   ;    20,2
07.03.2009 07:00:00   ;    14,5
08.03.2009 07:00:00   ;     2,7
09.03.2009 07:00:00   ;     0,2
10.03.2009 07:00:00   ;     3,1
11.03.2009 07:00:00   ;     2,2
12.03.2009 07:00:00   ;     4,7
13.03.2009 07:00:00   ;     1,3
14.03.2009 07:00:00   ;     0,0
15.03.2009 07:00:00   ;     3,4
16.03.2009 07:00:00   ;     0,0
17.03.2009 07:00:00   ;     1,0
18.03.2009 07:00:00   ;     1,2
19.03.2009 07:00:00   ;     0,2
20.03.2009 07:00:00   ;     0,0
21.03.2009 07:00:00   ;     0,0
22.03.2009 07:00:00   ;     0,0
23.03.2009 07:00:00   ;     1,1
24.03.2009 07:00:00   ;     0,5
25.03.2009 07:00:00   ;     0,4
26.03.2009 07:00:00   ;     1,2
27.03.2009 07:00:00   ;     0,0
28.03.2009 07:00:00   ;     0,0
29.03.2009 07:00:00   ;    37,2
30.03.2009 07:00:00   ;     1,7
31.03.2009 07:00:00   ;     0,0
01.04.2009 07:00:00   ;     0,0
02.04.2009 07:00:00   ;     0,0
03.04.2009 07:00:00   ;     0,0
04.04.2009 07:00:00   ;     0,0
05.04.2009 07:00:00   ;     0,0
06.04.2009 07:00:00   ;     0,0
07.04.2009 07:00:00   ;     0,0
08.04.2009 07:00:00   ;     0,0
09.04.2009 07:00:00   ;     0,0
10.04.2009 07:00:00   ;     0,0
11.04.2009 07:00:00   ;     0,0
12.04.2009 07:00:00   ;     0,0
13.04.2009 07:00:00   ;     0,0
14.04.2009 07:00:00   ;     0,0
15.04.2009 07:00:00   ;     0,0
16.04.2009 07:00:00   ;     0,0
17.04.2009 07:00:00   ;     0,0
18.04.2009 07:00:00   ;     0,0
19.04.2009 07:00:00   ;     0,0
20.04.2009 07:00:00   ;     0,0
21.04.2009 07:00:00   ;     0,0
22.04.2009 07:00:00   ;     0,0
23.04.2009 07:00:00   ;     0,0
24.04.2009 07:00:00   ;     0,0
25.04.2009 07:00:00   ;     0,0
26.04.2009 07:00:00   ;     0,0
27.04.2009 07:00:00   ;     0,0
28.04.2009 07:00:00   ;     0,0
29.04.2009 07:00:00   ;     1,2
30.04.2009 07:00:00   ;     0,5
01.05.2009 07:00:00   ;     0,0
02.05.2009 07:00:00   ;     0,0
03.05.2009 07:00:00   ;     0,0
04.05.2009 07:00:00   ;     0,0
05.05.2009 07:00:00   ;     2,2
06.05.2009 07:00:00   ;     0,2
07.05.2009 07:00:00   ;     0,0
08.05.2009 07:00:00   ;     0,0
09.05.2009 07:00:00   ;     0,0
10.05.2009 07:00:00   ;     0,0
11.05.2009 07:00:00   ;     0,7
12.05.2009 07:00:00   ;     0,0
13.05.2009 07:00:00   ;     2,3
14.05.2009 07:00:00   ;     7,9
15.05.2009 07:00:00   ;     0,0
16.05.2009 07:00:00   ;     0,2
17.05.2009 07:00:00   ;     0,0
18.05.2009 07:00:00   ;    14,9
19.05.2009 07:00:00   ;     0,0
20.05.2009 07:00:00   ;     0,0
21.05.2009 07:00:00   ;     0,0
22.05.2009 07:00:00   ;     0,2
23.05.2009 07:00:00   ;     0,0
24.05.2009 07:00:00   ;     0,0
25.05.2009 07:00:00   ;     0,0
26.05.2009 07:00:00   ;     6,3
27.05.2009 07:00:00   ;     0,0
28.05.2009 07:00:00   ;     4,2
29.05.2009 07:00:00   ;    18,8
30.05.2009 07:00:00   ;    10,4
31.05.2009 07:00:00   ;     3,1
01.06.2009 07:00:00   ;     0,0
02.06.2009 07:00:00   ;     0,0
03.06.2009 07:00:00   ;     0,0
04.06.2009 07:00:00   ;     0,0
05.06.2009 07:00:00   ;     0,0
06.06.2009 07:00:00   ;     0,0
07.06.2009 07:00:00   ;     0,0
08.06.2009 07:00:00   ;     0,0
09.06.2009 07:00:00   ;     2,9
10.06.2009 07:00:00   ;     0,0
11.06.2009 07:00:00   ;     0,0
12.06.2009 07:00:00   ;     2,9
13.06.2009 07:00:00   ;     0,0
14.06.2009 07:00:00   ;     0,0
15.06.2009 07:00:00   ;     1,7
16.06.2009 07:00:00   ;     0,0
17.06.2009 07:00:00   ;     0,0
18.06.2009 07:00:00   ;     0,0
19.06.2009 07:00:00   ;    14,9
20.06.2009 07:00:00   ;     4,1
21.06.2009 07:00:00   ;     0,0
22.06.2009 07:00:00   ;    26,2
23.06.2009 07:00:00   ;     4,6
24.06.2009 07:00:00   ;     8,0
25.06.2009 07:00:00   ;     0,0
26.06.2009 07:00:00   ;    10,4
27.06.2009 07:00:00   ;     0,5
28.06.2009 07:00:00   ;     4,2
29.06.2009 07:00:00   ;    22,5
30.06.2009 07:00:00   ;     0,5
01.07.2009 07:00:00   ;    45,4
02.07.2009 07:00:00   ;     1,5
03.07.2009 07:00:00   ;     0,4
04.07.2009 07:00:00   ;     0,0
05.07.2009 07:00:00   ;    15,1
06.07.2009 07:00:00   ;    27,9
07.07.2009 07:00:00   ;    12,8
08.07.2009 07:00:00   ;     0,0
09.07.2009 07:00:00   ;     9,5
10.07.2009 07:00:00   ;     0,0
11.07.2009 07:00:00   ;     0,0
12.07.2009 07:00:00   ;     0,0
13.07.2009 07:00:00   ;     0,0
14.07.2009 07:00:00   ;     0,0
15.07.2009 07:00:00   ;     1,1
16.07.2009 07:00:00   ;     0,0
17.07.2009 07:00:00   ;     0,0
18.07.2009 07:00:00   ;    28,1
19.07.2009 07:00:00   ;     0,0
20.07.2009 07:00:00   ;     0,0
21.07.2009 07:00:00   ;     0,0
22.07.2009 07:00:00   ;     1,3
23.07.2009 07:00:00   ;    10,9
24.07.2009 07:00:00   ;     8,5
25.07.2009 07:00:00   ;     0,0
26.07.2009 07:00:00   ;     0,0
27.07.2009 07:00:00   ;     0,0
28.07.2009 07:00:00   ;     0,0
29.07.2009 07:00:00   ;     0,0
30.07.2009 07:00:00   ;     0,0
31.07.2009 07:00:00   ;     0,0
01.08.2009 07:00:00   ;     0,0
02.08.2009 07:00:00   ;     0,0
03.08.2009 07:00:00   ;     4,6
04.08.2009 07:00:00   ;    10,2
05.08.2009 07:00:00   ;     0,0
06.08.2009 07:00:00   ;     0,0
07.08.2009 07:00:00   ;     0,0
08.08.2009 07:00:00   ;     0,0
09.08.2009 07:00:00   ;     1,7
10.08.2009 07:00:00   ;    14,3
11.08.2009 07:00:00   ;    19,8
12.08.2009 07:00:00   ;     0,9
13.08.2009 07:00:00   ;     0,0
14.08.2009 07:00:00   ;     0,0
15.08.2009 07:00:00   ;     0,0
16.08.2009 07:00:00   ;     0,0
17.08.2009 07:00:00   ;     1,3
18.08.2009 07:00:00   ;     0,0
19.08.2009 07:00:00   ;     0,0
20.08.2009 07:00:00   ;     0,0
21.08.2009 07:00:00   ;     0,4
22.08.2009 07:00:00   ;     2,6
23.08.2009 07:00:00   ;     0,0
24.08.2009 07:00:00   ;     0,0
25.08.2009 07:00:00   ;     0,0
26.08.2009 07:00:00   ;     0,0
27.08.2009 07:00:00   ;     0,0
28.08.2009 07:00:00   ;     3,1
29.08.2009 07:00:00   ;     8,0
30.08.2009 07:00:00   ;     0,0
31.08.2009 07:00:00   ;     0,0
01.09.2009 07:00:00   ;     0,0
02.09.2009 07:00:00   ;     0,0
03.09.2009 07:00:00   ;     1,7
04.09.2009 07:00:00   ;     8,0
05.09.2009 07:00:00   ;     0,0
06.09.2009 07:00:00   ;     0,0
07.09.2009 07:00:00   ;     0,0
08.09.2009 07:00:00   ;     0,0
09.09.2009 07:00:00   ;     0,0
10.09.2009 07:00:00   ;     0,4
11.09.2009 07:00:00   ;     0,0
12.09.2009 07:00:00   ;     0,0
13.09.2009 07:00:00   ;     1,1
14.09.2009 07:00:00   ;     3,4
15.09.2009 07:00:00   ;     0,0
16.09.2009 07:00:00   ;     0,0
17.09.2009 07:00:00   ;     2,7
18.09.2009 07:00:00   ;     0,0
19.09.2009 07:00:00   ;     0,0
20.09.2009 07:00:00   ;     0,0
21.09.2009 07:00:00   ;     0,0
22.09.2009 07:00:00   ;     0,0
23.09.2009 07:00:00   ;     0,0
24.09.2009 07:00:00   ;     0,0
25.09.2009 07:00:00   ;     0,0
26.09.2009 07:00:00   ;     0,0
27.09.2009 07:00:00   ;     0,0
28.09.2009 07:00:00   ;     0,0
29.09.2009 07:00:00   ;     1,2
30.09.2009 07:00:00   ;     0,0
01.10.2009 07:00:00   ;     0,0
02.10.2009 07:00:00   ;     0,0
03.10.2009 07:00:00   ;     0,0
04.10.2009 07:00:00   ;     0,0
05.10.2009 07:00:00   ;     0,7
06.10.2009 07:00:00   ;     2,1
07.10.2009 07:00:00   ;     0,0
08.10.2009 07:00:00   ;     3,4
09.10.2009 07:00:00   ;     1,2
10.10.2009 07:00:00   ;     2,4
11.10.2009 07:00:00   ;     3,6
12.10.2009 07:00:00   ;     5,3
13.10.2009 07:00:00   ;     0,0
14.10.2009 07:00:00   ;     0,0
15.10.2009 07:00:00   ;     3,2
16.10.2009 07:00:00   ;     1,7
17.10.2009 07:00:00   ;     0,0
18.10.2009 07:00:00   ;     0,0
19.10.2009 07:00:00   ;     0,6
20.10.2009 07:00:00   ;     0,0
21.10.2009 07:00:00   ;     0,0
22.10.2009 07:00:00   ;     5,9
23.10.2009 07:00:00   ;     0,0
24.10.2009 07:00:00   ;     0,0
25.10.2009 07:00:00   ;     0,0
26.10.2009 07:00:00   ;     0,5
27.10.2009 07:00:00   ;     0,0
28.10.2009 07:00:00   ;     0,7
29.10.2009 07:00:00   ;     2,6
30.10.2009 07:00:00   ;     0,0
31.10.2009 07:00:00   ;     0,0
01.11.2009 07:00:00   ;     0,0
02.11.2009 07:00:00   ;     6,8
03.11.2009 07:00:00   ;     9,4
04.11.2009 07:00:00   ;     5,9
05.11.2009 07:00:00   ;     0,2
06.11.2009 07:00:00   ;     5,7
07.11.2009 07:00:00   ;     0,2
08.11.2009 07:00:00   ;     5,9
09.11.2009 07:00:00   ;     0,0
10.11.2009 07:00:00   ;    20,1
11.11.2009 07:00:00   ;     4,8
12.11.2009 07:00:00   ;     0,0
13.11.2009 07:00:00   ;     0,0
14.11.2009 07:00:00   ;     0,0
15.11.2009 07:00:00   ;     0,0
16.11.2009 07:00:00   ;     0,1
17.11.2009 07:00:00   ;     0,9
18.11.2009 07:00:00   ;     0,0
19.11.2009 07:00:00   ;     0,0
20.11.2009 07:00:00   ;     0,2
21.11.2009 07:00:00   ;     0,4
22.11.2009 07:00:00   ;     2,1
23.11.2009 07:00:00   ;     0,5
24.11.2009 07:00:00   ;     0,5
25.11.2009 07:00:00   ;     0,0
26.11.2009 07:00:00   ;     0,0
27.11.2009 07:00:00   ;     0,6
28.11.2009 07:00:00   ;     0,0
29.11.2009 07:00:00   ;     0,0
30.11.2009 07:00:00   ;     0,0
01.12.2009 07:00:00   ;     5,4
02.12.2009 07:00:00   ;     0,0
03.12.2009 07:00:00   ;     0,0
04.12.2009 07:00:00   ;     0,3
05.12.2009 07:00:00   ;     0,0
06.12.2009 07:00:00   ;     1,6
07.12.2009 07:00:00   ;     2,3
08.12.2009 07:00:00   ;    16,1
09.12.2009 07:00:00   ;     1,5
10.12.2009 07:00:00   ;     2,9
11.12.2009 07:00:00   ;     2,1
12.12.2009 07:00:00   ;     0,0
13.12.2009 07:00:00   ;     0,0
14.12.2009 07:00:00   ;     0,0
15.12.2009 07:00:00   ;     0,0
16.12.2009 07:00:00   ;     0,2
17.12.2009 07:00:00   ;     0,1
18.12.2009 07:00:00   ;     0,1
19.12.2009 07:00:00   ;     5,4
20.12.2009 07:00:00   ;     0,0
21.12.2009 07:00:00   ;     0,0
22.12.2009 07:00:00   ;     0,0
23.12.2009 07:00:00   ;     0,8
24.12.2009 07:00:00   ;     0,2
25.12.2009 07:00:00   ;     2,7
26.12.2009 07:00:00   ;     0,0
27.12.2009 07:00:00   ;     0,0
28.12.2009 07:00:00   ;     0,0
29.12.2009 07:00:00   ;     2,2
30.12.2009 07:00:00   ;     0,2
31.12.2009 07:00:00   ;     2,1
01.01.2010 07:00:00   ;     2,7
02.01.2010 07:00:00   ;     0,9
03.01.2010 07:00:00   ;     0,8
04.01.2010 07:00:00   ;     0,0
05.01.2010 07:00:00   ;     5,7
06.01.2010 07:00:00   ;     0,2
07.01.2010 07:00:00   ;     3,1
08.01.2010 07:00:00   ;    13,9
09.01.2010 07:00:00   ;    13,4
10.01.2010 07:00:00   ;     0,0
11.01.2010 07:00:00   ;     0,0
12.01.2010 07:00:00   ;     0,0
13.01.2010 07:00:00   ;     0,0
14.01.2010 07:00:00   ;     0,1
15.01.2010 07:00:00   ;     0,1
16.01.2010 07:00:00   ;     0,0
17.01.2010 07:00:00   ;     6,7
18.01.2010 07:00:00   ;     6,2
19.01.2010 07:00:00   ;     0,0
20.01.2010 07:00:00   ;     0,5
21.01.2010 07:00:00   ;     1,3
22.01.2010 07:00:00   ;     0,0
23.01.2010 07:00:00   ;     0,0
24.01.2010 07:00:00   ;     0,0
25.01.2010 07:00:00   ;     1,7
26.01.2010 07:00:00   ;     0,3
27.01.2010 07:00:00   ;     2,3
28.01.2010 07:00:00   ;     0,2
29.01.2010 07:00:00   ;     0,0
30.01.2010 07:00:00   ;     0,2
31.01.2010 07:00:00   ;     0,0
01.02.2010 07:00:00   ;     0,0
02.02.2010 07:00:00   ;     0,0
03.02.2010 07:00:00   ;     0,0
04.02.2010 07:00:00   ;     0,0
05.02.2010 07:00:00   ;     0,0
06.02.2010 07:00:00   ;     0,0
07.02.2010 07:00:00   ;     0,5
08.02.2010 07:00:00   ;     0,0
09.02.2010 07:00:00   ;     0,0
10.02.2010 07:00:00   ;     1,0
11.02.2010 07:00:00   ;     2,4
12.02.2010 07:00:00   ;     0,1
13.02.2010 07:00:00   ;     0,0
14.02.2010 07:00:00   ;     0,0
15.02.2010 07:00:00   ;     0,0
16.02.2010 07:00:00   ;     0,0
17.02.2010 07:00:00   ;     0,0
18.02.2010 07:00:00   ;     0,0
19.02.2010 07:00:00   ;    10,5
20.02.2010 07:00:00   ;     0,0
21.02.2010 07:00:00   ;     0,0
22.02.2010 07:00:00   ;     0,0
23.02.2010 07:00:00   ;     0,0
24.02.2010 07:00:00   ;     0,0
25.02.2010 07:00:00   ;     0,0
26.02.2010 07:00:00   ;     4,9
27.02.2010 07:00:00   ;     0,0
28.02.2010 07:00:00   ;     1,4
01.03.2010 07:00:00   ;     0,0
02.03.2010 07:00:00   ;     0,8
03.03.2010 07:00:00   ;     0,0
04.03.2010 07:00:00   ;     0,1
05.03.2010 07:00:00   ;     0,1
06.03.2010 07:00:00   ;     0,1
07.03.2010 07:00:00   ;     0,0
08.03.2010 07:00:00   ;     0,0
09.03.2010 07:00:00   ;     0,0
10.03.2010 07:00:00   ;     0,8
11.03.2010 07:00:00   ;     3,4
12.03.2010 07:00:00   ;     0,0
13.03.2010 07:00:00   ;     0,1
14.03.2010 07:00:00   ;     1,2
15.03.2010 07:00:00   ;     0,0
16.03.2010 07:00:00   ;     1,1
17.03.2010 07:00:00   ;     0,0
18.03.2010 07:00:00   ;     0,0
19.03.2010 07:00:00   ;     0,0
20.03.2010 07:00:00   ;     0,0
21.03.2010 07:00:00   ;     0,7
22.03.2010 07:00:00   ;     0,0
23.03.2010 07:00:00   ;     0,0
24.03.2010 07:00:00   ;     0,0
25.03.2010 07:00:00   ;     0,0
26.03.2010 07:00:00   ;     0,0
27.03.2010 07:00:00   ;     0,0
28.03.2010 07:00:00   ;     0,0
29.03.2010 07:00:00   ;     0,3
30.03.2010 07:00:00   ;     0,0
31.03.2010 07:00:00   ;     1,9
01.04.2010 07:00:00   ;     6,5
02.04.2010 07:00:00   ;     0,1
03.04.2010 07:00:00   ;     0,0
04.04.2010 07:00:00   ;     6,6
05.04.2010 07:00:00   ;     4,6
06.04.2010 07:00:00   ;     0,0
07.04.2010 07:00:00   ;     0,0
08.04.2010 07:00:00   ;     0,0
09.04.2010 07:00:00   ;     0,0
10.04.2010 07:00:00   ;     1,1
11.04.2010 07:00:00   ;     0,0
12.04.2010 07:00:00   ;    21,2
13.04.2010 07:00:00   ;    12,6
14.04.2010 07:00:00   ;     7,1
15.04.2010 07:00:00   ;     8,8
16.04.2010 07:00:00   ;     0,2
17.04.2010 07:00:00   ;     0,0
18.04.2010 07:00:00   ;     0,0
19.04.2010 07:00:00   ;     0,0
20.04.2010 07:00:00   ;     0,0
21.04.2010 07:00:00   ;     0,0
22.04.2010 07:00:00   ;     0,0
23.04.2010 07:00:00   ;     0,0
24.04.2010 07:00:00   ;     0,0
25.04.2010 07:00:00   ;     0,0
26.04.2010 07:00:00   ;     3,2
27.04.2010 07:00:00   ;     0,0
28.04.2010 07:00:00   ;     0,0
29.04.2010 07:00:00   ;     0,0
30.04.2010 07:00:00   ;     5,6
01.05.2010 07:00:00   ;     3,5
02.05.2010 07:00:00   ;     1,5
03.05.2010 07:00:00   ;     5,1
04.05.2010 07:00:00   ;     5,4
05.05.2010 07:00:00   ;    10,9
06.05.2010 07:00:00   ;     0,2
07.05.2010 07:00:00   ;     1,8
08.05.2010 07:00:00   ;     0,0
09.05.2010 07:00:00   ;     0,0
10.05.2010 07:00:00   ;     1,1
11.05.2010 07:00:00   ;     0,0
12.05.2010 07:00:00   ;     0,1
13.05.2010 07:00:00   ;    24,9
14.05.2010 07:00:00   ;     0,9
15.05.2010 07:00:00   ;    13,6
16.05.2010 07:00:00   ;    19,3
17.05.2010 07:00:00   ;     8,6
18.05.2010 07:00:00   ;     0,0
19.05.2010 07:00:00   ;     1,7
20.05.2010 07:00:00   ;     2,1
21.05.2010 07:00:00   ;    21,1
22.05.2010 07:00:00   ;     2,8
23.05.2010 07:00:00   ;     1,0
24.05.2010 07:00:00   ;     7,2
25.05.2010 07:00:00   ;    17,3
26.05.2010 07:00:00   ;     8,7
27.05.2010 07:00:00   ;     1,8
28.05.2010 07:00:00   ;     6,4
29.05.2010 07:00:00   ;     0,0
30.05.2010 07:00:00   ;     1,6
31.05.2010 07:00:00   ;     0,9
01.06.2010 07:00:00   ;    18,9
02.06.2010 07:00:00   ;    15,8
03.06.2010 07:00:00   ;     2,0
04.06.2010 07:00:00   ;     0,0
05.06.2010 07:00:00   ;     0,0
06.06.2010 07:00:00   ;     0,0
07.06.2010 07:00:00   ;     0,0
08.06.2010 07:00:00   ;     0,0
09.06.2010 07:00:00   ;     0,0
10.06.2010 07:00:00   ;     0,0
11.06.2010 07:00:00   ;     0,0
12.06.2010 07:00:00   ;     7,8
13.06.2010 07:00:00   ;     5,9
14.06.2010 07:00:00   ;     0,1
15.06.2010 07:00:00   ;     6,9
16.06.2010 07:00:00   ;    16,1
17.06.2010 07:00:00   ;     0,0
18.06.2010 07:00:00   ;    21,6
19.06.2010 07:00:00   ;     0,2
20.06.2010 07:00:00   ;     0,0
21.06.2010 07:00:00   ;     2,6
22.06.2010 07:00:00   ;     0,0
23.06.2010 07:00:00   ;     0,0
24.06.2010 07:00:00   ;     0,0
25.06.2010 07:00:00   ;     0,0
26.06.2010 07:00:00   ;     0,0
27.06.2010 07:00:00   ;     0,0
28.06.2010 07:00:00   ;     0,0
29.06.2010 07:00:00   ;     0,0
30.06.2010 07:00:00   ;     0,0
01.07.2010 07:00:00   ;     0,0
02.07.2010 07:00:00   ;     0,0
03.07.2010 07:00:00   ;     0,0
04.07.2010 07:00:00   ;     0,0
05.07.2010 07:00:00   ;    10,5
06.07.2010 07:00:00   ;     8,8
07.07.2010 07:00:00   ;     0,0
08.07.2010 07:00:00   ;     0,0
09.07.2010 07:00:00   ;     0,0
10.07.2010 07:00:00   ;     0,0
11.07.2010 07:00:00   ;     0,0
12.07.2010 07:00:00   ;     0,0
13.07.2010 07:00:00   ;     0,0
14.07.2010 07:00:00   ;     0,0
15.07.2010 07:00:00   ;     1,2
16.07.2010 07:00:00   ;     0,0
17.07.2010 07:00:00   ;    38,4
18.07.2010 07:00:00   ;     0,6
19.07.2010 07:00:00   ;     0,0
20.07.2010 07:00:00   ;     0,0
21.07.2010 07:00:00   ;     0,0
22.07.2010 07:00:00   ;     0,0
23.07.2010 07:00:00   ;    31,4
24.07.2010 07:00:00   ;    10,7
25.07.2010 07:00:00   ;     1,9
26.07.2010 07:00:00   ;     0,1
27.07.2010 07:00:00   ;     0,0
28.07.2010 07:00:00   ;     0,4
29.07.2010 07:00:00   ;    18,6
30.07.2010 07:00:00   ;     3,0
31.07.2010 07:00:00   ;     0,0
01.08.2010 07:00:00   ;     0,0
02.08.2010 07:00:00   ;     0,0
03.08.2010 07:00:00   ;     0,7
04.08.2010 07:00:00   ;     0,0
05.08.2010 07:00:00   ;    15,7
06.08.2010 07:00:00   ;    41,8
07.08.2010 07:00:00   ;    10,2
08.08.2010 07:00:00   ;     0,5
09.08.2010 07:00:00   ;     3,2
10.08.2010 07:00:00   ;     0,0
11.08.2010 07:00:00   ;     0,0
12.08.2010 07:00:00   ;     0,0
13.08.2010 07:00:00   ;    18,6
14.08.2010 07:00:00   ;     4,9
15.08.2010 07:00:00   ;     0,0
16.08.2010 07:00:00   ;     1,8
17.08.2010 07:00:00   ;     1,9
18.08.2010 07:00:00   ;     0,0
19.08.2010 07:00:00   ;     0,0
20.08.2010 07:00:00   ;     0,0
21.08.2010 07:00:00   ;     0,0
22.08.2010 07:00:00   ;     0,0
23.08.2010 07:00:00   ;     4,9
24.08.2010 07:00:00   ;     9,4
25.08.2010 07:00:00   ;     0,0
26.08.2010 07:00:00   ;     0,8
27.08.2010 07:00:00   ;     7,6
28.08.2010 07:00:00   ;     0,0
29.08.2010 07:00:00   ;     5,3
30.08.2010 07:00:00   ;     4,9
31.08.2010 07:00:00   ;    26,2
01.09.2010 07:00:00   ;     0,0
02.09.2010 07:00:00   ;     0,0
03.09.2010 07:00:00   ;     0,0
04.09.2010 07:00:00   ;     3,1
05.09.2010 07:00:00   ;     0,0
06.09.2010 07:00:00   ;     0,0
07.09.2010 07:00:00   ;     3,8
08.09.2010 07:00:00   ;     8,4
09.09.2010 07:00:00   ;     0,0
10.09.2010 07:00:00   ;     0,0
11.09.2010 07:00:00   ;     0,0
12.09.2010 07:00:00   ;     0,0
13.09.2010 07:00:00   ;     0,0
14.09.2010 07:00:00   ;     1,8
15.09.2010 07:00:00   ;     0,0
16.09.2010 07:00:00   ;     0,8
17.09.2010 07:00:00   ;     1,5
18.09.2010 07:00:00   ;     0,0
19.09.2010 07:00:00   ;     0,0
20.09.2010 07:00:00   ;     0,0
21.09.2010 07:00:00   ;     0,0
22.09.2010 07:00:00   ;     0,0
23.09.2010 07:00:00   ;     0,0
24.09.2010 07:00:00   ;     0,0
25.09.2010 07:00:00   ;    43,7
26.09.2010 07:00:00   ;    16,6
27.09.2010 07:00:00   ;     0,2
28.09.2010 07:00:00   ;     1,8
29.09.2010 07:00:00   ;     0,5
30.09.2010 07:00:00   ;     0,0
01.10.2010 07:00:00   ;     0,0
02.10.2010 07:00:00   ;     0,0
03.10.2010 07:00:00   ;     0,0
04.10.2010 07:00:00   ;     0,2
05.10.2010 07:00:00   ;     1,5
06.10.2010 07:00:00   ;     0,2
07.10.2010 07:00:00   ;     0,0
08.10.2010 07:00:00   ;     0,0
09.10.2010 07:00:00   ;     0,0
10.10.2010 07:00:00   ;     0,0
11.10.2010 07:00:00   ;     0,0
12.10.2010 07:00:00   ;     0,0
13.10.2010 07:00:00   ;     0,0
14.10.2010 07:00:00   ;     0,0
15.10.2010 07:00:00   ;     0,0
16.10.2010 07:00:00   ;     0,0
17.10.2010 07:00:00   ;     9,2
18.10.2010 07:00:00   ;     0,0
19.10.2010 07:00:00   ;     0,0
20.10.2010 07:00:00   ;     1,5
21.10.2010 07:00:00   ;     0,0
22.10.2010 07:00:00   ;     0,0
23.10.2010 07:00:00   ;     0,0
24.10.2010 07:00:00   ;     2,1
25.10.2010 07:00:00   ;     1,9
26.10.2010 07:00:00   ;     0,0
27.10.2010 07:00:00   ;     0,0
28.10.2010 07:00:00   ;     0,0
29.10.2010 07:00:00   ;     0,0
30.10.2010 07:00:00   ;     0,0
31.10.2010 07:00:00   ;     0,0
01.11.2010 07:00:00   ;     0,0
02.11.2010 07:00:00   ;     0,0
03.11.2010 07:00:00   ;     0,0
04.11.2010 07:00:00   ;     0,0
05.11.2010 07:00:00   ;     0,0
06.11.2010 07:00:00   ;     0,0
07.11.2010 07:00:00   ;     0,7
08.11.2010 07:00:00   ;     0,8
09.11.2010 07:00:00   ;     5,2
10.11.2010 07:00:00   ;     0,0
11.11.2010 07:00:00   ;     0,0
12.11.2010 07:00:00   ;     0,0
13.11.2010 07:00:00   ;     0,0
14.11.2010 07:00:00   ;     0,0
15.11.2010 07:00:00   ;     0,3
16.11.2010 07:00:00   ;     0,0
17.11.2010 07:00:00   ;     0,4
18.11.2010 07:00:00   ;     0,0
19.11.2010 07:00:00   ;     9,1
20.11.2010 07:00:00   ;     0,0
21.11.2010 07:00:00   ;     1,2
22.11.2010 07:00:00   ;     0,0
23.11.2010 07:00:00   ;     0,0
24.11.2010 07:00:00   ;     0,0
25.11.2010 07:00:00   ;     0,0
26.11.2010 07:00:00   ;     7,5
27.11.2010 07:00:00   ;     0,0
28.11.2010 07:00:00   ;    13,5
29.11.2010 07:00:00   ;     0,6
30.11.2010 07:00:00   ;     1,1
01.12.2010 07:00:00   ;     7,5
02.12.2010 07:00:00   ;     0,7
03.12.2010 07:00:00   ;     8,7
04.12.2010 07:00:00   ;     0,0
05.12.2010 07:00:00   ;     0,0
06.12.2010 07:00:00   ;     1,4
07.12.2010 07:00:00   ;     0,0
08.12.2010 07:00:00   ;     0,4
09.12.2010 07:00:00   ;     0,0
10.12.2010 07:00:00   ;     2,1
11.12.2010 07:00:00   ;     1,9
12.12.2010 07:00:00   ;     0,0
13.12.2010 07:00:00   ;     0,2
14.12.2010 07:00:00   ;     3,2
15.12.2010 07:00:00   ;     1,7
16.12.2010 07:00:00   ;     0,0
17.12.2010 07:00:00   ;     1,6
18.12.2010 07:00:00   ;     0,3
19.12.2010 07:00:00   ;     0,0
20.12.2010 07:00:00   ;     0,0
21.12.2010 07:00:00   ;     0,0
22.12.2010 07:00:00   ;     0,0
23.12.2010 07:00:00   ;     0,0
24.12.2010 07:00:00   ;     1,6
25.12.2010 07:00:00   ;     0,0
26.12.2010 07:00:00   ;     0,0
27.12.2010 07:00:00   ;     0,0
28.12.2010 07:00:00   ;     0,2
29.12.2010 07:00:00   ;     0,0
30.12.2010 07:00:00   ;     0,0
31.12.2010 07:00:00   ;     0,0
01.01.2011 07:00:00   ;     0,0
02.01.2011 07:00:00   ;     0,0
03.01.2011 07:00:00   ;     0,0
04.01.2011 07:00:00   ;     0,0
05.01.2011 07:00:00   ;     0,0
06.01.2011 07:00:00   ;     0,0
07.01.2011 07:00:00   ;     0,0
08.01.2011 07:00:00   ;     2,5
09.01.2011 07:00:00   ;     0,8
10.01.2011 07:00:00   ;     1,8
11.01.2011 07:00:00   ;     0,2
12.01.2011 07:00:00   ;     6,5
13.01.2011 07:00:00   ;     9,2
14.01.2011 07:00:00   ;     0,2
15.01.2011 07:00:00   ;     0,0
16.01.2011 07:00:00   ;     0,0
17.01.2011 07:00:00   ;     0,0
18.01.2011 07:00:00   ;     2,5
19.01.2011 07:00:00   ;     1,4
20.01.2011 07:00:00   ;     0,0
21.01.2011 07:00:00   ;     0,0
22.01.2011 07:00:00   ;     0,0
23.01.2011 07:00:00   ;     6,9
24.01.2011 07:00:00   ;     1,6
25.01.2011 07:00:00   ;     2,3
26.01.2011 07:00:00   ;     0,7
27.01.2011 07:00:00   ;     0,0
28.01.2011 07:00:00   ;     0,0
29.01.2011 07:00:00   ;     0,0
30.01.2011 07:00:00   ;     0,0
31.01.2011 07:00:00   ;     0,0
01.02.2011 07:00:00   ;     0,0
02.02.2011 07:00:00   ;     0,0
03.02.2011 07:00:00   ;     1,4
04.02.2011 07:00:00   ;     0,0
05.02.2011 07:00:00   ;     0,0
06.02.2011 07:00:00   ;     0,0
07.02.2011 07:00:00   ;     0,0
08.02.2011 07:00:00   ;     0,0
09.02.2011 07:00:00   ;     0,0
10.02.2011 07:00:00   ;     1,9
11.02.2011 07:00:00   ;     2,5
12.02.2011 07:00:00   ;     0,0
13.02.2011 07:00:00   ;     0,0
14.02.2011 07:00:00   ;     0,2
15.02.2011 07:00:00   ;     0,0
16.02.2011 07:00:00   ;     0,5
17.02.2011 07:00:00   ;     0,9
18.02.2011 07:00:00   ;     0,0
19.02.2011 07:00:00   ;     0,0
20.02.2011 07:00:00   ;     0,0
21.02.2011 07:00:00   ;     0,0
22.02.2011 07:00:00   ;     0,0
23.02.2011 07:00:00   ;     0,0
24.02.2011 07:00:00   ;     0,0
25.02.2011 07:00:00   ;     0,0
26.02.2011 07:00:00   ;     0,0
27.02.2011 07:00:00   ;     0,0
28.02.2011 07:00:00   ;     0,0
01.03.2011 07:00:00   ;     0,0
02.03.2011 07:00:00   ;     0,3
03.03.2011 07:00:00   ;     0,0
04.03.2011 07:00:00   ;     0,0
05.03.2011 07:00:00   ;     0,0
06.03.2011 07:00:00   ;     0,0
07.03.2011 07:00:00   ;     0,0
08.03.2011 07:00:00   ;     0,0
09.03.2011 07:00:00   ;     0,3
10.03.2011 07:00:00   ;     1,5
11.03.2011 07:00:00   ;     0,0
12.03.2011 07:00:00   ;     0,0
13.03.2011 07:00:00   ;     0,0
14.03.2011 07:00:00   ;     0,0
15.03.2011 07:00:00   ;     0,0
16.03.2011 07:00:00   ;     3,2
17.03.2011 07:00:00   ;    16,2
18.03.2011 07:00:00   ;    25,4
19.03.2011 07:00:00   ;     0,0
20.03.2011 07:00:00   ;     0,0
21.03.2011 07:00:00   ;     0,0
22.03.2011 07:00:00   ;     0,0
23.03.2011 07:00:00   ;     0,0
24.03.2011 07:00:00   ;     0,0
25.03.2011 07:00:00   ;     0,0
26.03.2011 07:00:00   ;     0,0
27.03.2011 07:00:00   ;     0,0
28.03.2011 07:00:00   ;     0,0
29.03.2011 07:00:00   ;     0,0
30.03.2011 07:00:00   ;     0,0
31.03.2011 07:00:00   ;     2,6
01.04.2011 07:00:00   ;     1,5
02.04.2011 07:00:00   ;     0,0
03.04.2011 07:00:00   ;     0,0
04.04.2011 07:00:00   ;    10,1
05.04.2011 07:00:00   ;     0,6
06.04.2011 07:00:00   ;     0,0
07.04.2011 07:00:00   ;     0,0
08.04.2011 07:00:00   ;     0,0
09.04.2011 07:00:00   ;     0,0
10.04.2011 07:00:00   ;     0,0
11.04.2011 07:00:00   ;     0,0
12.04.2011 07:00:00   ;     3,5
13.04.2011 07:00:00   ;     2,8
14.04.2011 07:00:00   ;     3,2
15.04.2011 07:00:00   ;     0,0
16.04.2011 07:00:00   ;     0,0
17.04.2011 07:00:00   ;     0,0
18.04.2011 07:00:00   ;     0,0
19.04.2011 07:00:00   ;     0,0
20.04.2011 07:00:00   ;     0,0
21.04.2011 07:00:00   ;     0,0
22.04.2011 07:00:00   ;     0,0
23.04.2011 07:00:00   ;     0,0
24.04.2011 07:00:00   ;     0,7
25.04.2011 07:00:00   ;    11,3
26.04.2011 07:00:00   ;     0,8
27.04.2011 07:00:00   ;     2,3
28.04.2011 07:00:00   ;     0,0
29.04.2011 07:00:00   ;     0,2
30.04.2011 07:00:00   ;     0,0
01.05.2011 07:00:00   ;     0,0
02.05.2011 07:00:00   ;     0,5
03.05.2011 07:00:00   ;     1,2
04.05.2011 07:00:00   ;     0,0
05.05.2011 07:00:00   ;     0,0
06.05.2011 07:00:00   ;     0,0
07.05.2011 07:00:00   ;     0,0
08.05.2011 07:00:00   ;     0,0
09.05.2011 07:00:00   ;     0,0
10.05.2011 07:00:00   ;     0,0
11.05.2011 07:00:00   ;     0,0
12.05.2011 07:00:00   ;     5,5
13.05.2011 07:00:00   ;     0,0
14.05.2011 07:00:00   ;     7,2
15.05.2011 07:00:00   ;     2,2
16.05.2011 07:00:00   ;     0,0
17.05.2011 07:00:00   ;     0,0
18.05.2011 07:00:00   ;     0,0
19.05.2011 07:00:00   ;     0,0
20.05.2011 07:00:00   ;     0,0
21.05.2011 07:00:00   ;    15,3
22.05.2011 07:00:00   ;     6,1
23.05.2011 07:00:00   ;     0,0
24.05.2011 07:00:00   ;     0,0
25.05.2011 07:00:00   ;     0,0
26.05.2011 07:00:00   ;     0,0
27.05.2011 07:00:00   ;    19,7
28.05.2011 07:00:00   ;     8,0
29.05.2011 07:00:00   ;     0,0
30.05.2011 07:00:00   ;     0,0
31.05.2011 07:00:00   ;     0,0
01.06.2011 07:00:00   ;     1,6
02.06.2011 07:00:00   ;     0,0
03.06.2011 07:00:00   ;     2,4
04.06.2011 07:00:00   ;     1,6
05.06.2011 07:00:00   ;     0,0
06.06.2011 07:00:00   ;     0,0
07.06.2011 07:00:00   ;     2,7
08.06.2011 07:00:00   ;    13,9
09.06.2011 07:00:00   ;     1,1
10.06.2011 07:00:00   ;     0,0
11.06.2011 07:00:00   ;     0,0
12.06.2011 07:00:00   ;     1,4
13.06.2011 07:00:00   ;     0,0
14.06.2011 07:00:00   ;     0,0
15.06.2011 07:00:00   ;     2,1
16.06.2011 07:00:00   ;     0,0
17.06.2011 07:00:00   ;     0,0
18.06.2011 07:00:00   ;    16,5
19.06.2011 07:00:00   ;     1,1
20.06.2011 07:00:00   ;     0,0
21.06.2011 07:00:00   ;     5,8
22.06.2011 07:00:00   ;     0,2
23.06.2011 07:00:00   ;    15,8
24.06.2011 07:00:00   ;     0,0
25.06.2011 07:00:00   ;     1,2
26.06.2011 07:00:00   ;     0,0
27.06.2011 07:00:00   ;     0,0
28.06.2011 07:00:00   ;     0,0
29.06.2011 07:00:00   ;     0,0
30.06.2011 07:00:00   ;     2,3
01.07.2011 07:00:00   ;     0,0
02.07.2011 07:00:00   ;     0,0
03.07.2011 07:00:00   ;     9,8
04.07.2011 07:00:00   ;     1,2
05.07.2011 07:00:00   ;     0,0
06.07.2011 07:00:00   ;     0,0
07.07.2011 07:00:00   ;     0,0
08.07.2011 07:00:00   ;     0,2
09.07.2011 07:00:00   ;     0,0
10.07.2011 07:00:00   ;     0,0
11.07.2011 07:00:00   ;     4,1
12.07.2011 07:00:00   ;     0,0
13.07.2011 07:00:00   ;     0,0
14.07.2011 07:00:00   ;    11,2
15.07.2011 07:00:00   ;     0,0
16.07.2011 07:00:00   ;     0,0
17.07.2011 07:00:00   ;     1,9
18.07.2011 07:00:00   ;     0,6
19.07.2011 07:00:00   ;     0,0
20.07.2011 07:00:00   ;    28,5
21.07.2011 07:00:00   ;    19,5
22.07.2011 07:00:00   ;     5,1
23.07.2011 07:00:00   ;     3,1
24.07.2011 07:00:00   ;     2,9
25.07.2011 07:00:00   ;     1,0
26.07.2011 07:00:00   ;     0,1
27.07.2011 07:00:00   ;     0,0
28.07.2011 07:00:00   ;     3,1
29.07.2011 07:00:00   ;     0,7
30.07.2011 07:00:00   ;    11,1
31.07.2011 07:00:00   ;     0,5
01.08.2011 07:00:00   ;     0,0
02.08.2011 07:00:00   ;     0,0
03.08.2011 07:00:00   ;     0,0
04.08.2011 07:00:00   ;     0,0
05.08.2011 07:00:00   ;     0,0
06.08.2011 07:00:00   ;     0,0
07.08.2011 07:00:00   ;     2,9
08.08.2011 07:00:00   ;     3,5
09.08.2011 07:00:00   ;     0,0
10.08.2011 07:00:00   ;     0,0
11.08.2011 07:00:00   ;     0,0
12.08.2011 07:00:00   ;     0,0
13.08.2011 07:00:00   ;     0,0
14.08.2011 07:00:00   ;     0,0
15.08.2011 07:00:00   ;     5,4
16.08.2011 07:00:00   ;     0,0
17.08.2011 07:00:00   ;     0,0
18.08.2011 07:00:00   ;     0,0
19.08.2011 07:00:00   ;    14,2
20.08.2011 07:00:00   ;     0,0
21.08.2011 07:00:00   ;     0,0
22.08.2011 07:00:00   ;     0,0
23.08.2011 07:00:00   ;     0,0
24.08.2011 07:00:00   ;     0,0
25.08.2011 07:00:00   ;     0,0
26.08.2011 07:00:00   ;     0,0
27.08.2011 07:00:00   ;     9,2
28.08.2011 07:00:00   ;     0,0
29.08.2011 07:00:00   ;     0,0
30.08.2011 07:00:00   ;     0,0
31.08.2011 07:00:00   ;     0,0
01.09.2011 07:00:00   ;     0,7
02.09.2011 07:00:00   ;     0,0
03.09.2011 07:00:00   ;     0,0
04.09.2011 07:00:00   ;     0,0
05.09.2011 07:00:00   ;    12,6
06.09.2011 07:00:00   ;     0,0
07.09.2011 07:00:00   ;     0,0
08.09.2011 07:00:00   ;     0,7
09.09.2011 07:00:00   ;     0,0
10.09.2011 07:00:00   ;     0,0
11.09.2011 07:00:00   ;     0,0
12.09.2011 07:00:00   ;     0,0
13.09.2011 07:00:00   ;     0,0
14.09.2011 07:00:00   ;     1,8
15.09.2011 07:00:00   ;     0,0
16.09.2011 07:00:00   ;     0,0
17.09.2011 07:00:00   ;     0,0
18.09.2011 07:00:00   ;     0,7
19.09.2011 07:00:00   ;    17,2
20.09.2011 07:00:00   ;     7,9
21.09.2011 07:00:00   ;     0,0
22.09.2011 07:00:00   ;     0,0
23.09.2011 07:00:00   ;     0,0
24.09.2011 07:00:00   ;     0,0
25.09.2011 07:00:00   ;     0,0
26.09.2011 07:00:00   ;     0,0
27.09.2011 07:00:00   ;     0,0
28.09.2011 07:00:00   ;     0,0
29.09.2011 07:00:00   ;     0,0
30.09.2011 07:00:00   ;     0,0
01.10.2011 07:00:00   ;     0,0
02.10.2011 07:00:00   ;     0,0
03.10.2011 07:00:00   ;     0,0
04.10.2011 07:00:00   ;     0,0
05.10.2011 07:00:00   ;     0,0
06.10.2011 07:00:00   ;     6,5
07.10.2011 07:00:00   ;    11,3
08.10.2011 07:00:00   ;     4,7
09.10.2011 07:00:00   ;     1,3
10.10.2011 07:00:00   ;     5,8
11.10.2011 07:00:00   ;     0,0
12.10.2011 07:00:00   ;     9,5
13.10.2011 07:00:00   ;     0,0
14.10.2011 07:00:00   ;     0,0
15.10.2011 07:00:00   ;     0,0
16.10.2011 07:00:00   ;     0,0
17.10.2011 07:00:00   ;     0,0
18.10.2011 07:00:00   ;     0,0
19.10.2011 07:00:00   ;     1,5
20.10.2011 07:00:00   ;     0,0
21.10.2011 07:00:00   ;     0,0
22.10.2011 07:00:00   ;     0,1
23.10.2011 07:00:00   ;     1,6
24.10.2011 07:00:00   ;     0,2
25.10.2011 07:00:00   ;     0,2
26.10.2011 07:00:00   ;     6,5
27.10.2011 07:00:00   ;     0,0
28.10.2011 07:00:00   ;     0,0
29.10.2011 07:00:00   ;     0,0
30.10.2011 07:00:00   ;     0,0
31.10.2011 07:00:00   ;     0,0
01.11.2011 07:00:00   ;     0,0
02.11.2011 07:00:00   ;     0,9
03.11.2011 07:00:00   ;     0,0
04.11.2011 07:00:00   ;     0,0
05.11.2011 07:00:00   ;     0,0
06.11.2011 07:00:00   ;     0,0
07.11.2011 07:00:00   ;     0,0
08.11.2011 07:00:00   ;     0,0
09.11.2011 07:00:00   ;     0,0
10.11.2011 07:00:00   ;     0,0
11.11.2011 07:00:00   ;     0,0
12.11.2011 07:00:00   ;     0,0
13.11.2011 07:00:00   ;     0,0
14.11.2011 07:00:00   ;     0,0
15.11.2011 07:00:00   ;     0,0
16.11.2011 07:00:00   ;     0,0
17.11.2011 07:00:00   ;     0,0
18.11.2011 07:00:00   ;     0,0
19.11.2011 07:00:00   ;     0,0
20.11.2011 07:00:00   ;     0,0
21.11.2011 07:00:00   ;     0,0
22.11.2011 07:00:00   ;     0,2
23.11.2011 07:00:00   ;     0,1
24.11.2011 07:00:00   ;     0,2
25.11.2011 07:00:00   ;     0,6
26.11.2011 07:00:00   ;     0,0
27.11.2011 07:00:00   ;     0,0
28.11.2011 07:00:00   ;     0,0
29.11.2011 07:00:00   ;     0,5
30.11.2011 07:00:00   ;     0,9
01.12.2011 07:00:00   ;     0,2
02.12.2011 07:00:00   ;     0,5
03.12.2011 07:00:00   ;     0,4
04.12.2011 07:00:00   ;     0,0
05.12.2011 07:00:00   ;     0,2
06.12.2011 07:00:00   ;     0,7
07.12.2011 07:00:00   ;     3,6
08.12.2011 07:00:00   ;     0,0
09.12.2011 07:00:00   ;     1,6
10.12.2011 07:00:00   ;     0,0
11.12.2011 07:00:00   ;     0,0
12.12.2011 07:00:00   ;     4,2
13.12.2011 07:00:00   ;     0,0
14.12.2011 07:00:00   ;     0,0
15.12.2011 07:00:00   ;     0,0
16.12.2011 07:00:00   ;     1,5
17.12.2011 07:00:00   ;     0,3
18.12.2011 07:00:00   ;     0,0
19.12.2011 07:00:00   ;     0,0
20.12.2011 07:00:00   ;     0,0
21.12.2011 07:00:00   ;     1,2
22.12.2011 07:00:00   ;     0,0
23.12.2011 07:00:00   ;     2,1
24.12.2011 07:00:00   ;     0,1
25.12.2011 07:00:00   ;     0,0
26.12.2011 07:00:00   ;     0,0
27.12.2011 07:00:00   ;     0,0
28.12.2011 07:00:00   ;     0,0
29.12.2011 07:00:00   ;     0,0
30.12.2011 07:00:00   ;     0,0
31.12.2011 07:00:00   ;     0,1
01.01.2012 07:00:00   ;     1,2
02.01.2012 07:00:00   ;     1,8
03.01.2012 07:00:00   ;     0,0
04.01.2012 07:00:00   ;     0,2
05.01.2012 07:00:00   ;     1,2
06.01.2012 07:00:00   ;     0,0
07.01.2012 07:00:00   ;     4,6
08.01.2012 07:00:00   ;     0,0
09.01.2012 07:00:00   ;     3,9
10.01.2012 07:00:00   ;     0,0
11.01.2012 07:00:00   ;     0,0
12.01.2012 07:00:00   ;     0,0
13.01.2012 07:00:00   ;     1,5
14.01.2012 07:00:00   ;     0,0
15.01.2012 07:00:00   ;     0,0
16.01.2012 07:00:00   ;     7,7
17.01.2012 07:00:00   ;     1,4
18.01.2012 07:00:00   ;     2,6
19.01.2012 07:00:00   ;     6,4
20.01.2012 07:00:00   ;     0,9
21.01.2012 07:00:00   ;     6,9
22.01.2012 07:00:00   ;     0,0
23.01.2012 07:00:00   ;     0,0
24.01.2012 07:00:00   ;     1,2
25.01.2012 07:00:00   ;     0,0
26.01.2012 07:00:00   ;     0,0
27.01.2012 07:00:00   ;     0,0
28.01.2012 07:00:00   ;     0,0
29.01.2012 07:00:00   ;     0,0
30.01.2012 07:00:00   ;     0,0
31.01.2012 07:00:00   ;     0,0
01.02.2012 07:00:00   ;     0,0
02.02.2012 07:00:00   ;     0,0
03.02.2012 07:00:00   ;     0,0
04.02.2012 07:00:00   ;     0,0
05.02.2012 07:00:00   ;     0,0
06.02.2012 07:00:00   ;     4,6
07.02.2012 07:00:00   ;     3,0
08.02.2012 07:00:00   ;     0,0
09.02.2012 07:00:00   ;     0,2
10.02.2012 07:00:00   ;     0,0
11.02.2012 07:00:00   ;     0,0
12.02.2012 07:00:00   ;     0,0
13.02.2012 07:00:00   ;     0,2
14.02.2012 07:00:00   ;     0,0
15.02.2012 07:00:00   ;     1,4
16.02.2012 07:00:00   ;     0,0
17.02.2012 07:00:00   ;     0,2
18.02.2012 07:00:00   ;     0,0
19.02.2012 07:00:00   ;     1,3
20.02.2012 07:00:00   ;     0,0
21.02.2012 07:00:00   ;     0,0
22.02.2012 07:00:00   ;     0,0
23.02.2012 07:00:00   ;     0,0
24.02.2012 07:00:00   ;     0,0
25.02.2012 07:00:00   ;     0,0
26.02.2012 07:00:00   ;     0,2
27.02.2012 07:00:00   ;     1,6
28.02.2012 07:00:00   ;    12,2
29.02.2012 07:00:00   ;     0,0
01.03.2012 07:00:00   ;     0,0
02.03.2012 07:00:00   ;     0,0
03.03.2012 07:00:00   ;     0,0
04.03.2012 07:00:00   ;     0,0
05.03.2012 07:00:00   ;     0,0
06.03.2012 07:00:00   ;     0,0
07.03.2012 07:00:00   ;     0,0
08.03.2012 07:00:00   ;     2,9
09.03.2012 07:00:00   ;     0,0
10.03.2012 07:00:00   ;     0,0
11.03.2012 07:00:00   ;     0,0
12.03.2012 07:00:00   ;     0,3
13.03.2012 07:00:00   ;     0,0
14.03.2012 07:00:00   ;     0,0
15.03.2012 07:00:00   ;     0,0
16.03.2012 07:00:00   ;     0,0
17.03.2012 07:00:00   ;     0,0
18.03.2012 07:00:00   ;     0,0
19.03.2012 07:00:00   ;     0,0
20.03.2012 07:00:00   ;     0,0
21.03.2012 07:00:00   ;     0,0
22.03.2012 07:00:00   ;     0,0
23.03.2012 07:00:00   ;     0,0
24.03.2012 07:00:00   ;     0,0
25.03.2012 07:00:00   ;     0,0
26.03.2012 07:00:00   ;     0,0
27.03.2012 07:00:00   ;     0,0
28.03.2012 07:00:00   ;     0,0
29.03.2012 07:00:00   ;     7,9
30.03.2012 07:00:00   ;     4,9
31.03.2012 07:00:00   ;     1,1
01.04.2012 07:00:00   ;     0,0
02.04.2012 07:00:00   ;     0,0
03.04.2012 07:00:00   ;     0,0
04.04.2012 07:00:00   ;     0,4
05.04.2012 07:00:00   ;     0,6
06.04.2012 07:00:00   ;     0,6
07.04.2012 07:00:00   ;     0,8
08.04.2012 07:00:00   ;     0,0
09.04.2012 07:00:00   ;     0,0
10.04.2012 07:00:00   ;     0,0
11.04.2012 07:00:00   ;     0,0
12.04.2012 07:00:00   ;     7,8
13.04.2012 07:00:00   ;     0,2
14.04.2012 07:00:00   ;     0,0
15.04.2012 07:00:00   ;     2,8
16.04.2012 07:00:00   ;    19,8
17.04.2012 07:00:00   ;     0,0
18.04.2012 07:00:00   ;     0,0
19.04.2012 07:00:00   ;     2,9
20.04.2012 07:00:00   ;     2,7
21.04.2012 07:00:00   ;     0,0
22.04.2012 07:00:00   ;     1,8
23.04.2012 07:00:00   ;     0,0
24.04.2012 07:00:00   ;     0,0
25.04.2012 07:00:00   ;     0,0
26.04.2012 07:00:00   ;     0,0
27.04.2012 07:00:00   ;     0,0
28.04.2012 07:00:00   ;     0,0
29.04.2012 07:00:00   ;     0,0
30.04.2012 07:00:00   ;     0,0
01.05.2012 07:00:00   ;     0,0
02.05.2012 07:00:00   ;     0,0
03.05.2012 07:00:00   ;     0,1
04.05.2012 07:00:00   ;     0,6
05.05.2012 07:00:00   ;     2,1
06.05.2012 07:00:00   ;     0,5
07.05.2012 07:00:00   ;     0,0
08.05.2012 07:00:00   ;     0,0
09.05.2012 07:00:00   ;     0,0
10.05.2012 07:00:00   ;     0,0
11.05.2012 07:00:00   ;     0,0
12.05.2012 07:00:00   ;     1,7
13.05.2012 07:00:00   ;     0,0
14.05.2012 07:00:00   ;     0,0
15.05.2012 07:00:00   ;     0,0
16.05.2012 07:00:00   ;     1,5
17.05.2012 07:00:00   ;     0,0
18.05.2012 07:00:00   ;     0,0
19.05.2012 07:00:00   ;     0,0
20.05.2012 07:00:00   ;     0,0
21.05.2012 07:00:00   ;     0,0
22.05.2012 07:00:00   ;     5,9
23.05.2012 07:00:00   ;     0,0
24.05.2012 07:00:00   ;     0,0
25.05.2012 07:00:00   ;     0,0
26.05.2012 07:00:00   ;     0,0
27.05.2012 07:00:00   ;     0,0
28.05.2012 07:00:00   ;     5,5
29.05.2012 07:00:00   ;     0,0
30.05.2012 07:00:00   ;     0,0
31.05.2012 07:00:00   ;     9,9
01.06.2012 07:00:00   ;     1,2
02.06.2012 07:00:00   ;     0,0
03.06.2012 07:00:00   ;     4,5
04.06.2012 07:00:00   ;     6,0
05.06.2012 07:00:00   ;     0,6
06.06.2012 07:00:00   ;     1,1
07.06.2012 07:00:00   ;     1,5
08.06.2012 07:00:00   ;    32,5
09.06.2012 07:00:00   ;     0,5
10.06.2012 07:00:00   ;     4,9
11.06.2012 07:00:00   ;     1,2
12.06.2012 07:00:00   ;    32,8
13.06.2012 07:00:00   ;     0,7
14.06.2012 07:00:00   ;     0,0
15.06.2012 07:00:00   ;     0,0
16.06.2012 07:00:00   ;     0,0
17.06.2012 07:00:00   ;     0,0
18.06.2012 07:00:00   ;     0,0
19.06.2012 07:00:00   ;     0,0
20.06.2012 07:00:00   ;     5,6
21.06.2012 07:00:00   ;     0,0
22.06.2012 07:00:00   ;     2,1
23.06.2012 07:00:00   ;     0,2
24.06.2012 07:00:00   ;     2,4
25.06.2012 07:00:00   ;     5,1
26.06.2012 07:00:00   ;     0,0
27.06.2012 07:00:00   ;     0,0
28.06.2012 07:00:00   ;     0,0
29.06.2012 07:00:00   ;     0,0
30.06.2012 07:00:00   ;     0,0
01.07.2012 07:00:00   ;     0,0
02.07.2012 07:00:00   ;     0,0
03.07.2012 07:00:00   ;    14,5
04.07.2012 07:00:00   ;     0,0
05.07.2012 07:00:00   ;     0,0
06.07.2012 07:00:00   ;     1,1
07.07.2012 07:00:00   ;     7,1
08.07.2012 07:00:00   ;    10,6
09.07.2012 07:00:00   ;     0,0
10.07.2012 07:00:00   ;     1,9
11.07.2012 07:00:00   ;     2,6
12.07.2012 07:00:00   ;     0,0
13.07.2012 07:00:00   ;     3,3
14.07.2012 07:00:00   ;     2,2
15.07.2012 07:00:00   ;     0,0
16.07.2012 07:00:00   ;     0,0
17.07.2012 07:00:00   ;     0,5
18.07.2012 07:00:00   ;     0,0
19.07.2012 07:00:00   ;     6,3
20.07.2012 07:00:00   ;     8,2
21.07.2012 07:00:00   ;     1,9
22.07.2012 07:00:00   ;     0,0
23.07.2012 07:00:00   ;     0,0
24.07.2012 07:00:00   ;     7,7
25.07.2012 07:00:00   ;     1,2
26.07.2012 07:00:00   ;     1,1
27.07.2012 07:00:00   ;     0,0
28.07.2012 07:00:00   ;     5,3
29.07.2012 07:00:00   ;     4,0
30.07.2012 07:00:00   ;     0,0
31.07.2012 07:00:00   ;     0,0
01.08.2012 07:00:00   ;     0,0
02.08.2012 07:00:00   ;     0,0
03.08.2012 07:00:00   ;     1,8
04.08.2012 07:00:00   ;     3,5
05.08.2012 07:00:00   ;     0,0
06.08.2012 07:00:00   ;     0,0
07.08.2012 07:00:00   ;     0,0
08.08.2012 07:00:00   ;     0,0
09.08.2012 07:00:00   ;     0,0
10.08.2012 07:00:00   ;     0,0
11.08.2012 07:00:00   ;     6,5
12.08.2012 07:00:00   ;     0,0
13.08.2012 07:00:00   ;     0,0
14.08.2012 07:00:00   ;     0,0
15.08.2012 07:00:00   ;     0,0
16.08.2012 07:00:00   ;     0,0
17.08.2012 07:00:00   ;     0,0
18.08.2012 07:00:00   ;     0,0
19.08.2012 07:00:00   ;     0,0
20.08.2012 07:00:00   ;     0,0
21.08.2012 07:00:00   ;     0,0
22.08.2012 07:00:00   ;     3,9
23.08.2012 07:00:00   ;    10,6
24.08.2012 07:00:00   ;     0,0
25.08.2012 07:00:00   ;     6,5
26.08.2012 07:00:00   ;     0,0
27.08.2012 07:00:00   ;     0,0
28.08.2012 07:00:00   ;     0,0
29.08.2012 07:00:00   ;     0,0
30.08.2012 07:00:00   ;     0,0
31.08.2012 07:00:00   ;    17,5
01.09.2012 07:00:00   ;     4,9
02.09.2012 07:00:00   ;     0,0
03.09.2012 07:00:00   ;     0,0
04.09.2012 07:00:00   ;     0,0
05.09.2012 07:00:00   ;     0,0
06.09.2012 07:00:00   ;     0,0
07.09.2012 07:00:00   ;     0,0
08.09.2012 07:00:00   ;     0,0
09.09.2012 07:00:00   ;     0,0
10.09.2012 07:00:00   ;     0,0
11.09.2012 07:00:00   ;     0,0
12.09.2012 07:00:00   ;    24,6
13.09.2012 07:00:00   ;     0,4
14.09.2012 07:00:00   ;     0,0
15.09.2012 07:00:00   ;     0,0
16.09.2012 07:00:00   ;     0,0
17.09.2012 07:00:00   ;     0,0
18.09.2012 07:00:00   ;     0,0
19.09.2012 07:00:00   ;     2,9
20.09.2012 07:00:00   ;     0,0
21.09.2012 07:00:00   ;     0,0
22.09.2012 07:00:00   ;     3,8
23.09.2012 07:00:00   ;     0,0
24.09.2012 07:00:00   ;     2,7
25.09.2012 07:00:00   ;     0,0
26.09.2012 07:00:00   ;     0,0
27.09.2012 07:00:00   ;     0,8
28.09.2012 07:00:00   ;     0,0
29.09.2012 07:00:00   ;     0,9
30.09.2012 07:00:00   ;     0,1
01.10.2012 07:00:00   ;     0,0
02.10.2012 07:00:00   ;     1,2
03.10.2012 07:00:00   ;     0,0
04.10.2012 07:00:00   ;     0,0
05.10.2012 07:00:00   ;     0,0
06.10.2012 07:00:00   ;     0,2
07.10.2012 07:00:00   ;    11,0
08.10.2012 07:00:00   ;     0,0
09.10.2012 07:00:00   ;     0,2
10.10.2012 07:00:00   ;     0,0
11.10.2012 07:00:00   ;     0,0
12.10.2012 07:00:00   ;     0,9
13.10.2012 07:00:00   ;     0,0
14.10.2012 07:00:00   ;     0,0
15.10.2012 07:00:00   ;     3,9
16.10.2012 07:00:00   ;     4,2
17.10.2012 07:00:00   ;     0,0
18.10.2012 07:00:00   ;     0,0
19.10.2012 07:00:00   ;     0,0
20.10.2012 07:00:00   ;     0,0
21.10.2012 07:00:00   ;     0,5
22.10.2012 07:00:00   ;     0,2
23.10.2012 07:00:00   ;     0,3
24.10.2012 07:00:00   ;     0,0
25.10.2012 07:00:00   ;     0,0
26.10.2012 07:00:00   ;     0,7
27.10.2012 07:00:00   ;     3,4
28.10.2012 07:00:00   ;     2,7
29.10.2012 07:00:00   ;     1,3
30.10.2012 07:00:00   ;     0,0
31.10.2012 07:00:00   ;     0,0
01.11.2012 07:00:00   ;     0,9
02.11.2012 07:00:00   ;     0,4
03.11.2012 07:00:00   ;     0,0
04.11.2012 07:00:00   ;     7,7
05.11.2012 07:00:00   ;     2,4
06.11.2012 07:00:00   ;     0,0
07.11.2012 07:00:00   ;     0,0
08.11.2012 07:00:00   ;     1,0
09.11.2012 07:00:00   ;     0,0
10.11.2012 07:00:00   ;     0,0
11.11.2012 07:00:00   ;     0,0
12.11.2012 07:00:00   ;     2,1
13.11.2012 07:00:00   ;     0,0
14.11.2012 07:00:00   ;     0,0
15.11.2012 07:00:00   ;     0,0
16.11.2012 07:00:00   ;     0,0
17.11.2012 07:00:00   ;     0,0
18.11.2012 07:00:00   ;     0,2
19.11.2012 07:00:00   ;     0,0
20.11.2012 07:00:00   ;     0,0
21.11.2012 07:00:00   ;     0,0
22.11.2012 07:00:00   ;     3,1
23.11.2012 07:00:00   ;     0,4
24.11.2012 07:00:00   ;     0,0
25.11.2012 07:00:00   ;     0,0
26.11.2012 07:00:00   ;     0,0
27.11.2012 07:00:00   ;     0,5
28.11.2012 07:00:00   ;     0,0
29.11.2012 07:00:00   ;     0,0
30.11.2012 07:00:00   ;     0,0
01.12.2012 07:00:00   ;     0,0
02.12.2012 07:00:00   ;     0,2
03.12.2012 07:00:00   ;     0,0
04.12.2012 07:00:00   ;     1,4
05.12.2012 07:00:00   ;     0,0
06.12.2012 07:00:00   ;     1,8
07.12.2012 07:00:00   ;     0,2
08.12.2012 07:00:00   ;     0,0
09.12.2012 07:00:00   ;     3,0
10.12.2012 07:00:00   ;     2,1
11.12.2012 07:00:00   ;     1,5
12.12.2012 07:00:00   ;     0,0
13.12.2012 07:00:00   ;     0,0
14.12.2012 07:00:00   ;     0,0
15.12.2012 07:00:00   ;     7,2
16.12.2012 07:00:00   ;     2,3
17.12.2012 07:00:00   ;     0,2
18.12.2012 07:00:00   ;     1,1
19.12.2012 07:00:00   ;     0,0
20.12.2012 07:00:00   ;     0,0
21.12.2012 07:00:00   ;     0,0
22.12.2012 07:00:00   ;     2,3
23.12.2012 07:00:00   ;     8,5
24.12.2012 07:00:00   ;     0,0
25.12.2012 07:00:00   ;     0,5
26.12.2012 07:00:00   ;     0,0
27.12.2012 07:00:00   ;     5,2
28.12.2012 07:00:00   ;     2,4
29.12.2012 07:00:00   ;     0,0
30.12.2012 07:00:00   ;     0,2
31.12.2012 07:00:00   ;     0,0
01.01.2013 07:00:00   ;     1,6
02.01.2013 07:00:00   ;     0,2
03.01.2013 07:00:00   ;     1,4
04.01.2013 07:00:00   ;     1,2
05.01.2013 07:00:00   ;     0,0
06.01.2013 07:00:00   ;     8,8
07.01.2013 07:00:00   ;     0,2
08.01.2013 07:00:00   ;     7,4
09.01.2013 07:00:00   ;     0,5
10.01.2013 07:00:00   ;     0,1
11.01.2013 07:00:00   ;     1,5
12.01.2013 07:00:00   ;     0,0
13.01.2013 07:00:00   ;     2,5
14.01.2013 07:00:00   ;     2,8
15.01.2013 07:00:00   ;     0,0
16.01.2013 07:00:00   ;     6,5
17.01.2013 07:00:00   ;     7,8
18.01.2013 07:00:00   ;     1,7
19.01.2013 07:00:00   ;     0,0
20.01.2013 07:00:00   ;     0,3
21.01.2013 07:00:00   ;     0,2
22.01.2013 07:00:00   ;     0,8
23.01.2013 07:00:00   ;     0,001
24.01.2013 07:00:00   ;     1,2
25.01.2013 07:00:00   ;     0,0
26.01.2013 07:00:00   ;     0,0
27.01.2013 07:00:00   ;     2,1
28.01.2013 07:00:00   ;     1,3
29.01.2013 07:00:00   ;     8,0
30.01.2013 07:00:00   ;     0,6
31.01.2013 07:00:00   ;     0,0
01.02.2013 07:00:00   ;     0,9
02.02.2013 07:00:00   ;     1,0
03.02.2013 07:00:00   ;     0,5
04.02.2013 07:00:00   ;     1,2
05.02.2013 07:00:00   ;     6,2
06.02.2013 07:00:00   ;     0,0
07.02.2013 07:00:00   ;     0,0
08.02.2013 07:00:00   ;     0,0
09.02.2013 07:00:00   ;     0,0
10.02.2013 07:00:00   ;     1,7
11.02.2013 07:00:00   ;     0,6
12.02.2013 07:00:00   ;     2,9
13.02.2013 07:00:00   ;    11,5
14.02.2013 07:00:00   ;     1,1
15.02.2013 07:00:00   ;     0,0
16.02.2013 07:00:00   ;     0,0
17.02.2013 07:00:00   ;     0,0
18.02.2013 07:00:00   ;     0,0
19.02.2013 07:00:00   ;     2,5
20.02.2013 07:00:00   ;     0,0
21.02.2013 07:00:00   ;     1,4
22.02.2013 07:00:00   ;    11,4
23.02.2013 07:00:00   ;    14,9
24.02.2013 07:00:00   ;     8,2
25.02.2013 07:00:00   ;     0,0
26.02.2013 07:00:00   ;     0,0
27.02.2013 07:00:00   ;     0,0
28.02.2013 07:00:00   ;     0,0
01.03.2013 07:00:00   ;     0,0
02.03.2013 07:00:00   ;     0,0
03.03.2013 07:00:00   ;     0,0
04.03.2013 07:00:00   ;     0,0
05.03.2013 07:00:00   ;     0,0
06.03.2013 07:00:00   ;     0,0
07.03.2013 07:00:00   ;     0,0
08.03.2013 07:00:00   ;     0,0
09.03.2013 07:00:00   ;     0,0
10.03.2013 07:00:00   ;     0,0
11.03.2013 07:00:00   ;     0,0
12.03.2013 07:00:00   ;     0,0
13.03.2013 07:00:00   ;     1,4
14.03.2013 07:00:00   ;     0,0
15.03.2013 07:00:00   ;     0,0
16.03.2013 07:00:00   ;     0,0
17.03.2013 07:00:00   ;     0,0
18.03.2013 07:00:00   ;     4,2
19.03.2013 07:00:00   ;     0,0
20.03.2013 07:00:00   ;     1,0
21.03.2013 07:00:00   ;     0,0
22.03.2013 07:00:00   ;     0,0
23.03.2013 07:00:00   ;     0,0
24.03.2013 07:00:00   ;     0,2
25.03.2013 07:00:00   ;     1,9
26.03.2013 07:00:00   ;     3,2
27.03.2013 07:00:00   ;     0,0
28.03.2013 07:00:00   ;     0,0
29.03.2013 07:00:00   ;     1,7
30.03.2013 07:00:00   ;    11,9
31.03.2013 07:00:00   ;     4,6
01.04.2013 07:00:00   ;     0,0
02.04.2013 07:00:00   ;     3,7
03.04.2013 07:00:00   ;     3,1
04.04.2013 07:00:00   ;     0,0
05.04.2013 07:00:00   ;     0,6
06.04.2013 07:00:00   ;     0,0
07.04.2013 07:00:00   ;     0,0
08.04.2013 07:00:00   ;     0,0
09.04.2013 07:00:00   ;     0,7
10.04.2013 07:00:00   ;     1,9
11.04.2013 07:00:00   ;     0,0
12.04.2013 07:00:00   ;     0,9
13.04.2013 07:00:00   ;     0,7
14.04.2013 07:00:00   ;     0,0
15.04.2013 07:00:00   ;     0,0
16.04.2013 07:00:00   ;     0,0
17.04.2013 07:00:00   ;     0,0
18.04.2013 07:00:00   ;     1,2
19.04.2013 07:00:00   ;     5,2
20.04.2013 07:00:00   ;     0,0
21.04.2013 07:00:00   ;     0,0
22.04.2013 07:00:00   ;     0,0
23.04.2013 07:00:00   ;     0,0
24.04.2013 07:00:00   ;     0,0
25.04.2013 07:00:00   ;     0,0
26.04.2013 07:00:00   ;     0,0
27.04.2013 07:00:00   ;     0,0
28.04.2013 07:00:00   ;     0,0
29.04.2013 07:00:00   ;     0,0
30.04.2013 07:00:00   ;     0,0
01.05.2013 07:00:00   ;     1,4
02.05.2013 07:00:00   ;     5,4
03.05.2013 07:00:00   ;     0,8
04.05.2013 07:00:00   ;    11,5
05.05.2013 07:00:00   ;     0,0
06.05.2013 07:00:00   ;     1,5
07.05.2013 07:00:00   ;     0,6
08.05.2013 07:00:00   ;     0,0
09.05.2013 07:00:00   ;     0,0
10.05.2013 07:00:00   ;    10,9
11.05.2013 07:00:00   ;     7,6
12.05.2013 07:00:00   ;     6,1
13.05.2013 07:00:00   ;     0,0
14.05.2013 07:00:00   ;     0,0
15.05.2013 07:00:00   ;     0,0
16.05.2013 07:00:00   ;     0,0
17.05.2013 07:00:00   ;     7,3
18.05.2013 07:00:00   ;     0,0
19.05.2013 07:00:00   ;     0,5
20.05.2013 07:00:00   ;     0,0
21.05.2013 07:00:00   ;     0,0
22.05.2013 07:00:00   ;     0,0
23.05.2013 07:00:00   ;     0,0
24.05.2013 07:00:00   ;     2,7
25.05.2013 07:00:00   ;     0,9
26.05.2013 07:00:00   ;     0,0
27.05.2013 07:00:00   ;     1,4
28.05.2013 07:00:00   ;     0,0
29.05.2013 07:00:00   ;     0,0
30.05.2013 07:00:00   ;    28,3
31.05.2013 07:00:00   ;     2,3
01.06.2013 07:00:00   ;     4,1
02.06.2013 07:00:00   ;     0,2
03.06.2013 07:00:00   ;    16,2
04.06.2013 07:00:00   ;    10,6
05.06.2013 07:00:00   ;     1,1
06.06.2013 07:00:00   ;     0,0
07.06.2013 07:00:00   ;     0,0
08.06.2013 07:00:00   ;     0,0
09.06.2013 07:00:00   ;     0,0
10.06.2013 07:00:00   ;    45,8
11.06.2013 07:00:00   ;    13,2
12.06.2013 07:00:00   ;     0,0
13.06.2013 07:00:00   ;     0,0
14.06.2013 07:00:00   ;     0,0
15.06.2013 07:00:00   ;     0,5
16.06.2013 07:00:00   ;     0,0
17.06.2013 07:00:00   ;     0,0
18.06.2013 07:00:00   ;     0,0
19.06.2013 07:00:00   ;     0,0
20.06.2013 07:00:00   ;     0,0
21.06.2013 07:00:00   ;     3,7
22.06.2013 07:00:00   ;     3,1
23.06.2013 07:00:00   ;    11,6
24.06.2013 07:00:00   ;    57,9
25.06.2013 07:00:00   ;     1,8
26.06.2013 07:00:00   ;     0,8
27.06.2013 07:00:00   ;     0,0
28.06.2013 07:00:00   ;     0,0
29.06.2013 07:00:00   ;     0,4
30.06.2013 07:00:00   ;     0,0
01.07.2013 07:00:00   ;     0,0
02.07.2013 07:00:00   ;     0,0
03.07.2013 07:00:00   ;     0,5
04.07.2013 07:00:00   ;     0,0
05.07.2013 07:00:00   ;     0,0
06.07.2013 07:00:00   ;     0,0
07.07.2013 07:00:00   ;     0,0
08.07.2013 07:00:00   ;     0,0
09.07.2013 07:00:00   ;     0,0
10.07.2013 07:00:00   ;    10,3
11.07.2013 07:00:00   ;     0,0
12.07.2013 07:00:00   ;     0,0
13.07.2013 07:00:00   ;     0,0
14.07.2013 07:00:00   ;     0,0
15.07.2013 07:00:00   ;     0,0
16.07.2013 07:00:00   ;     0,0
17.07.2013 07:00:00   ;     0,0
18.07.2013 07:00:00   ;     0,0
19.07.2013 07:00:00   ;     0,0
20.07.2013 07:00:00   ;     0,0
21.07.2013 07:00:00   ;     0,0
22.07.2013 07:00:00   ;     0,0
23.07.2013 07:00:00   ;     0,0
24.07.2013 07:00:00   ;     0,0
25.07.2013 07:00:00   ;     0,1
26.07.2013 07:00:00   ;     0,0
27.07.2013 07:00:00   ;     0,0
28.07.2013 07:00:00   ;     0,0
29.07.2013 07:00:00   ;     0,0
30.07.2013 07:00:00   ;     0,0
31.07.2013 07:00:00   ;     0,0
01.08.2013 07:00:00   ;     0,0
02.08.2013 07:00:00   ;     0,0
03.08.2013 07:00:00   ;     0,0
04.08.2013 07:00:00   ;     4,5
05.08.2013 07:00:00   ;     0,0
06.08.2013 07:00:00   ;     0,0
07.08.2013 07:00:00   ;     0,0
08.08.2013 07:00:00   ;     0,0
09.08.2013 07:00:00   ;    17,1
10.08.2013 07:00:00   ;     0,0
11.08.2013 07:00:00   ;     0,0
12.08.2013 07:00:00   ;     7,0
13.08.2013 07:00:00   ;     0,0
14.08.2013 07:00:00   ;     0,0
15.08.2013 07:00:00   ;     0,0
16.08.2013 07:00:00   ;     0,0
17.08.2013 07:00:00   ;     0,0
18.08.2013 07:00:00   ;     0,0
19.08.2013 07:00:00   ;     4,2
20.08.2013 07:00:00   ;     0,0
21.08.2013 07:00:00   ;     0,0
22.08.2013 07:00:00   ;     0,0
23.08.2013 07:00:00   ;     3,7
24.08.2013 07:00:00   ;     3,8
25.08.2013 07:00:00   ;    11,3
26.08.2013 07:00:00   ;     1,3
27.08.2013 07:00:00   ;     9,5
28.08.2013 07:00:00   ;    10,8
29.08.2013 07:00:00   ;     0,0
30.08.2013 07:00:00   ;     0,0
31.08.2013 07:00:00   ;     0,0
01.09.2013 07:00:00   ;     0,0
02.09.2013 07:00:00   ;     0,0
03.09.2013 07:00:00   ;     0,0
04.09.2013 07:00:00   ;     0,0
05.09.2013 07:00:00   ;     0,0
06.09.2013 07:00:00   ;     0,0
07.09.2013 07:00:00   ;     0,0
08.09.2013 07:00:00   ;     0,0
09.09.2013 07:00:00   ;     1,5
10.09.2013 07:00:00   ;     4,1
11.09.2013 07:00:00   ;     0,0
12.09.2013 07:00:00   ;     0,0
13.09.2013 07:00:00   ;    12,8
14.09.2013 07:00:00   ;     8,0
15.09.2013 07:00:00   ;     0,0
16.09.2013 07:00:00   ;    29,6
17.09.2013 07:00:00   ;     0,5
18.09.2013 07:00:00   ;     1,4
19.09.2013 07:00:00   ;     0,0
20.09.2013 07:00:00   ;     3,1
21.09.2013 07:00:00   ;     2,8
22.09.2013 07:00:00   ;     0,0
23.09.2013 07:00:00   ;     0,0
24.09.2013 07:00:00   ;     0,0
25.09.2013 07:00:00   ;     0,0
26.09.2013 07:00:00   ;     1,1
27.09.2013 07:00:00   ;     0,0
28.09.2013 07:00:00   ;     0,0
29.09.2013 07:00:00   ;     0,0
30.09.2013 07:00:00   ;     0,0
01.10.2013 07:00:00   ;     0,0
02.10.2013 07:00:00   ;     0,0
03.10.2013 07:00:00   ;     0,0
04.10.2013 07:00:00   ;     0,0
05.10.2013 07:00:00   ;     0,4
06.10.2013 07:00:00   ;     1,0
07.10.2013 07:00:00   ;     0,0
08.10.2013 07:00:00   ;     0,0
09.10.2013 07:00:00   ;     0,5
10.10.2013 07:00:00   ;     6,5
11.10.2013 07:00:00   ;    10,1
12.10.2013 07:00:00   ;     0,0
13.10.2013 07:00:00   ;     0,0
14.10.2013 07:00:00   ;     0,0
15.10.2013 07:00:00   ;     1,1
16.10.2013 07:00:00   ;     0,7
17.10.2013 07:00:00   ;     1,6
18.10.2013 07:00:00   ;     0,0
19.10.2013 07:00:00   ;     0,0
20.10.2013 07:00:00   ;     0,0
21.10.2013 07:00:00   ;     0,0
22.10.2013 07:00:00   ;     0,0
23.10.2013 07:00:00   ;     2,6
24.10.2013 07:00:00   ;     0,2
25.10.2013 07:00:00   ;     0,0
26.10.2013 07:00:00   ;     0,0
27.10.2013 07:00:00   ;     1,9
28.10.2013 07:00:00   ;     0,0
29.10.2013 07:00:00   ;     0,9
30.10.2013 07:00:00   ;     0,2
31.10.2013 07:00:00   ;     0,0
01.11.2013 07:00:00   ;     0,0
02.11.2013 07:00:00   ;     0,0
03.11.2013 07:00:00   ;     3,6
04.11.2013 07:00:00   ;     4,1
05.11.2013 07:00:00   ;     3,3
06.11.2013 07:00:00   ;     3,9
07.11.2013 07:00:00   ;     0,0
08.11.2013 07:00:00   ;     0,0
09.11.2013 07:00:00   ;     3,7
10.11.2013 07:00:00   ;     6,9
11.11.2013 07:00:00   ;     0,0
12.11.2013 07:00:00   ;     0,0
13.11.2013 07:00:00   ;     0,0
14.11.2013 07:00:00   ;     1,2
15.11.2013 07:00:00   ;     0,0
16.11.2013 07:00:00   ;     0,0
17.11.2013 07:00:00   ;     0,0
18.11.2013 07:00:00   ;     0,0
19.11.2013 07:00:00   ;     0,4
20.11.2013 07:00:00   ;     0,0
21.11.2013 07:00:00   ;     0,0
22.11.2013 07:00:00   ;     0,2
23.11.2013 07:00:00   ;     0,1
24.11.2013 07:00:00   ;     0,3
25.11.2013 07:00:00   ;     0,0
26.11.2013 07:00:00   ;     0,5
27.11.2013 07:00:00   ;     0,0
28.11.2013 07:00:00   ;     0,0
29.11.2013 07:00:00   ;     0,0
30.11.2013 07:00:00   ;     0,0
01.12.2013 07:00:00   ;     0,0
02.12.2013 07:00:00   ;     0,0
03.12.2013 07:00:00   ;     0,0
04.12.2013 07:00:00   ;     0,0
05.12.2013 07:00:00   ;     0,6
06.12.2013 07:00:00   ;     0,6
07.12.2013 07:00:00   ;     0,0
08.12.2013 07:00:00   ;     0,0
09.12.2013 07:00:00   ;     0,5
10.12.2013 07:00:00   ;     0,0
11.12.2013 07:00:00   ;     0,0
12.12.2013 07:00:00   ;     0,0
13.12.2013 07:00:00   ;     0,6
14.12.2013 07:00:00   ;     0,0
15.12.2013 07:00:00   ;     0,0
16.12.2013 07:00:00   ;     0,0
17.12.2013 07:00:00   ;     0,2
18.12.2013 07:00:00   ;     0,0
19.12.2013 07:00:00   ;     0,2
20.12.2013 07:00:00   ;     1,0
21.12.2013 07:00:00   ;     0,5
22.12.2013 07:00:00   ;     0,0
23.12.2013 07:00:00   ;     0,0
24.12.2013 07:00:00   ;     0,0
25.12.2013 07:00:00   ;     0,0
26.12.2013 07:00:00   ;     1,2
27.12.2013 07:00:00   ;     0,0
28.12.2013 07:00:00   ;     0,0
29.12.2013 07:00:00   ;     0,0
30.12.2013 07:00:00   ;     1,5
31.12.2013 07:00:00   ;     0,4
01.01.2014 07:00:00   ;     0,0
02.01.2014 07:00:00   ;     1,0
03.01.2014 07:00:00   ;     0,3
04.01.2014 07:00:00   ;     0,2
05.01.2014 07:00:00   ;     0,9
06.01.2014 07:00:00   ;     0,0
07.01.2014 07:00:00   ;     0,3
08.01.2014 07:00:00   ;     0,2
09.01.2014 07:00:00   ;     0,8
10.01.2014 07:00:00   ;     0,0
11.01.2014 07:00:00   ;     1,7
12.01.2014 07:00:00   ;     0,0
13.01.2014 07:00:00   ;     0,0
14.01.2014 07:00:00   ;     1,2
15.01.2014 07:00:00   ;     0,0
16.01.2014 07:00:00   ;     0,0
17.01.2014 07:00:00   ;     0,0
18.01.2014 07:00:00   ;     0,0
19.01.2014 07:00:00   ;     0,0
20.01.2014 07:00:00   ;     2,5
21.01.2014 07:00:00   ;     4,7
22.01.2014 07:00:00   ;     0,0
23.01.2014 07:00:00   ;     0,0
24.01.2014 07:00:00   ;     0,0
25.01.2014 07:00:00   ;     0,0
26.01.2014 07:00:00   ;     0,0
27.01.2014 07:00:00   ;     0,6
28.01.2014 07:00:00   ;     0,0
29.01.2014 07:00:00   ;     0,5
30.01.2014 07:00:00   ;     0,0
31.01.2014 07:00:00   ;     0,0
01.02.2014 07:00:00   ;     0,0
02.02.2014 07:00:00   ;     1,6
03.02.2014 07:00:00   ;     0,0
04.02.2014 07:00:00   ;     0,0
05.02.2014 07:00:00   ;     0,2
06.02.2014 07:00:00   ;     0,2
07.02.2014 07:00:00   ;     0,0
08.02.2014 07:00:00   ;     0,0
09.02.2014 07:00:00   ;     6,6
10.02.2014 07:00:00   ;     0,3
11.02.2014 07:00:00   ;     4,3
12.02.2014 07:00:00   ;     1,4
13.02.2014 07:00:00   ;     0,0
14.02.2014 07:00:00   ;     0,0
15.02.2014 07:00:00   ;     0,0
16.02.2014 07:00:00   ;     0,0
17.02.2014 07:00:00   ;     0,0
18.02.2014 07:00:00   ;     0,0
19.02.2014 07:00:00   ;     0,0
20.02.2014 07:00:00   ;     0,0
21.02.2014 07:00:00   ;     0,0
22.02.2014 07:00:00   ;     0,0
23.02.2014 07:00:00   ;     0,0
24.02.2014 07:00:00   ;     0,0
25.02.2014 07:00:00   ;     0,0
26.02.2014 07:00:00   ;     0,0
27.02.2014 07:00:00   ;     0,0
28.02.2014 07:00:00   ;     0,0
01.03.2014 07:00:00   ;     0,0
02.03.2014 07:00:00   ;     0,0
03.03.2014 07:00:00   ;     0,0
04.03.2014 07:00:00   ;     0,5
05.03.2014 07:00:00   ;     0,0
06.03.2014 07:00:00   ;     0,1
07.03.2014 07:00:00   ;     0,0
08.03.2014 07:00:00   ;     0,0
09.03.2014 07:00:00   ;     0,0
10.03.2014 07:00:00   ;     0,0
11.03.2014 07:00:00   ;     0,0
12.03.2014 07:00:00   ;     0,0
13.03.2014 07:00:00   ;     0,0
14.03.2014 07:00:00   ;     0,0
15.03.2014 07:00:00   ;     5,7
16.03.2014 07:00:00   ;     0,0
17.03.2014 07:00:00   ;     0,0
18.03.2014 07:00:00   ;     0,0
19.03.2014 07:00:00   ;     1,6
20.03.2014 07:00:00   ;     0,0
21.03.2014 07:00:00   ;     0,0
22.03.2014 07:00:00   ;     0,0
23.03.2014 07:00:00   ;     3,4
24.03.2014 07:00:00   ;     0,0
25.03.2014 07:00:00   ;     0,0
26.03.2014 07:00:00   ;     0,0
27.03.2014 07:00:00   ;     0,0
28.03.2014 07:00:00   ;     0,0
29.03.2014 07:00:00   ;     0,0
30.03.2014 07:00:00   ;     0,0
31.03.2014 07:00:00   ;     0,0
01.04.2014 07:00:00   ;     0,0
02.04.2014 07:00:00   ;     0,0
03.04.2014 07:00:00   ;     0,0
04.04.2014 07:00:00   ;     0,0
05.04.2014 07:00:00   ;     0,0
06.04.2014 07:00:00   ;     0,6
07.04.2014 07:00:00   ;     0,0
08.04.2014 07:00:00   ;     1,2
09.04.2014 07:00:00   ;     0,0
10.04.2014 07:00:00   ;     1,6
11.04.2014 07:00:00   ;     0,0
12.04.2014 07:00:00   ;     0,0
13.04.2014 07:00:00   ;     0,2
14.04.2014 07:00:00   ;     2,5
15.04.2014 07:00:00   ;     3,4
16.04.2014 07:00:00   ;     0,0
17.04.2014 07:00:00   ;     0,0
18.04.2014 07:00:00   ;     0,0
19.04.2014 07:00:00   ;     1,1
20.04.2014 07:00:00   ;     0,0
21.04.2014 07:00:00   ;     0,3
22.04.2014 07:00:00   ;     0,0
23.04.2014 07:00:00   ;     0,0
24.04.2014 07:00:00   ;     2,8
25.04.2014 07:00:00   ;     0,9
26.04.2014 07:00:00   ;     0,0
27.04.2014 07:00:00   ;     0,0
28.04.2014 07:00:00   ;     0,9
29.04.2014 07:00:00   ;     2,5
30.04.2014 07:00:00   ;     0,0
01.05.2014 07:00:00   ;     0,0
02.05.2014 07:00:00   ;     5,1
03.05.2014 07:00:00   ;     0,0
04.05.2014 07:00:00   ;     0,0
05.05.2014 07:00:00   ;     0,0
06.05.2014 07:00:00   ;     0,0
07.05.2014 07:00:00   ;    11,3
08.05.2014 07:00:00   ;     0,9
09.05.2014 07:00:00   ;     0,0
10.05.2014 07:00:00   ;     1,3
11.05.2014 07:00:00   ;    18,5
12.05.2014 07:00:00   ;     0,9
13.05.2014 07:00:00   ;     1,5
14.05.2014 07:00:00   ;     0,0
15.05.2014 07:00:00   ;    18,1
16.05.2014 07:00:00   ;    14,1
17.05.2014 07:00:00   ;    14,6
18.05.2014 07:00:00   ;     5,5
19.05.2014 07:00:00   ;     0,0
20.05.2014 07:00:00   ;     0,0
21.05.2014 07:00:00   ;     0,0
22.05.2014 07:00:00   ;     0,0
23.05.2014 07:00:00   ;     1,5
24.05.2014 07:00:00   ;     1,1
25.05.2014 07:00:00   ;     0,0
26.05.2014 07:00:00   ;     0,0
27.05.2014 07:00:00   ;    30,1
28.05.2014 07:00:00   ;     1,1
29.05.2014 07:00:00   ;     7,3
30.05.2014 07:00:00   ;     0,0
31.05.2014 07:00:00   ;     0,6
01.06.2014 07:00:00   ;     0,0
02.06.2014 07:00:00   ;     0,0
03.06.2014 07:00:00   ;     6,8
04.06.2014 07:00:00   ;     0,0
05.06.2014 07:00:00   ;     0,2
06.06.2014 07:00:00   ;     0,0
07.06.2014 07:00:00   ;     0,0
08.06.2014 07:00:00   ;     0,0
09.06.2014 07:00:00   ;     0,0
10.06.2014 07:00:00   ;     0,0
11.06.2014 07:00:00   ;     0,0
12.06.2014 07:00:00   ;     0,0
13.06.2014 07:00:00   ;     0,0
14.06.2014 07:00:00   ;     0,0
15.06.2014 07:00:00   ;     0,0
16.06.2014 07:00:00   ;     0,0
17.06.2014 07:00:00   ;     0,0
18.06.2014 07:00:00   ;     0,0
19.06.2014 07:00:00   ;     1,6
20.06.2014 07:00:00   ;     0,0
21.06.2014 07:00:00   ;     0,0
22.06.2014 07:00:00   ;     0,0
23.06.2014 07:00:00   ;     0,0
24.06.2014 07:00:00   ;     0,0
25.06.2014 07:00:00   ;     4,6
26.06.2014 07:00:00   ;     0,0
27.06.2014 07:00:00   ;     0,0
28.06.2014 07:00:00   ;     0,0
29.06.2014 07:00:00   ;    16,9
30.06.2014 07:00:00   ;    10,8
01.07.2014 07:00:00   ;     0,0
02.07.2014 07:00:00   ;     2,7
03.07.2014 07:00:00   ;     0,0
04.07.2014 07:00:00   ;     0,0
05.07.2014 07:00:00   ;     2,1
06.07.2014 07:00:00   ;     0,0
07.07.2014 07:00:00   ;     0,0
08.07.2014 07:00:00   ;     1,6
09.07.2014 07:00:00   ;     0,0
10.07.2014 07:00:00   ;     6,7
11.07.2014 07:00:00   ;    15,3
12.07.2014 07:00:00   ;     5,9
13.07.2014 07:00:00   ;     5,4
14.07.2014 07:00:00   ;     0,0
15.07.2014 07:00:00   ;     0,0
16.07.2014 07:00:00   ;     0,0
17.07.2014 07:00:00   ;     0,0
18.07.2014 07:00:00   ;     0,0
19.07.2014 07:00:00   ;     0,0
20.07.2014 07:00:00   ;     0,0
21.07.2014 07:00:00   ;     3,3
22.07.2014 07:00:00   ;     0,0
23.07.2014 07:00:00   ;     0,4
24.07.2014 07:00:00   ;     0,0
25.07.2014 07:00:00   ;     0,0
26.07.2014 07:00:00   ;     0,0
27.07.2014 07:00:00   ;     5,9
28.07.2014 07:00:00   ;     0,0
29.07.2014 07:00:00   ;     0,3
30.07.2014 07:00:00   ;    37,4
31.07.2014 07:00:00   ;     2,6
01.08.2014 07:00:00   ;     0,0
02.08.2014 07:00:00   ;     0,0
03.08.2014 07:00:00   ;     4,9
04.08.2014 07:00:00   ;     0,0
05.08.2014 07:00:00   ;     0,0
06.08.2014 07:00:00   ;     0,0
07.08.2014 07:00:00   ;     0,0
08.08.2014 07:00:00   ;     0,0
09.08.2014 07:00:00   ;     0,0
10.08.2014 07:00:00   ;     0,0
11.08.2014 07:00:00   ;     1,7
12.08.2014 07:00:00   ;     4,2
13.08.2014 07:00:00   ;     3,7
14.08.2014 07:00:00   ;     0,0
15.08.2014 07:00:00   ;     0,0
16.08.2014 07:00:00   ;     2,6
17.08.2014 07:00:00   ;     0,0
18.08.2014 07:00:00   ;     3,4
19.08.2014 07:00:00   ;     0,8
20.08.2014 07:00:00   ;    12,6
21.08.2014 07:00:00   ;     3,8
22.08.2014 07:00:00   ;     1,1
23.08.2014 07:00:00   ;    23,1
24.08.2014 07:00:00   ;     0,8
25.08.2014 07:00:00   ;     0,0
26.08.2014 07:00:00   ;     3,5
27.08.2014 07:00:00   ;     0,6
28.08.2014 07:00:00   ;     0,0
29.08.2014 07:00:00   ;     0,0
30.08.2014 07:00:00   ;     3,7
31.08.2014 07:00:00   ;    22,3
01.09.2014 07:00:00   ;    38,1
02.09.2014 07:00:00   ;    15,1
03.09.2014 07:00:00   ;     0,0
04.09.2014 07:00:00   ;     0,0
05.09.2014 07:00:00   ;     0,0
06.09.2014 07:00:00   ;     0,0
07.09.2014 07:00:00   ;     0,0
08.09.2014 07:00:00   ;     0,0
09.09.2014 07:00:00   ;     4,3
10.09.2014 07:00:00   ;     0,0
11.09.2014 07:00:00   ;    34,7
12.09.2014 07:00:00   ;     6,9
13.09.2014 07:00:00   ;    21,7
14.09.2014 07:00:00   ;     0,0
15.09.2014 07:00:00   ;     0,0
16.09.2014 07:00:00   ;     0,0
17.09.2014 07:00:00   ;     0,0
18.09.2014 07:00:00   ;     0,0
19.09.2014 07:00:00   ;     0,0
20.09.2014 07:00:00   ;    16,9
21.09.2014 07:00:00   ;     6,2
22.09.2014 07:00:00   ;     0,0
23.09.2014 07:00:00   ;     0,2
24.09.2014 07:00:00   ;     1,1
25.09.2014 07:00:00   ;     5,2
26.09.2014 07:00:00   ;     5,7
27.09.2014 07:00:00   ;     0,4
28.09.2014 07:00:00   ;     0,0
29.09.2014 07:00:00   ;     0,0
30.09.2014 07:00:00   ;     2,4
01.10.2014 07:00:00   ;    11,1
02.10.2014 07:00:00   ;     0,0
03.10.2014 07:00:00   ;     0,0
04.10.2014 07:00:00   ;     0,0
05.10.2014 07:00:00   ;     0,0
06.10.2014 07:00:00   ;     0,0
07.10.2014 07:00:00   ;     0,0
08.10.2014 07:00:00   ;     0,0
09.10.2014 07:00:00   ;     0,0
10.10.2014 07:00:00   ;     0,0
11.10.2014 07:00:00   ;     0,2
12.10.2014 07:00:00   ;     0,0
13.10.2014 07:00:00   ;     0,0
14.10.2014 07:00:00   ;     0,0
15.10.2014 07:00:00   ;     0,0
16.10.2014 07:00:00   ;     0,8
17.10.2014 07:00:00   ;     9,7
18.10.2014 07:00:00   ;     0,0
19.10.2014 07:00:00   ;     0,0
20.10.2014 07:00:00   ;     5,8
21.10.2014 07:00:00   ;     6,1
22.10.2014 07:00:00   ;     2,2
23.10.2014 07:00:00   ;     0,7
24.10.2014 07:00:00   ;     0,0
25.10.2014 07:00:00   ;     0,2
26.10.2014 07:00:00   ;     0,0
27.10.2014 07:00:00   ;     0,0
28.10.2014 07:00:00   ;     0,0
29.10.2014 07:00:00   ;     0,0
30.10.2014 07:00:00   ;     0,0
31.10.2014 07:00:00   ;     0,0
01.11.2014 07:00:00   ;     0,0
02.11.2014 07:00:00   ;     0,0
03.11.2014 07:00:00   ;     0,0
04.11.2014 07:00:00   ;     0,0
05.11.2014 07:00:00   ;     0,0
06.11.2014 07:00:00   ;     0,0
07.11.2014 07:00:00   ;    10,9
08.11.2014 07:00:00   ;     5,5
09.11.2014 07:00:00   ;     0,0
10.11.2014 07:00:00   ;     0,0
11.11.2014 07:00:00   ;     0,0
12.11.2014 07:00:00   ;     0,0
13.11.2014 07:00:00   ;     0,0
14.11.2014 07:00:00   ;     0,0
15.11.2014 07:00:00   ;     0,0
16.11.2014 07:00:00   ;     1,9
17.11.2014 07:00:00   ;     5,8
18.11.2014 07:00:00   ;     8,8
19.11.2014 07:00:00   ;     0,0
20.11.2014 07:00:00   ;     0,0
21.11.2014 07:00:00   ;     0,0
22.11.2014 07:00:00   ;     0,0
23.11.2014 07:00:00   ;     0,0
24.11.2014 07:00:00   ;     2,6
25.11.2014 07:00:00   ;     0,0
26.11.2014 07:00:00   ;     0,0
27.11.2014 07:00:00   ;     0,4
28.11.2014 07:00:00   ;     0,9
29.11.2014 07:00:00   ;     0,0
30.11.2014 07:00:00   ;     6,2
01.12.2014 07:00:00   ;    11,5
02.12.2014 07:00:00   ;     2,8
03.12.2014 07:00:00   ;     0,2
04.12.2014 07:00:00   ;     0,0
05.12.2014 07:00:00   ;     2,5
06.12.2014 07:00:00   ;     4,6
07.12.2014 07:00:00   ;     3,2
08.12.2014 07:00:00   ;     0,0
09.12.2014 07:00:00   ;     0,0
10.12.2014 07:00:00   ;     0,0
11.12.2014 07:00:00   ;     0,0
12.12.2014 07:00:00   ;     0,0
13.12.2014 07:00:00   ;     0,0
14.12.2014 07:00:00   ;     0,2
15.12.2014 07:00:00   ;     0,3
16.12.2014 07:00:00   ;     2,5
17.12.2014 07:00:00   ;     0,2
18.12.2014 07:00:00   ;     1,9
19.12.2014 07:00:00   ;     1,7
20.12.2014 07:00:00   ;     0,0
21.12.2014 07:00:00   ;     0,0
22.12.2014 07:00:00   ;     0,3
23.12.2014 07:00:00   ;     0,0
24.12.2014 07:00:00   ;     0,0
25.12.2014 07:00:00   ;     0,3
26.12.2014 07:00:00   ;     0,0
27.12.2014 07:00:00   ;     0,5
28.12.2014 07:00:00   ;     1,2
29.12.2014 07:00:00   ;     0,6
30.12.2014 07:00:00   ;     0,0
31.12.2014 07:00:00   ;     0,0
01.01.2015 07:00:00   ;     0,7
02.01.2015 07:00:00   ;     2,6
03.01.2015 07:00:00   ;     8,3
04.01.2015 07:00:00   ;     0,0
05.01.2015 07:00:00   ;     0,3
06.01.2015 07:00:00   ;     0,0
07.01.2015 07:00:00   ;     0,5
08.01.2015 07:00:00   ;     0,3
09.01.2015 07:00:00   ;     2,9
10.01.2015 07:00:00   ;     0,8
11.01.2015 07:00:00   ;     0,0
12.01.2015 07:00:00   ;     0,0
13.01.2015 07:00:00   ;     0,0
14.01.2015 07:00:00   ;     1,1
15.01.2015 07:00:00   ;     0,0
16.01.2015 07:00:00   ;     0,0
17.01.2015 07:00:00   ;     0,9
18.01.2015 07:00:00   ;     0,0
19.01.2015 07:00:00   ;     0,0
20.01.2015 07:00:00   ;     0,0
21.01.2015 07:00:00   ;     0,0
22.01.2015 07:00:00   ;     0,6
23.01.2015 07:00:00   ;     0,0
24.01.2015 07:00:00   ;    10,7
25.01.2015 07:00:00   ;     0,4
26.01.2015 07:00:00   ;     2,8
27.01.2015 07:00:00   ;     0,8
28.01.2015 07:00:00   ;     1,4
29.01.2015 07:00:00   ;     0,4
30.01.2015 07:00:00   ;     6,5
31.01.2015 07:00:00   ;     0,0
01.02.2015 07:00:00   ;     0,0
02.02.2015 07:00:00   ;     0,0
03.02.2015 07:00:00   ;     0,0
04.02.2015 07:00:00   ;     0,0
05.02.2015 07:00:00   ;     0,0
06.02.2015 07:00:00   ;     0,0
07.02.2015 07:00:00   ;     0,0
08.02.2015 07:00:00   ;     0,1
09.02.2015 07:00:00   ;    14,4
10.02.2015 07:00:00   ;     0,0
11.02.2015 07:00:00   ;     0,0
12.02.2015 07:00:00   ;     0,0
13.02.2015 07:00:00   ;     0,0
14.02.2015 07:00:00   ;     0,0
15.02.2015 07:00:00   ;     0,0
16.02.2015 07:00:00   ;     0,0
17.02.2015 07:00:00   ;     0,0
18.02.2015 07:00:00   ;     0,0
19.02.2015 07:00:00   ;     0,0
20.02.2015 07:00:00   ;     0,0
21.02.2015 07:00:00   ;     0,0
22.02.2015 07:00:00   ;     1,6
23.02.2015 07:00:00   ;     2,7
24.02.2015 07:00:00   ;     7,1
25.02.2015 07:00:00   ;     2,1
26.02.2015 07:00:00   ;     0,0
27.02.2015 07:00:00   ;     0,0
28.02.2015 07:00:00   ;     0,0
01.03.2015 07:00:00   ;     1,1
02.03.2015 07:00:00   ;     2,7
03.03.2015 07:00:00   ;     0,0
04.03.2015 07:00:00   ;     0,2
05.03.2015 07:00:00   ;     0,0
06.03.2015 07:00:00   ;     0,0
07.03.2015 07:00:00   ;     0,0
08.03.2015 07:00:00   ;     0,0
09.03.2015 07:00:00   ;     0,0
10.03.2015 07:00:00   ;     0,0
11.03.2015 07:00:00   ;     7,2
12.03.2015 07:00:00   ;     0,0
13.03.2015 07:00:00   ;     0,4
14.03.2015 07:00:00   ;     1,4
15.03.2015 07:00:00   ;     0,0
16.03.2015 07:00:00   ;     0,0
17.03.2015 07:00:00   ;     0,0
18.03.2015 07:00:00   ;     0,0
19.03.2015 07:00:00   ;     0,0
20.03.2015 07:00:00   ;     0,0
21.03.2015 07:00:00   ;     0,0
22.03.2015 07:00:00   ;     0,0
23.03.2015 07:00:00   ;     0,0
24.03.2015 07:00:00   ;     0,0
25.03.2015 07:00:00   ;     0,2
26.03.2015 07:00:00   ;     1,8
27.03.2015 07:00:00   ;     0,2
28.03.2015 07:00:00   ;     0,2
29.03.2015 07:00:00   ;     1,9
30.03.2015 07:00:00   ;     2,7
31.03.2015 07:00:00   ;     4,6
01.04.2015 07:00:00   ;     0,0
02.04.2015 07:00:00   ;     0,3
03.04.2015 07:00:00   ;     0,0
04.04.2015 07:00:00   ;     0,0
05.04.2015 07:00:00   ;     0,0
06.04.2015 07:00:00   ;     0,0
07.04.2015 07:00:00   ;     0,0
08.04.2015 07:00:00   ;     0,0
09.04.2015 07:00:00   ;     0,0
10.04.2015 07:00:00   ;     0,0
11.04.2015 07:00:00   ;     2,9
12.04.2015 07:00:00   ;     0,0
13.04.2015 07:00:00   ;     0,2
14.04.2015 07:00:00   ;     0,0
15.04.2015 07:00:00   ;     0,0
16.04.2015 07:00:00   ;     0,0
17.04.2015 07:00:00   ;     3,0
18.04.2015 07:00:00   ;     0,5
19.04.2015 07:00:00   ;     0,0
20.04.2015 07:00:00   ;     0,0
21.04.2015 07:00:00   ;     0,0
22.04.2015 07:00:00   ;     0,0
23.04.2015 07:00:00   ;     0,0
24.04.2015 07:00:00   ;     0,0
25.04.2015 07:00:00   ;     0,0
26.04.2015 07:00:00   ;     0,0
27.04.2015 07:00:00   ;     0,0
28.04.2015 07:00:00   ;     7,3
29.04.2015 07:00:00   ;     0,0
30.04.2015 07:00:00   ;     1,4
01.05.2015 07:00:00   ;     4,9
02.05.2015 07:00:00   ;     0,4
03.05.2015 07:00:00   ;     0,4
04.05.2015 07:00:00   ;     0,0
05.05.2015 07:00:00   ;    10,7
06.05.2015 07:00:00   ;     0,4
07.05.2015 07:00:00   ;     0,0
08.05.2015 07:00:00   ;     0,0
09.05.2015 07:00:00   ;     0,0
10.05.2015 07:00:00   ;     0,0
11.05.2015 07:00:00   ;     0,0
12.05.2015 07:00:00   ;     0,0
13.05.2015 07:00:00   ;     0,9
14.05.2015 07:00:00   ;     0,0
15.05.2015 07:00:00   ;     0,0
16.05.2015 07:00:00   ;     0,0
17.05.2015 07:00:00   ;     0,0
18.05.2015 07:00:00   ;     0,0
19.05.2015 07:00:00   ;     0,9
20.05.2015 07:00:00   ;     1,9
21.05.2015 07:00:00   ;     0,0
22.05.2015 07:00:00   ;     3,2
23.05.2015 07:00:00   ;    19,7
24.05.2015 07:00:00   ;     0,0
25.05.2015 07:00:00   ;     0,0
26.05.2015 07:00:00   ;     6,3
27.05.2015 07:00:00   ;     0,0
28.05.2015 07:00:00   ;     0,0
29.05.2015 07:00:00   ;     0,0
30.05.2015 07:00:00   ;     0,4
31.05.2015 07:00:00   ;     0,0
01.06.2015 07:00:00   ;     0,0
02.06.2015 07:00:00   ;     0,0
03.06.2015 07:00:00   ;     0,0
04.06.2015 07:00:00   ;     0,0
05.06.2015 07:00:00   ;     0,0
06.06.2015 07:00:00   ;     0,0
07.06.2015 07:00:00   ;     0,0
08.06.2015 07:00:00   ;     0,0
09.06.2015 07:00:00   ;     0,0
10.06.2015 07:00:00   ;     0,0
11.06.2015 07:00:00   ;     0,0
12.06.2015 07:00:00   ;     0,0
13.06.2015 07:00:00   ;     0,0
14.06.2015 07:00:00   ;     1,8
15.06.2015 07:00:00   ;     0,0
16.06.2015 07:00:00   ;     0,0
17.06.2015 07:00:00   ;     0,0
18.06.2015 07:00:00   ;     0,4
19.06.2015 07:00:00   ;     0,9
20.06.2015 07:00:00   ;     5,4
21.06.2015 07:00:00   ;     0,6
22.06.2015 07:00:00   ;     5,6
23.06.2015 07:00:00   ;     0,0
24.06.2015 07:00:00   ;     0,0
25.06.2015 07:00:00   ;     0,0
26.06.2015 07:00:00   ;     0,0
27.06.2015 07:00:00   ;     9,0
28.06.2015 07:00:00   ;     0,0
29.06.2015 07:00:00   ;     0,0
30.06.2015 07:00:00   ;     0,0
01.07.2015 07:00:00   ;     0,0
02.07.2015 07:00:00   ;     0,0
03.07.2015 07:00:00   ;     0,0
04.07.2015 07:00:00   ;     0,0
05.07.2015 07:00:00   ;     0,0
06.07.2015 07:00:00   ;     0,0
07.07.2015 07:00:00   ;     0,0
08.07.2015 07:00:00   ;    15,2
09.07.2015 07:00:00   ;     4,4
10.07.2015 07:00:00   ;     0,0
11.07.2015 07:00:00   ;     0,0
12.07.2015 07:00:00   ;     0,0
13.07.2015 07:00:00   ;     0,0
14.07.2015 07:00:00   ;     1,6
15.07.2015 07:00:00   ;     0,0
16.07.2015 07:00:00   ;     0,0
17.07.2015 07:00:00   ;     0,0
18.07.2015 07:00:00   ;     0,0
19.07.2015 07:00:00   ;     8,6
20.07.2015 07:00:00   ;     0,0
21.07.2015 07:00:00   ;     0,0
22.07.2015 07:00:00   ;     0,0
23.07.2015 07:00:00   ;     0,0
24.07.2015 07:00:00   ;     0,0
25.07.2015 07:00:00   ;     8,1
26.07.2015 07:00:00   ;     0,0
27.07.2015 07:00:00   ;     2,3
28.07.2015 07:00:00   ;     8,3
29.07.2015 07:00:00   ;     0,0
30.07.2015 07:00:00   ;     0,0
31.07.2015 07:00:00   ;     0,0
01.08.2015 07:00:00   ;     0,0
02.08.2015 07:00:00   ;     8,9
03.08.2015 07:00:00   ;     0,0
04.08.2015 07:00:00   ;     0,0
05.08.2015 07:00:00   ;     0,0
06.08.2015 07:00:00   ;     0,0
07.08.2015 07:00:00   ;     0,0
08.08.2015 07:00:00   ;     0,0
09.08.2015 07:00:00   ;     0,0
10.08.2015 07:00:00   ;     0,0
11.08.2015 07:00:00   ;     0,0
12.08.2015 07:00:00   ;     0,0
13.08.2015 07:00:00   ;     0,0
14.08.2015 07:00:00   ;     0,0
15.08.2015 07:00:00   ;     0,0
16.08.2015 07:00:00   ;    10,6
17.08.2015 07:00:00   ;    12,8
18.08.2015 07:00:00   ;     2,5
19.08.2015 07:00:00   ;     5,3
20.08.2015 07:00:00   ;     0,0
21.08.2015 07:00:00   ;     0,0
22.08.2015 07:00:00   ;     0,0
23.08.2015 07:00:00   ;     0,0
24.08.2015 07:00:00   ;     0,0
25.08.2015 07:00:00   ;     0,0
26.08.2015 07:00:00   ;     0,0
27.08.2015 07:00:00   ;     0,0
28.08.2015 07:00:00   ;     0,0
29.08.2015 07:00:00   ;     0,0
30.08.2015 07:00:00   ;     0,0
31.08.2015 07:00:00   ;     0,0
01.09.2015 07:00:00   ;     0,0
02.09.2015 07:00:00   ;     1,3
03.09.2015 07:00:00   ;    14,8
04.09.2015 07:00:00   ;     5,5
05.09.2015 07:00:00   ;     0,4
06.09.2015 07:00:00   ;     0,0
07.09.2015 07:00:00   ;     1,5
08.09.2015 07:00:00   ;     0,0
09.09.2015 07:00:00   ;     6,3
10.09.2015 07:00:00   ;     0,0
11.09.2015 07:00:00   ;     0,0
12.09.2015 07:00:00   ;     0,0
13.09.2015 07:00:00   ;     0,0
14.09.2015 07:00:00   ;     0,8
15.09.2015 07:00:00   ;     0,0
16.09.2015 07:00:00   ;     0,0
17.09.2015 07:00:00   ;     0,0
18.09.2015 07:00:00   ;     0,2
19.09.2015 07:00:00   ;     2,7
20.09.2015 07:00:00   ;     0,0
21.09.2015 07:00:00   ;     0,0
22.09.2015 07:00:00   ;     0,0
23.09.2015 07:00:00   ;     0,5
24.09.2015 07:00:00   ;     0,0
25.09.2015 07:00:00   ;    14,2
26.09.2015 07:00:00   ;     0,9
27.09.2015 07:00:00   ;     0,0
28.09.2015 07:00:00   ;     0,0
29.09.2015 07:00:00   ;     0,0
30.09.2015 07:00:00   ;     0,0
01.10.2015 07:00:00   ;     0,0
02.10.2015 07:00:00   ;     0,0
03.10.2015 07:00:00   ;     0,0
04.10.2015 07:00:00   ;     0,0
05.10.2015 07:00:00   ;     0,0
06.10.2015 07:00:00   ;     1,1
07.10.2015 07:00:00   ;     5,7
08.10.2015 07:00:00   ;     3,3
09.10.2015 07:00:00   ;     0,0
10.10.2015 07:00:00   ;     2,9
11.10.2015 07:00:00   ;     0,0
12.10.2015 07:00:00   ;     0,0
13.10.2015 07:00:00   ;     3,4
14.10.2015 07:00:00   ;    11,8
15.10.2015 07:00:00   ;     7,1
16.10.2015 07:00:00   ;     5,8
17.10.2015 07:00:00   ;     0,0
18.10.2015 07:00:00   ;     0,5
19.10.2015 07:00:00   ;    24,4
20.10.2015 07:00:00   ;     0,0
21.10.2015 07:00:00   ;     0,2
22.10.2015 07:00:00   ;     0,4
23.10.2015 07:00:00   ;     0,0
24.10.2015 07:00:00   ;     0,0
25.10.2015 07:00:00   ;     0,0
26.10.2015 07:00:00   ;     0,0
27.10.2015 07:00:00   ;     0,0
28.10.2015 07:00:00   ;     0,0
29.10.2015 07:00:00   ;     0,0
30.10.2015 07:00:00   ;     0,0
31.10.2015 07:00:00   ;     0,0
01.11.2015 07:00:00   ;     0,0
02.11.2015 07:00:00   ;     0,0
03.11.2015 07:00:00   ;     0,0
04.11.2015 07:00:00   ;     0,0
05.11.2015 07:00:00   ;     0,0
06.11.2015 07:00:00   ;     0,0
07.11.2015 07:00:00   ;     1,4
08.11.2015 07:00:00   ;     0,0
09.11.2015 07:00:00   ;     0,5
10.11.2015 07:00:00   ;     0,0
11.11.2015 07:00:00   ;     0,0
12.11.2015 07:00:00   ;     0,0
13.11.2015 07:00:00   ;     0,0
14.11.2015 07:00:00   ;     0,0
15.11.2015 07:00:00   ;     4,7
16.11.2015 07:00:00   ;     0,0
17.11.2015 07:00:00   ;     0,0
18.11.2015 07:00:00   ;     0,0
19.11.2015 07:00:00   ;     3,5
20.11.2015 07:00:00   ;    17,1
21.11.2015 07:00:00   ;     0,0
22.11.2015 07:00:00   ;     0,0
23.11.2015 07:00:00   ;     0,0
24.11.2015 07:00:00   ;     0,0
25.11.2015 07:00:00   ;     0,0
26.11.2015 07:00:00   ;     0,0
27.11.2015 07:00:00   ;     0,0
28.11.2015 07:00:00   ;     0,0
29.11.2015 07:00:00   ;     0,0
30.11.2015 07:00:00   ;     3,1
01.12.2015 07:00:00   ;    14,9
02.12.2015 07:00:00   ;     0,0
03.12.2015 07:00:00   ;     0,0
04.12.2015 07:00:00   ;     0,0
05.12.2015 07:00:00   ;     0,0
06.12.2015 07:00:00   ;     0,0
07.12.2015 07:00:00   ;     0,0
08.12.2015 07:00:00   ;     0,9
09.12.2015 07:00:00   ;     6,1
10.12.2015 07:00:00   ;     0,0
11.12.2015 07:00:00   ;     0,0
12.12.2015 07:00:00   ;     0,0
13.12.2015 07:00:00   ;     0,0
14.12.2015 07:00:00   ;     0,0
15.12.2015 07:00:00   ;     0,0
16.12.2015 07:00:00   ;     0,5
17.12.2015 07:00:00   ;     3,9
18.12.2015 07:00:00   ;     0,9
19.12.2015 07:00:00   ;     0,3
20.12.2015 07:00:00   ;     0,5
21.12.2015 07:00:00   ;     0,2
22.12.2015 07:00:00   ;     0,0
23.12.2015 07:00:00   ;     0,0
24.12.2015 07:00:00   ;     0,0
25.12.2015 07:00:00   ;     0,0
26.12.2015 07:00:00   ;     0,0
27.12.2015 07:00:00   ;     0,0
28.12.2015 07:00:00   ;     0,0
29.12.2015 07:00:00   ;     0,0
30.12.2015 07:00:00   ;     0,0
31.12.2015 07:00:00   ;     0,0
01.01.2016 07:00:00   ;     0,0
02.01.2016 07:00:00   ;     0,0
03.01.2016 07:00:00   ;     0,0
04.01.2016 07:00:00   ;     3,1
05.01.2016 07:00:00   ;     0,0
06.01.2016 07:00:00   ;     0,0
07.01.2016 07:00:00   ;     0,0
08.01.2016 07:00:00   ;     0,4
09.01.2016 07:00:00   ;     5,4
10.01.2016 07:00:00   ;     0,0
11.01.2016 07:00:00   ;     0,4
12.01.2016 07:00:00   ;     0,8
13.01.2016 07:00:00   ;     0,0
14.01.2016 07:00:00   ;     0,0
15.01.2016 07:00:00   ;     0,9
16.01.2016 07:00:00   ;     0,0
17.01.2016 07:00:00   ;     0,0
18.01.2016 07:00:00   ;     0,0
19.01.2016 07:00:00   ;     0,0
20.01.2016 07:00:00   ;     0,9
21.01.2016 07:00:00   ;     0,0
22.01.2016 07:00:00   ;     0,0
23.01.2016 07:00:00   ;     3,9
24.01.2016 07:00:00   ;     3,5
25.01.2016 07:00:00   ;     5,7
26.01.2016 07:00:00   ;     0,0
27.01.2016 07:00:00   ;     0,0
28.01.2016 07:00:00   ;     3,6
29.01.2016 07:00:00   ;     0,5
30.01.2016 07:00:00   ;     0,7
31.01.2016 07:00:00   ;     5,1
01.02.2016 07:00:00   ;    16,8
02.02.2016 07:00:00   ;     0,0
03.02.2016 07:00:00   ;     4,7
04.02.2016 07:00:00   ;     0,5
05.02.2016 07:00:00   ;     0,2
06.02.2016 07:00:00   ;     0,0
07.02.2016 07:00:00   ;     0,0
08.02.2016 07:00:00   ;     0,0
09.02.2016 07:00:00   ;     5,2
10.02.2016 07:00:00   ;     4,2
11.02.2016 07:00:00   ;     0,0
12.02.2016 07:00:00   ;     0,0
13.02.2016 07:00:00   ;     0,0
14.02.2016 07:00:00   ;     1,8
15.02.2016 07:00:00   ;     0,0
16.02.2016 07:00:00   ;     0,0
17.02.2016 07:00:00   ;     1,9
18.02.2016 07:00:00   ;    23,5
19.02.2016 07:00:00   ;     4,1
20.02.2016 07:00:00   ;     3,4
21.02.2016 07:00:00   ;     0,0
22.02.2016 07:00:00   ;     0,0
23.02.2016 07:00:00   ;     3,9
24.02.2016 07:00:00   ;     0,0
25.02.2016 07:00:00   ;     0,0
26.02.2016 07:00:00   ;     0,0
27.02.2016 07:00:00   ;     0,0
28.02.2016 07:00:00   ;     0,6
29.02.2016 07:00:00   ;     6,8
01.03.2016 07:00:00   ;     1,4
02.03.2016 07:00:00   ;     2,4
03.03.2016 07:00:00   ;     5,0
04.03.2016 07:00:00   ;     0,0
05.03.2016 07:00:00   ;     0,2
06.03.2016 07:00:00   ;     0,0
07.03.2016 07:00:00   ;     3,6
08.03.2016 07:00:00   ;     2,6
09.03.2016 07:00:00   ;     0,0
10.03.2016 07:00:00   ;     0,0
11.03.2016 07:00:00   ;     0,0
12.03.2016 07:00:00   ;     0,0
13.03.2016 07:00:00   ;     0,0
14.03.2016 07:00:00   ;     3,6
15.03.2016 07:00:00   ;     4,2
16.03.2016 07:00:00   ;     0,0
17.03.2016 07:00:00   ;     0,0
18.03.2016 07:00:00   ;     0,0
19.03.2016 07:00:00   ;     0,0
20.03.2016 07:00:00   ;     0,0
21.03.2016 07:00:00   ;     0,0
22.03.2016 07:00:00   ;     0,0
23.03.2016 07:00:00   ;     0,5
24.03.2016 07:00:00   ;     0,2
25.03.2016 07:00:00   ;     2,4
26.03.2016 07:00:00   ;     0,0
27.03.2016 07:00:00   ;     0,0
28.03.2016 07:00:00   ;     0,0
29.03.2016 07:00:00   ;     0,0
30.03.2016 07:00:00   ;     0,2
31.03.2016 07:00:00   ;     0,0
01.04.2016 07:00:00   ;     0,0
02.04.2016 07:00:00   ;     0,0
03.04.2016 07:00:00   ;     0,0
04.04.2016 07:00:00   ;     0,0
05.04.2016 07:00:00   ;     0,0
06.04.2016 07:00:00   ;     0,2
07.04.2016 07:00:00   ;     0,0
08.04.2016 07:00:00   ;    16,8
09.04.2016 07:00:00   ;     2,7
10.04.2016 07:00:00   ;     0,0
11.04.2016 07:00:00   ;     0,0
12.04.2016 07:00:00   ;     0,0
13.04.2016 07:00:00   ;     8,9
14.04.2016 07:00:00   ;     0,0
15.04.2016 07:00:00   ;     0,7
16.04.2016 07:00:00   ;     0,0
17.04.2016 07:00:00   ;     4,5
18.04.2016 07:00:00   ;     0,5
19.04.2016 07:00:00   ;     0,0
20.04.2016 07:00:00   ;     0,0
21.04.2016 07:00:00   ;     0,0
22.04.2016 07:00:00   ;     0,0
23.04.2016 07:00:00   ;     3,3
24.04.2016 07:00:00   ;     0,0
25.04.2016 07:00:00   ;     0,0
26.04.2016 07:00:00   ;     4,3
27.04.2016 07:00:00   ;     1,8
28.04.2016 07:00:00   ;     0,0
29.04.2016 07:00:00   ;     0,0
30.04.2016 07:00:00   ;     0,0
01.05.2016 07:00:00   ;     3,4
02.05.2016 07:00:00   ;     1,2
03.05.2016 07:00:00   ;     6,2
04.05.2016 07:00:00   ;     0,5
05.05.2016 07:00:00   ;     0,0
06.05.2016 07:00:00   ;     0,0
07.05.2016 07:00:00   ;     0,0
08.05.2016 07:00:00   ;     0,0
09.05.2016 07:00:00   ;     0,0
10.05.2016 07:00:00   ;     0,0
11.05.2016 07:00:00   ;     3,4
12.05.2016 07:00:00   ;    29,8
13.05.2016 07:00:00   ;     5,9
14.05.2016 07:00:00   ;     0,0
15.05.2016 07:00:00   ;     0,0
16.05.2016 07:00:00   ;     0,7
17.05.2016 07:00:00   ;     0,0
18.05.2016 07:00:00   ;     0,0
19.05.2016 07:00:00   ;     0,5
20.05.2016 07:00:00   ;     2,3
21.05.2016 07:00:00   ;     0,0
22.05.2016 07:00:00   ;     0,0
23.05.2016 07:00:00   ;     5,2
24.05.2016 07:00:00   ;    14,5
25.05.2016 07:00:00   ;     0,0
26.05.2016 07:00:00   ;     0,0
27.05.2016 07:00:00   ;     0,0
28.05.2016 07:00:00   ;    31,2
29.05.2016 07:00:00   ;     0,0
30.05.2016 07:00:00   ;     0,0
31.05.2016 07:00:00   ;     0,0
01.06.2016 07:00:00   ;     0,0
02.06.2016 07:00:00   ;    13,7
03.06.2016 07:00:00   ;     0,9
04.06.2016 07:00:00   ;    16,1
05.06.2016 07:00:00   ;    18,4
06.06.2016 07:00:00   ;     0,0
07.06.2016 07:00:00   ;     0,0
08.06.2016 07:00:00   ;     0,0
09.06.2016 07:00:00   ;     0,0
10.06.2016 07:00:00   ;     0,0
11.06.2016 07:00:00   ;     0,0
12.06.2016 07:00:00   ;     2,2
13.06.2016 07:00:00   ;     6,5
14.06.2016 07:00:00   ;     0,0
15.06.2016 07:00:00   ;     6,1
16.06.2016 07:00:00   ;     0,0
17.06.2016 07:00:00   ;     0,0
18.06.2016 07:00:00   ;     0,0
19.06.2016 07:00:00   ;     4,8
20.06.2016 07:00:00   ;     5,3
21.06.2016 07:00:00   ;     0,0
22.06.2016 07:00:00   ;     0,0
23.06.2016 07:00:00   ;     0,0
24.06.2016 07:00:00   ;     0,0
25.06.2016 07:00:00   ;    19,3
26.06.2016 07:00:00   ;     0,0
27.06.2016 07:00:00   ;     8,3
28.06.2016 07:00:00   ;     0,0
29.06.2016 07:00:00   ;     0,0
30.06.2016 07:00:00   ;    10,0
01.07.2016 07:00:00   ;     0,0
02.07.2016 07:00:00   ;    27,1
03.07.2016 07:00:00   ;     0,0
04.07.2016 07:00:00   ;     0,0
05.07.2016 07:00:00   ;     0,0
06.07.2016 07:00:00   ;     0,0
07.07.2016 07:00:00   ;     0,0
08.07.2016 07:00:00   ;     0,0
09.07.2016 07:00:00   ;     0,0
10.07.2016 07:00:00   ;     0,0
11.07.2016 07:00:00   ;     0,0
12.07.2016 07:00:00   ;    22,3
13.07.2016 07:00:00   ;    23,4
14.07.2016 07:00:00   ;     2,9
15.07.2016 07:00:00   ;     0,0
16.07.2016 07:00:00   ;     1,2
17.07.2016 07:00:00   ;     0,4
18.07.2016 07:00:00   ;     0,0
19.07.2016 07:00:00   ;     0,0
20.07.2016 07:00:00   ;     0,0
21.07.2016 07:00:00   ;     0,9
22.07.2016 07:00:00   ;     0,8
23.07.2016 07:00:00   ;    35,3
24.07.2016 07:00:00   ;     0,0
25.07.2016 07:00:00   ;     0,0
26.07.2016 07:00:00   ;     0,0
27.07.2016 07:00:00   ;     2,5
28.07.2016 07:00:00   ;     0,0
29.07.2016 07:00:00   ;     0,8
30.07.2016 07:00:00   ;     0,0
31.07.2016 07:00:00   ;    22,5
01.08.2016 07:00:00   ;     0,0
02.08.2016 07:00:00   ;     0,8
03.08.2016 07:00:00   ;     0,0
04.08.2016 07:00:00   ;     0,0
05.08.2016 07:00:00   ;    14,5
06.08.2016 07:00:00   ;     0,0
07.08.2016 07:00:00   ;     0,0
08.08.2016 07:00:00   ;     0,0
09.08.2016 07:00:00   ;    16,1
10.08.2016 07:00:00   ;     9,1
11.08.2016 07:00:00   ;     0,0
12.08.2016 07:00:00   ;     0,0
13.08.2016 07:00:00   ;     0,7
14.08.2016 07:00:00   ;     0,0
15.08.2016 07:00:00   ;     0,0
16.08.2016 07:00:00   ;     0,0
17.08.2016 07:00:00   ;     0,0
18.08.2016 07:00:00   ;     0,0
19.08.2016 07:00:00   ;     0,0
20.08.2016 07:00:00   ;     2,5
21.08.2016 07:00:00   ;    21,2
22.08.2016 07:00:00   ;     0,0
23.08.2016 07:00:00   ;     0,0
24.08.2016 07:00:00   ;     0,0
25.08.2016 07:00:00   ;     0,0
26.08.2016 07:00:00   ;     0,0
27.08.2016 07:00:00   ;     0,0
28.08.2016 07:00:00   ;     0,0
29.08.2016 07:00:00   ;    24,5
30.08.2016 07:00:00   ;     0,0
31.08.2016 07:00:00   ;     0,0
01.09.2016 07:00:00   ;     0,0
02.09.2016 07:00:00   ;     0,0
03.09.2016 07:00:00   ;     0,0
04.09.2016 07:00:00   ;     6,3
05.09.2016 07:00:00   ;     2,8
06.09.2016 07:00:00   ;     6,4
07.09.2016 07:00:00   ;     0,0
08.09.2016 07:00:00   ;     0,0
09.09.2016 07:00:00   ;     0,0
10.09.2016 07:00:00   ;     0,0
11.09.2016 07:00:00   ;     0,0
12.09.2016 07:00:00   ;     0,0
13.09.2016 07:00:00   ;     0,0
14.09.2016 07:00:00   ;     0,0
15.09.2016 07:00:00   ;     0,0
16.09.2016 07:00:00   ;     0,0
17.09.2016 07:00:00   ;     0,0
18.09.2016 07:00:00   ;     0,0
19.09.2016 07:00:00   ;     0,0
20.09.2016 07:00:00   ;     0,0
21.09.2016 07:00:00   ;     0,0
22.09.2016 07:00:00   ;     0,0
23.09.2016 07:00:00   ;     0,0
24.09.2016 07:00:00   ;     0,0
25.09.2016 07:00:00   ;     0,0
26.09.2016 07:00:00   ;     0,0
27.09.2016 07:00:00   ;     0,0
28.09.2016 07:00:00   ;     0,0
29.09.2016 07:00:00   ;     0,0
30.09.2016 07:00:00   ;     0,0
01.10.2016 07:00:00   ;     0,0
02.10.2016 07:00:00   ;     7,2
03.10.2016 07:00:00   ;    11,1
04.10.2016 07:00:00   ;    11,8
05.10.2016 07:00:00   ;    13,9
06.10.2016 07:00:00   ;     1,5
07.10.2016 07:00:00   ;     0,0
08.10.2016 07:00:00   ;     0,8
09.10.2016 07:00:00   ;     0,3
10.10.2016 07:00:00   ;     0,0
11.10.2016 07:00:00   ;     1,1
12.10.2016 07:00:00   ;     1,4
13.10.2016 07:00:00   ;     0,1
14.10.2016 07:00:00   ;     0,0
15.10.2016 07:00:00   ;     0,0
16.10.2016 07:00:00   ;     0,0
17.10.2016 07:00:00   ;     0,2
18.10.2016 07:00:00   ;    10,0
19.10.2016 07:00:00   ;     9,1
20.10.2016 07:00:00   ;     4,4
21.10.2016 07:00:00   ;     0,2
22.10.2016 07:00:00   ;     0,0
23.10.2016 07:00:00   ;     0,0
24.10.2016 07:00:00   ;     0,0
25.10.2016 07:00:00   ;     0,7
26.10.2016 07:00:00   ;     0,0
27.10.2016 07:00:00   ;     0,0
28.10.2016 07:00:00   ;     5,6
29.10.2016 07:00:00   ;     0,0
30.10.2016 07:00:00   ;     0,0
31.10.2016 07:00:00   ;     0,0
01.11.2016 07:00:00   ;     0,0
02.11.2016 07:00:00   ;     0,9
03.11.2016 07:00:00   ;     0,0
04.11.2016 07:00:00   ;     0,0
05.11.2016 07:00:00   ;     2,7
06.11.2016 07:00:00   ;     3,6
07.11.2016 07:00:00   ;     0,0
08.11.2016 07:00:00   ;     0,0
09.11.2016 07:00:00   ;     0,9
10.11.2016 07:00:00   ;     1,6
11.11.2016 07:00:00   ;     2,9
12.11.2016 07:00:00   ;     0,0
13.11.2016 07:00:00   ;     0,0
14.11.2016 07:00:00   ;     0,0
15.11.2016 07:00:00   ;     8,1
16.11.2016 07:00:00   ;    11,2
17.11.2016 07:00:00   ;     0,9
18.11.2016 07:00:00   ;     0,1
19.11.2016 07:00:00   ;     0,6
20.11.2016 07:00:00   ;     0,0
21.11.2016 07:00:00   ;     0,0
22.11.2016 07:00:00   ;     0,0
23.11.2016 07:00:00   ;     0,0
24.11.2016 07:00:00   ;     1,1
25.11.2016 07:00:00   ;     1,4
26.11.2016 07:00:00   ;     0,0
27.11.2016 07:00:00   ;     0,0
28.11.2016 07:00:00   ;     0,0
29.11.2016 07:00:00   ;     0,0
30.11.2016 07:00:00   ;     2,7
01.12.2016 07:00:00   ;     0,0
02.12.2016 07:00:00   ;     3,2
03.12.2016 07:00:00   ;     0,0
04.12.2016 07:00:00   ;     0,0
05.12.2016 07:00:00   ;     0,0
06.12.2016 07:00:00   ;     0,0
07.12.2016 07:00:00   ;     0,0
08.12.2016 07:00:00   ;     0,0
09.12.2016 07:00:00   ;     0,0
10.12.2016 07:00:00   ;     0,0
11.12.2016 07:00:00   ;     0,0
12.12.2016 07:00:00   ;     0,3
13.12.2016 07:00:00   ;     0,0
14.12.2016 07:00:00   ;     0,1
15.12.2016 07:00:00   ;     0,0
16.12.2016 07:00:00   ;     0,0
17.12.2016 07:00:00   ;     0,0
18.12.2016 07:00:00   ;     0,8
19.12.2016 07:00:00   ;     0,0
20.12.2016 07:00:00   ;     0,0
21.12.2016 07:00:00   ;     0,0
22.12.2016 07:00:00   ;     0,0
23.12.2016 07:00:00   ;     0,0
24.12.2016 07:00:00   ;     1,3
25.12.2016 07:00:00   ;     0,0
26.12.2016 07:00:00   ;     0,0
27.12.2016 07:00:00   ;     5,8
28.12.2016 07:00:00   ;     0,0
29.12.2016 07:00:00   ;     0,0
30.12.2016 07:00:00   ;     0,0
31.12.2016 07:00:00   ;     0,0
01.01.2017 07:00:00   ;     0,0
02.01.2017 07:00:00   ;     0,6
03.01.2017 07:00:00   ;     0,0
04.01.2017 07:00:00   ;     0,0
05.01.2017 07:00:00   ;     0,0
06.01.2017 07:00:00   ;     0,0
07.01.2017 07:00:00   ;     2,8
08.01.2017 07:00:00   ;     0,6
09.01.2017 07:00:00   ;     0,2
10.01.2017 07:00:00   ;     0,0
11.01.2017 07:00:00   ;     2,2
12.01.2017 07:00:00   ;     0,0
13.01.2017 07:00:00   ;     0,0
14.01.2017 07:00:00   ;     0,7
15.01.2017 07:00:00   ;     0,0
16.01.2017 07:00:00   ;     0,0
17.01.2017 07:00:00   ;     0,0
18.01.2017 07:00:00   ;     0,0
19.01.2017 07:00:00   ;     0,0
20.01.2017 07:00:00   ;     0,0
21.01.2017 07:00:00   ;     0,0
22.01.2017 07:00:00   ;     0,0
23.01.2017 07:00:00   ;     0,0
24.01.2017 07:00:00   ;     0,0
25.01.2017 07:00:00   ;     0,0
26.01.2017 07:00:00   ;     0,0
27.01.2017 07:00:00   ;     0,0
28.01.2017 07:00:00   ;     0,0
29.01.2017 07:00:00   ;     0,0
30.01.2017 07:00:00   ;     0,0
31.01.2017 07:00:00   ;    12,4
01.02.2017 07:00:00   ;     0,4
02.02.2017 07:00:00   ;     0,0
03.02.2017 07:00:00   ;     0,0
04.02.2017 07:00:00   ;     0,0
05.02.2017 07:00:00   ;     4,9
06.02.2017 07:00:00   ;     6,9
07.02.2017 07:00:00   ;     0,0
08.02.2017 07:00:00   ;     0,0
09.02.2017 07:00:00   ;     0,0
10.02.2017 07:00:00   ;     0,0
11.02.2017 07:00:00   ;     0,0
12.02.2017 07:00:00   ;     0,0
13.02.2017 07:00:00   ;     0,0
14.02.2017 07:00:00   ;     0,0
15.02.2017 07:00:00   ;     0,0
16.02.2017 07:00:00   ;     0,0
17.02.2017 07:00:00   ;     1,6
18.02.2017 07:00:00   ;     0,2
19.02.2017 07:00:00   ;     0,0
20.02.2017 07:00:00   ;     5,8
21.02.2017 07:00:00   ;     2,4
22.02.2017 07:00:00   ;     0,2
23.02.2017 07:00:00   ;     0,0
24.02.2017 07:00:00   ;     0,0
25.02.2017 07:00:00   ;     0,0
26.02.2017 07:00:00   ;     0,0
27.02.2017 07:00:00   ;     0,0
28.02.2017 07:00:00   ;     0,4
01.03.2017 07:00:00   ;     0,5
02.03.2017 07:00:00   ;     0,3
03.03.2017 07:00:00   ;     0,0
04.03.2017 07:00:00   ;     0,0
05.03.2017 07:00:00   ;     0,9
06.03.2017 07:00:00   ;     0,7
07.03.2017 07:00:00   ;     1,5
08.03.2017 07:00:00   ;     1,7
09.03.2017 07:00:00   ;     1,6
10.03.2017 07:00:00   ;     0,2
11.03.2017 07:00:00   ;     0,0
12.03.2017 07:00:00   ;     0,0
13.03.2017 07:00:00   ;     0,0
14.03.2017 07:00:00   ;     0,0
15.03.2017 07:00:00   ;     0,0
16.03.2017 07:00:00   ;     0,0
17.03.2017 07:00:00   ;     3,7
18.03.2017 07:00:00   ;    11,7
19.03.2017 07:00:00   ;     0,8
20.03.2017 07:00:00   ;     0,0
21.03.2017 07:00:00   ;     0,0
22.03.2017 07:00:00   ;     0,0
23.03.2017 07:00:00   ;     0,0
24.03.2017 07:00:00   ;     0,0
25.03.2017 07:00:00   ;     0,0
26.03.2017 07:00:00   ;     0,0
27.03.2017 07:00:00   ;     0,0
28.03.2017 07:00:00   ;     0,0
29.03.2017 07:00:00   ;     0,0
30.03.2017 07:00:00   ;     0,0
31.03.2017 07:00:00   ;     0,0
01.04.2017 07:00:00   ;     0,0
02.04.2017 07:00:00   ;     0,0
03.04.2017 07:00:00   ;     0,0
04.04.2017 07:00:00   ;     0,0
05.04.2017 07:00:00   ;     4,3
06.04.2017 07:00:00   ;     0,5
07.04.2017 07:00:00   ;    10,4
08.04.2017 07:00:00   ;     0,0
09.04.2017 07:00:00   ;     0,0
10.04.2017 07:00:00   ;     1,9
11.04.2017 07:00:00   ;     0,0
12.04.2017 07:00:00   ;     0,4
13.04.2017 07:00:00   ;     1,4
14.04.2017 07:00:00   ;     0,0
15.04.2017 07:00:00   ;     0,2
16.04.2017 07:00:00   ;     1,3
17.04.2017 07:00:00   ;     9,6
18.04.2017 07:00:00   ;     3,6
19.04.2017 07:00:00   ;     5,8
20.04.2017 07:00:00   ;     0,0
21.04.2017 07:00:00   ;     0,0
22.04.2017 07:00:00   ;     1,1
23.04.2017 07:00:00   ;     0,0
24.04.2017 07:00:00   ;     0,0
25.04.2017 07:00:00   ;     0,0
26.04.2017 07:00:00   ;     3,1
27.04.2017 07:00:00   ;     5,3
28.04.2017 07:00:00   ;     1,3
29.04.2017 07:00:00   ;     0,6
30.04.2017 07:00:00   ;     0,0
01.05.2017 07:00:00   ;     2,7
02.05.2017 07:00:00   ;     0,0
03.05.2017 07:00:00   ;     5,6
04.05.2017 07:00:00   ;     0,2
05.05.2017 07:00:00   ;     0,0
06.05.2017 07:00:00   ;     0,0
07.05.2017 07:00:00   ;     0,9
08.05.2017 07:00:00   ;     1,2
09.05.2017 07:00:00   ;     0,0
10.05.2017 07:00:00   ;     0,0
11.05.2017 07:00:00   ;     0,0
12.05.2017 07:00:00   ;     0,0
13.05.2017 07:00:00   ;     5,1
14.05.2017 07:00:00   ;     0,2
15.05.2017 07:00:00   ;     0,9
16.05.2017 07:00:00   ;     0,0
17.05.2017 07:00:00   ;     0,0
18.05.2017 07:00:00   ;     0,0
19.05.2017 07:00:00   ;     0,0
20.05.2017 07:00:00   ;     7,7
21.05.2017 07:00:00   ;     0,0
22.05.2017 07:00:00   ;     0,0
23.05.2017 07:00:00   ;     2,6
24.05.2017 07:00:00   ;     0,0
25.05.2017 07:00:00   ;     0,0
26.05.2017 07:00:00   ;     0,0
27.05.2017 07:00:00   ;     0,0
28.05.2017 07:00:00   ;     0,0
29.05.2017 07:00:00   ;     0,0
30.05.2017 07:00:00   ;     4,4
31.05.2017 07:00:00   ;     0,7
01.06.2017 07:00:00   ;     0,0
02.06.2017 07:00:00   ;     0,0
03.06.2017 07:00:00   ;     0,0
04.06.2017 07:00:00   ;     1,1
05.06.2017 07:00:00   ;     0,0
06.06.2017 07:00:00   ;     3,3
07.06.2017 07:00:00   ;     0,0
08.06.2017 07:00:00   ;     0,0
09.06.2017 07:00:00   ;     8,1
10.06.2017 07:00:00   ;     0,0
11.06.2017 07:00:00   ;     0,0
12.06.2017 07:00:00   ;     0,0
13.06.2017 07:00:00   ;     0,0
14.06.2017 07:00:00   ;     0,0
15.06.2017 07:00:00   ;     2,7
16.06.2017 07:00:00   ;     2,4
17.06.2017 07:00:00   ;     1,1
18.06.2017 07:00:00   ;     0,0
19.06.2017 07:00:00   ;     0,0
20.06.2017 07:00:00   ;     0,0
21.06.2017 07:00:00   ;     0,0
22.06.2017 07:00:00   ;     1,2
23.06.2017 07:00:00   ;     0,0
24.06.2017 07:00:00   ;     0,0
25.06.2017 07:00:00   ;     3,9
26.06.2017 07:00:00   ;     0,0
27.06.2017 07:00:00   ;     0,0
28.06.2017 07:00:00   ;     0,2
29.06.2017 07:00:00   ;     0,0
30.06.2017 07:00:00   ;     1,5
01.07.2017 07:00:00   ;     0,0
02.07.2017 07:00:00   ;     2,8
03.07.2017 07:00:00   ;     0,0
04.07.2017 07:00:00   ;     0,0
05.07.2017 07:00:00   ;     0,7
06.07.2017 07:00:00   ;     0,0
07.07.2017 07:00:00   ;     0,0
08.07.2017 07:00:00   ;     4,5
09.07.2017 07:00:00   ;     0,0
10.07.2017 07:00:00   ;     3,6
11.07.2017 07:00:00   ;     0,0
12.07.2017 07:00:00   ;     5,4
13.07.2017 07:00:00   ;     0,0
14.07.2017 07:00:00   ;     1,4
15.07.2017 07:00:00   ;     4,6
16.07.2017 07:00:00   ;     0,0
17.07.2017 07:00:00   ;     0,0
18.07.2017 07:00:00   ;     0,0
19.07.2017 07:00:00   ;     0,0
20.07.2017 07:00:00   ;    16,2
21.07.2017 07:00:00   ;     0,0
22.07.2017 07:00:00   ;     0,0
23.07.2017 07:00:00   ;     0,0
24.07.2017 07:00:00   ;    11,4
25.07.2017 07:00:00   ;     0,0
26.07.2017 07:00:00   ;     5,9
27.07.2017 07:00:00   ;     2,7
28.07.2017 07:00:00   ;     0,0
29.07.2017 07:00:00   ;     0,0
30.07.2017 07:00:00   ;     0,0
31.07.2017 07:00:00   ;     0,0
01.08.2017 07:00:00   ;     0,0
02.08.2017 07:00:00   ;     0,0
03.08.2017 07:00:00   ;     0,0
04.08.2017 07:00:00   ;     0,0
05.08.2017 07:00:00   ;     0,5
06.08.2017 07:00:00   ;     8,4
07.08.2017 07:00:00   ;     0,0
08.08.2017 07:00:00   ;     0,0
09.08.2017 07:00:00   ;     4,8
10.08.2017 07:00:00   ;    26,6
11.08.2017 07:00:00   ;     0,0
12.08.2017 07:00:00   ;     0,0
13.08.2017 07:00:00   ;     0,0
14.08.2017 07:00:00   ;     0,0
15.08.2017 07:00:00   ;     0,0
16.08.2017 07:00:00   ;     0,0
17.08.2017 07:00:00   ;     0,0
18.08.2017 07:00:00   ;     0,0
19.08.2017 07:00:00   ;     7,6
20.08.2017 07:00:00   ;     0,0
21.08.2017 07:00:00   ;     0,0
22.08.2017 07:00:00   ;     0,0
23.08.2017 07:00:00   ;     0,0
24.08.2017 07:00:00   ;     0,0
25.08.2017 07:00:00   ;     0,0
26.08.2017 07:00:00   ;     0,0
27.08.2017 07:00:00   ;    15,9
28.08.2017 07:00:00   ;     0,0
29.08.2017 07:00:00   ;     0,0
30.08.2017 07:00:00   ;     0,0
31.08.2017 07:00:00   ;     0,0
01.09.2017 07:00:00   ;     5,1
02.09.2017 07:00:00   ;     0,9
03.09.2017 07:00:00   ;     2,3
04.09.2017 07:00:00   ;     0,0
05.09.2017 07:00:00   ;     0,0
06.09.2017 07:00:00   ;     0,3
07.09.2017 07:00:00   ;     0,0
08.09.2017 07:00:00   ;     0,0
09.09.2017 07:00:00   ;     0,0
10.09.2017 07:00:00   ;     4,8
11.09.2017 07:00:00   ;     4,4
12.09.2017 07:00:00   ;     1,5
13.09.2017 07:00:00   ;     0,0
14.09.2017 07:00:00   ;     3,9
15.09.2017 07:00:00   ;     3,3
16.09.2017 07:00:00   ;     0,4
17.09.2017 07:00:00   ;    14,2
18.09.2017 07:00:00   ;     0,0
19.09.2017 07:00:00   ;    29,8
20.09.2017 07:00:00   ;     2,9
21.09.2017 07:00:00   ;     0,4
22.09.2017 07:00:00   ;     0,0
23.09.2017 07:00:00   ;     1,9
24.09.2017 07:00:00   ;     0,0
25.09.2017 07:00:00   ;     0,4
26.09.2017 07:00:00   ;     0,0
27.09.2017 07:00:00   ;     0,0
28.09.2017 07:00:00   ;     0,0
29.09.2017 07:00:00   ;     0,0
30.09.2017 07:00:00   ;     0,0
01.10.2017 07:00:00   ;     0,0
02.10.2017 07:00:00   ;     3,9
03.10.2017 07:00:00   ;    17,6
04.10.2017 07:00:00   ;     0,0
05.10.2017 07:00:00   ;     0,2
06.10.2017 07:00:00   ;     0,0
07.10.2017 07:00:00   ;     0,8
08.10.2017 07:00:00   ;     1,5
09.10.2017 07:00:00   ;     0,0
10.10.2017 07:00:00   ;     0,0
11.10.2017 07:00:00   ;     0,0
12.10.2017 07:00:00   ;     0,0
13.10.2017 07:00:00   ;     0,0
14.10.2017 07:00:00   ;     0,0
15.10.2017 07:00:00   ;     0,0
16.10.2017 07:00:00   ;     0,0
17.10.2017 07:00:00   ;     0,0
18.10.2017 07:00:00   ;     0,0
19.10.2017 07:00:00   ;     0,0
20.10.2017 07:00:00   ;     0,0
21.10.2017 07:00:00   ;     4,2
22.10.2017 07:00:00   ;     2,5
23.10.2017 07:00:00   ;     7,3
24.10.2017 07:00:00   ;     0,0
25.10.2017 07:00:00   ;     0,0
26.10.2017 07:00:00   ;     0,0
27.10.2017 07:00:00   ;     4,4
28.10.2017 07:00:00   ;     1,9
29.10.2017 07:00:00   ;     7,1
30.10.2017 07:00:00   ;     1,1
31.10.2017 07:00:00   ;     0,0
01.11.2017 07:00:00   ;     0,0
02.11.2017 07:00:00   ;     0,1
03.11.2017 07:00:00   ;     0,0
04.11.2017 07:00:00   ;     0,0
05.11.2017 07:00:00   ;     0,0
06.11.2017 07:00:00   ;     0,0
07.11.2017 07:00:00   ;     0,0
08.11.2017 07:00:00   ;     1,4
09.11.2017 07:00:00   ;     0,0
10.11.2017 07:00:00   ;     1,4
11.11.2017 07:00:00   ;     1,5
12.11.2017 07:00:00   ;     3,5
13.11.2017 07:00:00   ;     0,0
14.11.2017 07:00:00   ;     0,0
15.11.2017 07:00:00   ;     0,0
16.11.2017 07:00:00   ;     0,0
17.11.2017 07:00:00   ;     1,2
18.11.2017 07:00:00   ;     0,0
19.11.2017 07:00:00   ;     0,8
20.11.2017 07:00:00   ;     5,1
21.11.2017 07:00:00   ;     5,6
22.11.2017 07:00:00   ;     0,0
23.11.2017 07:00:00   ;     0,0
24.11.2017 07:00:00   ;     0,8
25.11.2017 07:00:00   ;     0,0
26.11.2017 07:00:00   ;     0,0
27.11.2017 07:00:00   ;     0,0
28.11.2017 07:00:00   ;     0,2
29.11.2017 07:00:00   ;     9,3
30.11.2017 07:00:00   ;     6,1
01.12.2017 07:00:00   ;     0,0
02.12.2017 07:00:00   ;     0,0
03.12.2017 07:00:00   ;     0,0
04.12.2017 07:00:00   ;     0,0
05.12.2017 07:00:00   ;     0,0
06.12.2017 07:00:00   ;     0,0
07.12.2017 07:00:00   ;     0,0
08.12.2017 07:00:00   ;     1,5
09.12.2017 07:00:00   ;     0,0
10.12.2017 07:00:00   ;     0,0
11.12.2017 07:00:00   ;     0,0
12.12.2017 07:00:00   ;     0,0
13.12.2017 07:00:00   ;     0,0
14.12.2017 07:00:00   ;     0,2
15.12.2017 07:00:00   ;     0,0
16.12.2017 07:00:00   ;     0,0
17.12.2017 07:00:00   ;     0,0
18.12.2017 07:00:00   ;     0,0
19.12.2017 07:00:00   ;     0,3
20.12.2017 07:00:00   ;     0,0
21.12.2017 07:00:00   ;    10,1
22.12.2017 07:00:00   ;     0,0
23.12.2017 07:00:00   ;     0,3
24.12.2017 07:00:00   ;     0,0
25.12.2017 07:00:00   ;     0,0
26.12.2017 07:00:00   ;     0,3
27.12.2017 07:00:00   ;     1,3
28.12.2017 07:00:00   ;    11,8
29.12.2017 07:00:00   ;     0,0
30.12.2017 07:00:00   ;     7,5
31.12.2017 07:00:00   ;     0,0
01.01.2018 07:00:00   ;     0,0
02.01.2018 07:00:00   ;     0,0
03.01.2018 07:00:00   ;     1,9
04.01.2018 07:00:00   ;     2,4
05.01.2018 07:00:00   ;     0,0
06.01.2018 07:00:00   ;     0,1
07.01.2018 07:00:00   ;     0,4
08.01.2018 07:00:00   ;     1,3
09.01.2018 07:00:00   ;     3,4
10.01.2018 07:00:00   ;     9,5
11.01.2018 07:00:00   ;     0,0
12.01.2018 07:00:00   ;     0,0
13.01.2018 07:00:00   ;     1,2
14.01.2018 07:00:00   ;     1,1
15.01.2018 07:00:00   ;     0,0
16.01.2018 07:00:00   ;     1,3
17.01.2018 07:00:00   ;     0,0
18.01.2018 07:00:00   ;     0,5
19.01.2018 07:00:00   ;     5,1
20.01.2018 07:00:00   ;     0,4
21.01.2018 07:00:00   ;     1,1
22.01.2018 07:00:00   ;     1,5
23.01.2018 07:00:00   ;     0,0
24.01.2018 07:00:00   ;     0,0
25.01.2018 07:00:00   ;     0,0
26.01.2018 07:00:00   ;     0,0
27.01.2018 07:00:00   ;     0,0
28.01.2018 07:00:00   ;     0,0
29.01.2018 07:00:00   ;     0,5
30.01.2018 07:00:00   ;     0,0
31.01.2018 07:00:00   ;     0,1
01.02.2018 07:00:00   ;     1,8
02.02.2018 07:00:00   ;     0,0
03.02.2018 07:00:00   ;     0,3
04.02.2018 07:00:00   ;     0,0
05.02.2018 07:00:00   ;     0,0
06.02.2018 07:00:00   ;     0,0
07.02.2018 07:00:00   ;     6,8
08.02.2018 07:00:00   ;     0,3
09.02.2018 07:00:00   ;     0,0
10.02.2018 07:00:00   ;     0,0
11.02.2018 07:00:00   ;     0,0
12.02.2018 07:00:00   ;     0,0
13.02.2018 07:00:00   ;     0,2
14.02.2018 07:00:00   ;     0,2
15.02.2018 07:00:00   ;     1,6
16.02.2018 07:00:00   ;     1,8
17.02.2018 07:00:00   ;     3,6
18.02.2018 07:00:00   ;     0,0
19.02.2018 07:00:00   ;     0,9
20.02.2018 07:00:00   ;     1,6
21.02.2018 07:00:00   ;     0,0
22.02.2018 07:00:00   ;     0,0
23.02.2018 07:00:00   ;     0,0
24.02.2018 07:00:00   ;     0,0
25.02.2018 07:00:00   ;     0,0
26.02.2018 07:00:00   ;     0,0
27.02.2018 07:00:00   ;     0,0
28.02.2018 07:00:00   ;     0,0
01.03.2018 07:00:00   ;     0,0
02.03.2018 07:00:00   ;     1,1
03.03.2018 07:00:00   ;     0,0
04.03.2018 07:00:00   ;     0,0
05.03.2018 07:00:00   ;     0,0
06.03.2018 07:00:00   ;     2,2
07.03.2018 07:00:00   ;     0,4
08.03.2018 07:00:00   ;     0,0
09.03.2018 07:00:00   ;     0,0
10.03.2018 07:00:00   ;     0,0
11.03.2018 07:00:00   ;     0,2
12.03.2018 07:00:00   ;     2,3
13.03.2018 07:00:00   ;     0,0
14.03.2018 07:00:00   ;     0,0
15.03.2018 07:00:00   ;     2,3
16.03.2018 07:00:00   ;     6,5
17.03.2018 07:00:00   ;     2,1
18.03.2018 07:00:00   ;     0,0
19.03.2018 07:00:00   ;     0,0
20.03.2018 07:00:00   ;     0,0
21.03.2018 07:00:00   ;     0,0
22.03.2018 07:00:00   ;     0,0
23.03.2018 07:00:00   ;     0,0
24.03.2018 07:00:00   ;     0,0
25.03.2018 07:00:00   ;     0,0
26.03.2018 07:00:00   ;     0,0
27.03.2018 07:00:00   ;     0,0
28.03.2018 07:00:00   ;     0,3
29.03.2018 07:00:00   ;     0,0
30.03.2018 07:00:00   ;     0,0
31.03.2018 07:00:00   ;     2,8
01.04.2018 07:00:00   ;     0,0
02.04.2018 07:00:00   ;     0,0
03.04.2018 07:00:00   ;     0,0
04.04.2018 07:00:00   ;     0,0
05.04.2018 07:00:00   ;     0,2
06.04.2018 07:00:00   ;     0,0
07.04.2018 07:00:00   ;     0,0
08.04.2018 07:00:00   ;     0,0
09.04.2018 07:00:00   ;     0,0
10.04.2018 07:00:00   ;     0,0
11.04.2018 07:00:00   ;     0,0
12.04.2018 07:00:00   ;     0,9
13.04.2018 07:00:00   ;     0,0
14.04.2018 07:00:00   ;     0,0
15.04.2018 07:00:00   ;     1,0
16.04.2018 07:00:00   ;     0,2
17.04.2018 07:00:00   ;     0,0
18.04.2018 07:00:00   ;     0,0
19.04.2018 07:00:00   ;     0,0
20.04.2018 07:00:00   ;     0,0
21.04.2018 07:00:00   ;     0,0
22.04.2018 07:00:00   ;     0,0
23.04.2018 07:00:00   ;     0,3
24.04.2018 07:00:00   ;     0,0
25.04.2018 07:00:00   ;     0,5
26.04.2018 07:00:00   ;     2,0
27.04.2018 07:00:00   ;     0,0
28.04.2018 07:00:00   ;     0,0
29.04.2018 07:00:00   ;     0,0
30.04.2018 07:00:00   ;     0,0
01.05.2018 07:00:00   ;     0,0
02.05.2018 07:00:00   ;     3,4
03.05.2018 07:00:00   ;     0,0
04.05.2018 07:00:00   ;     0,0
05.05.2018 07:00:00   ;     0,0
06.05.2018 07:00:00   ;     0,0
07.05.2018 07:00:00   ;     0,0
08.05.2018 07:00:00   ;     0,0
09.05.2018 07:00:00   ;     0,0
10.05.2018 07:00:00   ;     0,5
11.05.2018 07:00:00   ;     0,0
12.05.2018 07:00:00   ;     0,0
13.05.2018 07:00:00   ;     0,0
14.05.2018 07:00:00   ;     1,2
15.05.2018 07:00:00   ;    17,7
16.05.2018 07:00:00   ;     1,9
17.05.2018 07:00:00   ;     3,8
18.05.2018 07:00:00   ;     0,0
19.05.2018 07:00:00   ;     0,0
20.05.2018 07:00:00   ;     0,0
21.05.2018 07:00:00   ;     0,0
22.05.2018 07:00:00   ;     0,0
23.05.2018 07:00:00   ;     0,0
24.05.2018 07:00:00   ;     5,6
25.05.2018 07:00:00   ;    17,6
26.05.2018 07:00:00   ;     0,0
27.05.2018 07:00:00   ;     0,0
28.05.2018 07:00:00   ;     0,0
29.05.2018 07:00:00   ;     0,0
30.05.2018 07:00:00   ;     0,0
31.05.2018 07:00:00   ;     0,0
01.06.2018 07:00:00   ;     0,0
02.06.2018 07:00:00   ;     0,0
03.06.2018 07:00:00   ;     0,0
04.06.2018 07:00:00   ;     0,0
05.06.2018 07:00:00   ;     0,0
06.06.2018 07:00:00   ;     4,1
07.06.2018 07:00:00   ;     0,0
08.06.2018 07:00:00   ;     0,0
09.06.2018 07:00:00   ;     0,0
10.06.2018 07:00:00   ;     0,0
11.06.2018 07:00:00   ;     0,0
12.06.2018 07:00:00   ;     3,1
13.06.2018 07:00:00   ;     0,0
14.06.2018 07:00:00   ;     0,0
15.06.2018 07:00:00   ;     0,0
16.06.2018 07:00:00   ;     0,0
17.06.2018 07:00:00   ;     0,0
18.06.2018 07:00:00   ;     0,0
19.06.2018 07:00:00   ;     0,0
20.06.2018 07:00:00   ;     0,0
21.06.2018 07:00:00   ;     0,4
22.06.2018 07:00:00   ;     0,2
23.06.2018 07:00:00   ;     0,0
24.06.2018 07:00:00   ;     0,0
25.06.2018 07:00:00   ;     0,0
26.06.2018 07:00:00   ;     8,2
27.06.2018 07:00:00   ;    21,1
28.06.2018 07:00:00   ;     1,9
29.06.2018 07:00:00   ;     0,0
30.06.2018 07:00:00   ;     0,0
01.07.2018 07:00:00   ;     0,0
02.07.2018 07:00:00   ;     0,0
03.07.2018 07:00:00   ;     0,0
04.07.2018 07:00:00   ;     0,0
05.07.2018 07:00:00   ;     0,0
06.07.2018 07:00:00   ;    15,5
07.07.2018 07:00:00   ;     0,0
08.07.2018 07:00:00   ;     0,0
09.07.2018 07:00:00   ;     0,0
10.07.2018 07:00:00   ;    14,0
11.07.2018 07:00:00   ;     0,5
12.07.2018 07:00:00   ;     0,0
13.07.2018 07:00:00   ;     0,0
14.07.2018 07:00:00   ;     1,9
15.07.2018 07:00:00   ;     0,0
16.07.2018 07:00:00   ;     0,0
17.07.2018 07:00:00   ;     0,0
18.07.2018 07:00:00   ;     1,6
19.07.2018 07:00:00   ;     0,0
20.07.2018 07:00:00   ;     0,0
21.07.2018 07:00:00   ;    47,9
22.07.2018 07:00:00   ;    14,9
23.07.2018 07:00:00   ;     0,4
24.07.2018 07:00:00   ;     0,0
25.07.2018 07:00:00   ;     1,7
26.07.2018 07:00:00   ;    14,9
27.07.2018 07:00:00   ;     0,0
28.07.2018 07:00:00   ;     0,0
29.07.2018 07:00:00   ;     0,0
30.07.2018 07:00:00   ;     0,0
31.07.2018 07:00:00   ;     0,0
01.08.2018 07:00:00   ;     0,0
02.08.2018 07:00:00   ;     0,0
03.08.2018 07:00:00   ;     0,0
04.08.2018 07:00:00   ;     0,0
05.08.2018 07:00:00   ;     0,0
06.08.2018 07:00:00   ;     0,0
07.08.2018 07:00:00   ;     0,0
08.08.2018 07:00:00   ;     0,0
09.08.2018 07:00:00   ;     0,0
10.08.2018 07:00:00   ;     2,1
11.08.2018 07:00:00   ;     0,0
12.08.2018 07:00:00   ;     0,0
13.08.2018 07:00:00   ;     0,0
14.08.2018 07:00:00   ;     0,0
15.08.2018 07:00:00   ;     0,0
16.08.2018 07:00:00   ;     0,0
17.08.2018 07:00:00   ;     0,0
18.08.2018 07:00:00   ;     0,0
19.08.2018 07:00:00   ;     0,0
20.08.2018 07:00:00   ;     0,0
21.08.2018 07:00:00   ;     0,0
22.08.2018 07:00:00   ;     0,0
23.08.2018 07:00:00   ;     0,0
24.08.2018 07:00:00   ;    13,9
25.08.2018 07:00:00   ;     8,2
26.08.2018 07:00:00   ;     0,0
27.08.2018 07:00:00   ;     0,0
28.08.2018 07:00:00   ;     0,0
29.08.2018 07:00:00   ;     0,0
30.08.2018 07:00:00   ;     2,3
31.08.2018 07:00:00   ;     3,6
01.09.2018 07:00:00   ;    37,5
02.09.2018 07:00:00   ;    18,4
03.09.2018 07:00:00   ;     1,8
04.09.2018 07:00:00   ;     0,0
05.09.2018 07:00:00   ;     0,0
06.09.2018 07:00:00   ;     0,0
07.09.2018 07:00:00   ;     0,0
08.09.2018 07:00:00   ;     0,0
09.09.2018 07:00:00   ;     0,0
10.09.2018 07:00:00   ;     0,0
11.09.2018 07:00:00   ;     0,0
12.09.2018 07:00:00   ;     0,0
13.09.2018 07:00:00   ;     0,0
14.09.2018 07:00:00   ;     0,0
15.09.2018 07:00:00   ;     0,0
16.09.2018 07:00:00   ;     0,0
17.09.2018 07:00:00   ;     0,0
18.09.2018 07:00:00   ;     0,0
19.09.2018 07:00:00   ;     0,0
20.09.2018 07:00:00   ;     0,0
21.09.2018 07:00:00   ;    12,4
22.09.2018 07:00:00   ;     0,2
23.09.2018 07:00:00   ;     3,7
24.09.2018 07:00:00   ;     1,0
25.09.2018 07:00:00   ;     0,0
26.09.2018 07:00:00   ;     0,0
27.09.2018 07:00:00   ;     0,0
28.09.2018 07:00:00   ;     0,0
29.09.2018 07:00:00   ;     0,0
30.09.2018 07:00:00   ;     0,0
01.10.2018 07:00:00   ;     0,3
02.10.2018 07:00:00   ;     0,7
03.10.2018 07:00:00   ;     0,0
04.10.2018 07:00:00   ;     0,0
05.10.2018 07:00:00   ;     0,0
06.10.2018 07:00:00   ;     0,0
07.10.2018 07:00:00   ;     0,0
08.10.2018 07:00:00   ;     0,0
09.10.2018 07:00:00   ;     0,0
10.10.2018 07:00:00   ;     0,0
11.10.2018 07:00:00   ;     0,0
12.10.2018 07:00:00   ;     0,0
13.10.2018 07:00:00   ;     0,0
14.10.2018 07:00:00   ;     0,0
15.10.2018 07:00:00   ;     0,0
16.10.2018 07:00:00   ;     0,0
17.10.2018 07:00:00   ;     0,8
18.10.2018 07:00:00   ;     0,0
19.10.2018 07:00:00   ;     0,0
20.10.2018 07:00:00   ;     0,4
21.10.2018 07:00:00   ;     0,7
22.10.2018 07:00:00   ;     0,0
23.10.2018 07:00:00   ;     0,0
24.10.2018 07:00:00   ;     3,4
25.10.2018 07:00:00   ;     0,0
26.10.2018 07:00:00   ;     0,0
27.10.2018 07:00:00   ;     3,5
28.10.2018 07:00:00   ;     0,0
29.10.2018 07:00:00   ;     0,0
30.10.2018 07:00:00   ;     0,0
31.10.2018 07:00:00   ;     0,0
01.11.2018 07:00:00   ;     0,0
02.11.2018 07:00:00   ;     5,7
03.11.2018 07:00:00   ;     0,0
04.11.2018 07:00:00   ;     0,0
05.11.2018 07:00:00   ;     0,0
06.11.2018 07:00:00   ;     0,0
07.11.2018 07:00:00   ;     0,0
08.11.2018 07:00:00   ;     0,0
09.11.2018 07:00:00   ;     0,0
10.11.2018 07:00:00   ;     0,0
11.11.2018 07:00:00   ;     0,0
12.11.2018 07:00:00   ;     0,0
13.11.2018 07:00:00   ;     0,0
14.11.2018 07:00:00   ;     0,0
15.11.2018 07:00:00   ;     0,0
16.11.2018 07:00:00   ;     0,0
17.11.2018 07:00:00   ;     0,0
18.11.2018 07:00:00   ;     3,7
19.11.2018 07:00:00   ;     0,0
20.11.2018 07:00:00   ;     5,5
21.11.2018 07:00:00   ;     1,4
22.11.2018 07:00:00   ;     0,8
23.11.2018 07:00:00   ;     0,0
24.11.2018 07:00:00   ;     0,0
25.11.2018 07:00:00   ;     5,6
26.11.2018 07:00:00   ;     8,1
27.11.2018 07:00:00   ;     0,0
28.11.2018 07:00:00   ;     0,0
29.11.2018 07:00:00   ;     0,0
30.11.2018 07:00:00   ;     5,2
01.12.2018 07:00:00   ;     0,3
02.12.2018 07:00:00   ;     3,5
03.12.2018 07:00:00   ;     4,7
04.12.2018 07:00:00   ;     0,2
05.12.2018 07:00:00   ;     0,0
06.12.2018 07:00:00   ;     0,0
07.12.2018 07:00:00   ;     1,8
08.12.2018 07:00:00   ;     0,1
09.12.2018 07:00:00   ;     0,4
10.12.2018 07:00:00   ;     0,0
11.12.2018 07:00:00   ;     9,8
12.12.2018 07:00:00   ;     0,9
13.12.2018 07:00:00   ;     0,0
14.12.2018 07:00:00   ;     2,4
15.12.2018 07:00:00   ;     1,2
16.12.2018 07:00:00   ;     0,0
17.12.2018 07:00:00   ;     0,0
18.12.2018 07:00:00   ;     0,0
19.12.2018 07:00:00   ;     0,0
20.12.2018 07:00:00   ;     0,0
21.12.2018 07:00:00   ;     0,0
22.12.2018 07:00:00   ;     7,3
23.12.2018 07:00:00   ;    22,2
24.12.2018 07:00:00   ;     6,8
25.12.2018 07:00:00   ;     0,0
26.12.2018 07:00:00   ;     0,0
27.12.2018 07:00:00   ;     0,0
28.12.2018 07:00:00   ;     0,0
29.12.2018 07:00:00   ;     1,2
30.12.2018 07:00:00   ;     4,5
31.12.2018 07:00:00   ;     0,0
01.01.2019 07:00:00   ;     0,5
02.01.2019 07:00:00   ;     0,0
03.01.2019 07:00:00   ;     0,0
04.01.2019 07:00:00   ;    12,1
05.01.2019 07:00:00   ;    18,9
06.01.2019 07:00:00   ;     0,0
07.01.2019 07:00:00   ;     0,7
08.01.2019 07:00:00   ;     4,1
09.01.2019 07:00:00   ;     3,2
10.01.2019 07:00:00   ;     0,2
11.01.2019 07:00:00   ;     4,2
12.01.2019 07:00:00   ;     0,0
13.01.2019 07:00:00   ;     2,0
14.01.2019 07:00:00   ;     0,0
15.01.2019 07:00:00   ;     0,0
16.01.2019 07:00:00   ;     0,0
17.01.2019 07:00:00   ;     0,0
18.01.2019 07:00:00   ;     0,0
19.01.2019 07:00:00   ;     0,0
20.01.2019 07:00:00   ;     0,0
21.01.2019 07:00:00   ;     0,0
22.01.2019 07:00:00   ;     0,0
23.01.2019 07:00:00   ;     0,4
24.01.2019 07:00:00   ;     0,0
25.01.2019 07:00:00   ;     0,0
26.01.2019 07:00:00   ;     2,2
27.01.2019 07:00:00   ;     8,8
28.01.2019 07:00:00   ;     5,7
29.01.2019 07:00:00   ;     0,0
30.01.2019 07:00:00   ;     0,0
31.01.2019 07:00:00   ;     0,0
01.02.2019 07:00:00   ;     0,0
02.02.2019 07:00:00   ;     0,6
03.02.2019 07:00:00   ;     0,0
04.02.2019 07:00:00   ;     0,0
05.02.2019 07:00:00   ;     0,0
06.02.2019 07:00:00   ;     0,0
07.02.2019 07:00:00   ;     0,0
08.02.2019 07:00:00   ;     0,0
09.02.2019 07:00:00   ;     0,0
10.02.2019 07:00:00   ;     2,1
11.02.2019 07:00:00   ;     0,0
12.02.2019 07:00:00   ;     0,0
13.02.2019 07:00:00   ;     0,0
14.02.2019 07:00:00   ;     0,0
15.02.2019 07:00:00   ;     0,0
16.02.2019 07:00:00   ;     0,0
17.02.2019 07:00:00   ;     0,0
18.02.2019 07:00:00   ;     0,0
19.02.2019 07:00:00   ;     0,0
20.02.2019 07:00:00   ;     0,0
21.02.2019 07:00:00   ;     6,7
22.02.2019 07:00:00   ;     0,3
23.02.2019 07:00:00   ;     0,0
24.02.2019 07:00:00   ;     0,0
25.02.2019 07:00:00   ;     0,0
26.02.2019 07:00:00   ;     0,0
27.02.2019 07:00:00   ;     0,0
28.02.2019 07:00:00   ;     0,0
01.03.2019 07:00:00   ;     5,3
02.03.2019 07:00:00   ;     0,0
03.03.2019 07:00:00   ;     0,0
04.03.2019 07:00:00   ;     0,0
05.03.2019 07:00:00   ;     0,4
06.03.2019 07:00:00   ;     0,0
07.03.2019 07:00:00   ;     0,0
08.03.2019 07:00:00   ;     0,0
09.03.2019 07:00:00   ;     0,4
10.03.2019 07:00:00   ;     7,5
11.03.2019 07:00:00   ;     0,0
12.03.2019 07:00:00   ;     0,0
13.03.2019 07:00:00   ;     0,0
14.03.2019 07:00:00   ;     0,2
15.03.2019 07:00:00   ;     6,7
16.03.2019 07:00:00   ;     0,4
17.03.2019 07:00:00   ;     0,0
18.03.2019 07:00:00   ;     0,0
19.03.2019 07:00:00   ;     0,0
20.03.2019 07:00:00   ;     0,0
21.03.2019 07:00:00   ;     0,0
22.03.2019 07:00:00   ;     0,0
23.03.2019 07:00:00   ;     0,0
24.03.2019 07:00:00   ;     1,2
25.03.2019 07:00:00   ;     0,3
26.03.2019 07:00:00   ;     0,7
27.03.2019 07:00:00   ;     0,1
28.03.2019 07:00:00   ;     0,0
29.03.2019 07:00:00   ;     0,0
30.03.2019 07:00:00   ;     0,0
31.03.2019 07:00:00   ;     0,0
01.04.2019 07:00:00   ;     0,0
02.04.2019 07:00:00   ;     0,0
03.04.2019 07:00:00   ;     0,0
04.04.2019 07:00:00   ;     0,0
05.04.2019 07:00:00   ;     2,1
06.04.2019 07:00:00   ;     0,0
07.04.2019 07:00:00   ;     0,0
08.04.2019 07:00:00   ;     0,0
09.04.2019 07:00:00   ;     0,0
10.04.2019 07:00:00   ;     0,3
11.04.2019 07:00:00   ;     0,0
12.04.2019 07:00:00   ;     0,0
13.04.2019 07:00:00   ;     0,0
14.04.2019 07:00:00   ;     0,7
15.04.2019 07:00:00   ;     0,0
16.04.2019 07:00:00   ;     0,0
17.04.2019 07:00:00   ;     0,0
18.04.2019 07:00:00   ;     0,0
19.04.2019 07:00:00   ;     0,0
20.04.2019 07:00:00   ;     0,0
21.04.2019 07:00:00   ;     0,0
22.04.2019 07:00:00   ;     0,0
23.04.2019 07:00:00   ;     5,1
24.04.2019 07:00:00   ;     0,0
25.04.2019 07:00:00   ;     0,0
26.04.2019 07:00:00   ;     0,0
27.04.2019 07:00:00   ;     0,0
28.04.2019 07:00:00   ;     1,8
29.04.2019 07:00:00   ;     6,8
30.04.2019 07:00:00   ;    16,6
01.05.2019 07:00:00   ;     0,0
02.05.2019 07:00:00   ;     1,2
03.05.2019 07:00:00   ;     2,4
04.05.2019 07:00:00   ;     3,6
05.05.2019 07:00:00   ;    15,1
06.05.2019 07:00:00   ;     0,0
07.05.2019 07:00:00   ;     0,0
08.05.2019 07:00:00   ;     1,2
09.05.2019 07:00:00   ;     5,2
10.05.2019 07:00:00   ;     0,0
11.05.2019 07:00:00   ;    15,2
12.05.2019 07:00:00   ;     1,1
13.05.2019 07:00:00   ;     0,0
14.05.2019 07:00:00   ;     4,4
15.05.2019 07:00:00   ;    17,2
16.05.2019 07:00:00   ;     1,2
17.05.2019 07:00:00   ;     0,0
18.05.2019 07:00:00   ;     0,0
19.05.2019 07:00:00   ;     8,1
20.05.2019 07:00:00   ;     2,5
21.05.2019 07:00:00   ;     7,1
22.05.2019 07:00:00   ;    36,6
23.05.2019 07:00:00   ;     0,0
24.05.2019 07:00:00   ;     0,0
25.05.2019 07:00:00   ;     0,0
26.05.2019 07:00:00   ;     0,0
27.05.2019 07:00:00   ;     5,5
28.05.2019 07:00:00   ;    10,3
29.05.2019 07:00:00   ;     4,1
30.05.2019 07:00:00   ;     0,0
31.05.2019 07:00:00   ;     0,0
01.06.2019 07:00:00   ;     0,0
02.06.2019 07:00:00   ;     0,0
03.06.2019 07:00:00   ;     0,0
04.06.2019 07:00:00   ;     0,0
05.06.2019 07:00:00   ;     0,0
06.06.2019 07:00:00   ;    28,8
07.06.2019 07:00:00   ;     0,0
08.06.2019 07:00:00   ;     0,0
09.06.2019 07:00:00   ;     0,0
10.06.2019 07:00:00   ;     0,0
11.06.2019 07:00:00   ;     0,0
12.06.2019 07:00:00   ;     0,0
13.06.2019 07:00:00   ;     0,0
14.06.2019 07:00:00   ;     0,0
15.06.2019 07:00:00   ;     0,0
16.06.2019 07:00:00   ;     0,0
17.06.2019 07:00:00   ;     0,0
18.06.2019 07:00:00   ;     0,0
19.06.2019 07:00:00   ;     3,1
20.06.2019 07:00:00   ;     4,0
21.06.2019 07:00:00   ;     0,0
22.06.2019 07:00:00   ;    51,1
23.06.2019 07:00:00   ;     9,3
24.06.2019 07:00:00   ;     0,0
25.06.2019 07:00:00   ;     0,0
26.06.2019 07:00:00   ;     0,0
27.06.2019 07:00:00   ;     0,0
28.06.2019 07:00:00   ;     0,0
29.06.2019 07:00:00   ;     0,0
30.06.2019 07:00:00   ;     0,0
01.07.2019 07:00:00   ;    28,5
02.07.2019 07:00:00   ;     0,0
03.07.2019 07:00:00   ;     0,0
04.07.2019 07:00:00   ;     0,0
05.07.2019 07:00:00   ;     0,0
06.07.2019 07:00:00   ;     0,0
07.07.2019 07:00:00   ;     1,3
08.07.2019 07:00:00   ;     0,0
09.07.2019 07:00:00   ;     0,0
10.07.2019 07:00:00   ;     0,0
11.07.2019 07:00:00   ;     0,8
12.07.2019 07:00:00   ;    28,2
13.07.2019 07:00:00   ;    15,7
14.07.2019 07:00:00   ;     9,8
15.07.2019 07:00:00   ;     0,0
16.07.2019 07:00:00   ;     0,0
17.07.2019 07:00:00   ;     3,7
18.07.2019 07:00:00   ;     0,0
19.07.2019 07:00:00   ;     0,0
20.07.2019 07:00:00   ;     0,0
21.07.2019 07:00:00   ;     0,0
22.07.2019 07:00:00   ;     0,0
23.07.2019 07:00:00   ;     0,0
24.07.2019 07:00:00   ;     0,0
25.07.2019 07:00:00   ;     0,0
26.07.2019 07:00:00   ;     0,0
27.07.2019 07:00:00   ;     5,1
28.07.2019 07:00:00   ;     3,8
29.07.2019 07:00:00   ;     0,0
30.07.2019 07:00:00   ;     0,0
31.07.2019 07:00:00   ;    23,6
01.08.2019 07:00:00   ;     0,0
02.08.2019 07:00:00   ;     0,0
03.08.2019 07:00:00   ;     5,1
04.08.2019 07:00:00   ;     0,0
05.08.2019 07:00:00   ;     0,0
06.08.2019 07:00:00   ;     0,0
07.08.2019 07:00:00   ;    12,1
08.08.2019 07:00:00   ;     0,0
09.08.2019 07:00:00   ;     0,0
10.08.2019 07:00:00   ;     2,1
11.08.2019 07:00:00   ;     0,0
12.08.2019 07:00:00   ;     6,2
13.08.2019 07:00:00   ;     0,0
14.08.2019 07:00:00   ;     0,0
15.08.2019 07:00:00   ;     0,0
16.08.2019 07:00:00   ;     3,4
17.08.2019 07:00:00   ;     0,0
18.08.2019 07:00:00   ;     0,0
19.08.2019 07:00:00   ;     0,3
20.08.2019 07:00:00   ;     0,0
21.08.2019 07:00:00   ;     0,0
22.08.2019 07:00:00   ;     0,0
23.08.2019 07:00:00   ;     0,0
24.08.2019 07:00:00   ;     1,7
25.08.2019 07:00:00   ;     1,4
26.08.2019 07:00:00   ;     0,0
27.08.2019 07:00:00   ;     0,0
28.08.2019 07:00:00   ;     0,0
29.08.2019 07:00:00   ;     0,0
30.08.2019 07:00:00   ;     0,0
31.08.2019 07:00:00   ;     0,0
01.09.2019 07:00:00   ;     0,5
02.09.2019 07:00:00   ;    10,1
03.09.2019 07:00:00   ;     0,0
04.09.2019 07:00:00   ;     0,0
05.09.2019 07:00:00   ;     0,6
06.09.2019 07:00:00   ;    17,1
07.09.2019 07:00:00   ;    16,9
08.09.2019 07:00:00   ;    17,1
09.09.2019 07:00:00   ;     0,0
10.09.2019 07:00:00   ;     0,0
11.09.2019 07:00:00   ;     0,0
12.09.2019 07:00:00   ;     0,0
13.09.2019 07:00:00   ;     0,0
14.09.2019 07:00:00   ;     0,0
15.09.2019 07:00:00   ;     0,0
16.09.2019 07:00:00   ;     0,0
17.09.2019 07:00:00   ;     0,0
18.09.2019 07:00:00   ;     0,0
19.09.2019 07:00:00   ;     0,0
20.09.2019 07:00:00   ;     0,0
21.09.2019 07:00:00   ;     0,0
22.09.2019 07:00:00   ;     0,0
23.09.2019 07:00:00   ;     0,0
24.09.2019 07:00:00   ;     0,0
25.09.2019 07:00:00   ;     0,2
26.09.2019 07:00:00   ;     0,3
27.09.2019 07:00:00   ;     1,7
28.09.2019 07:00:00   ;     1,9
29.09.2019 07:00:00   ;     0,0
30.09.2019 07:00:00   ;     0,0
01.10.2019 07:00:00   ;     0,0
02.10.2019 07:00:00   ;     6,8
03.10.2019 07:00:00   ;     0,3
04.10.2019 07:00:00   ;     4,1
05.10.2019 07:00:00   ;    10,6
06.10.2019 07:00:00   ;     0,0
07.10.2019 07:00:00   ;     0,0
08.10.2019 07:00:00   ;     1,9
09.10.2019 07:00:00   ;     9,8
10.10.2019 07:00:00   ;     0,0
11.10.2019 07:00:00   ;     0,0
12.10.2019 07:00:00   ;     0,0
13.10.2019 07:00:00   ;     0,0
14.10.2019 07:00:00   ;     0,2
15.10.2019 07:00:00   ;     0,1
16.10.2019 07:00:00   ;     2,1
17.10.2019 07:00:00   ;     0,2
18.10.2019 07:00:00   ;     0,2
19.10.2019 07:00:00   ;     0,4
20.10.2019 07:00:00   ;     0,0
21.10.2019 07:00:00   ;     0,0
22.10.2019 07:00:00   ;     0,0
23.10.2019 07:00:00   ;     0,0
24.10.2019 07:00:00   ;     0,0
25.10.2019 07:00:00   ;     0,0
26.10.2019 07:00:00   ;     0,0
27.10.2019 07:00:00   ;     2,9
28.10.2019 07:00:00   ;     0,6
29.10.2019 07:00:00   ;     0,0
30.10.2019 07:00:00   ;     0,0
31.10.2019 07:00:00   ;     0,0
01.11.2019 07:00:00   ;     0,0
02.11.2019 07:00:00   ;     0,0
03.11.2019 07:00:00   ;     1,8
04.11.2019 07:00:00   ;     1,1
05.11.2019 07:00:00   ;    11,1
06.11.2019 07:00:00   ;     3,5
07.11.2019 07:00:00   ;     0,0
08.11.2019 07:00:00   ;     1,2
09.11.2019 07:00:00   ;     0,5
10.11.2019 07:00:00   ;     0,0
11.11.2019 07:00:00   ;     0,0
12.11.2019 07:00:00   ;     7,9
13.11.2019 07:00:00   ;     6,3
14.11.2019 07:00:00   ;     0,0
15.11.2019 07:00:00   ;     0,0
16.11.2019 07:00:00   ;     0,0
17.11.2019 07:00:00   ;     0,0
18.11.2019 07:00:00   ;     0,6
19.11.2019 07:00:00   ;     0,0
20.11.2019 07:00:00   ;     7,1
21.11.2019 07:00:00   ;     0,0
22.11.2019 07:00:00   ;     0,0
23.11.2019 07:00:00   ;     0,0
24.11.2019 07:00:00   ;     0,0
25.11.2019 07:00:00   ;     0,0
26.11.2019 07:00:00   ;     0,0
27.11.2019 07:00:00   ;     0,0
28.11.2019 07:00:00   ;     0,0
29.11.2019 07:00:00   ;     1,8
30.11.2019 07:00:00   ;     0,0
01.12.2019 07:00:00   ;     3,6
02.12.2019 07:00:00   ;     0,4
03.12.2019 07:00:00   ;     0,0
04.12.2019 07:00:00   ;     0,0
05.12.2019 07:00:00   ;     0,0
06.12.2019 07:00:00   ;     0,0
07.12.2019 07:00:00   ;     0,0
08.12.2019 07:00:00   ;     0,0
09.12.2019 07:00:00   ;     0,0
10.12.2019 07:00:00   ;     0,0
11.12.2019 07:00:00   ;     0,0
12.12.2019 07:00:00   ;     0,6
13.12.2019 07:00:00   ;     0,0
14.12.2019 07:00:00   ;     0,3
15.12.2019 07:00:00   ;     0,3
16.12.2019 07:00:00   ;     0,1
17.12.2019 07:00:00   ;     0,0
18.12.2019 07:00:00   ;     0,0
19.12.2019 07:00:00   ;     0,0
20.12.2019 07:00:00   ;     0,0
21.12.2019 07:00:00   ;    28,6
22.12.2019 07:00:00   ;    10,6
23.12.2019 07:00:00   ;     5,9
24.12.2019 07:00:00   ;     2,6
25.12.2019 07:00:00   ;     0,9
26.12.2019 07:00:00   ;     0,0
27.12.2019 07:00:00   ;     0,0
28.12.2019 07:00:00   ;     1,2
29.12.2019 07:00:00   ;     0,0
30.12.2019 07:00:00   ;     0,0
31.12.2019 07:00:00   ;     0,0
01.01.2020 07:00:00   ;     0,0
02.01.2020 07:00:00   ;     0,0
03.01.2020 07:00:00   ;     0,0
04.01.2020 07:00:00   ;     0,2
05.01.2020 07:00:00   ;     0,0
06.01.2020 07:00:00   ;     0,0
07.01.2020 07:00:00   ;     0,1
08.01.2020 07:00:00   ;     0,6
09.01.2020 07:00:00   ;     0,0
10.01.2020 07:00:00   ;     0,1
11.01.2020 07:00:00   ;     0,4
12.01.2020 07:00:00   ;     0,0
13.01.2020 07:00:00   ;     0,0
14.01.2020 07:00:00   ;     0,0
15.01.2020 07:00:00   ;     0,0
16.01.2020 07:00:00   ;     0,0
17.01.2020 07:00:00   ;     0,0
18.01.2020 07:00:00   ;     4,9
19.01.2020 07:00:00   ;     5,3
20.01.2020 07:00:00   ;     0,0
21.01.2020 07:00:00   ;     0,0
22.01.2020 07:00:00   ;     0,0
23.01.2020 07:00:00   ;     0,0
24.01.2020 07:00:00   ;     0,0
25.01.2020 07:00:00   ;     0,0
26.01.2020 07:00:00   ;     0,0
27.01.2020 07:00:00   ;     0,0
28.01.2020 07:00:00   ;     2,0
29.01.2020 07:00:00   ;     0,5
30.01.2020 07:00:00   ;     0,0
31.01.2020 07:00:00   ;     0,0
01.02.2020 07:00:00   ;     1,5
02.02.2020 07:00:00   ;     7,4
03.02.2020 07:00:00   ;     3,2
04.02.2020 07:00:00   ;     0,3
05.02.2020 07:00:00   ;     0,0
06.02.2020 07:00:00   ;     0,0
07.02.2020 07:00:00   ;     0,0
08.02.2020 07:00:00   ;     0,0
09.02.2020 07:00:00   ;     0,0
10.02.2020 07:00:00   ;     5,4
11.02.2020 07:00:00   ;     1,2
12.02.2020 07:00:00   ;     0,5
13.02.2020 07:00:00   ;     0,0
14.02.2020 07:00:00   ;     0,0
15.02.2020 07:00:00   ;     0,0
16.02.2020 07:00:00   ;     0,0
17.02.2020 07:00:00   ;     0,3
18.02.2020 07:00:00   ;     0,0
19.02.2020 07:00:00   ;     0,5
20.02.2020 07:00:00   ;     0,0
21.02.2020 07:00:00   ;     0,0
22.02.2020 07:00:00   ;     0,0
23.02.2020 07:00:00   ;     1,2
24.02.2020 07:00:00   ;     0,0
25.02.2020 07:00:00   ;     0,5
26.02.2020 07:00:00   ;     0,0
27.02.2020 07:00:00   ;     0,2
28.02.2020 07:00:00   ;     0,0
29.02.2020 07:00:00   ;     0,0
01.03.2020 07:00:00   ;    11,1
02.03.2020 07:00:00   ;     0,0
03.03.2020 07:00:00   ;     1,5
04.03.2020 07:00:00   ;     0,0
05.03.2020 07:00:00   ;     2,5
06.03.2020 07:00:00   ;     1,6
07.03.2020 07:00:00   ;     0,0
08.03.2020 07:00:00   ;     0,0
09.03.2020 07:00:00   ;     0,4
10.03.2020 07:00:00   ;     0,8
11.03.2020 07:00:00   ;     0,0
12.03.2020 07:00:00   ;     0,5
13.03.2020 07:00:00   ;     0,0
14.03.2020 07:00:00   ;     0,0
15.03.2020 07:00:00   ;     0,0
16.03.2020 07:00:00   ;     0,0
17.03.2020 07:00:00   ;     0,0
18.03.2020 07:00:00   ;     0,0
19.03.2020 07:00:00   ;     0,0
20.03.2020 07:00:00   ;     0,9
21.03.2020 07:00:00   ;     0,7
22.03.2020 07:00:00   ;     0,8
23.03.2020 07:00:00   ;     0,0
24.03.2020 07:00:00   ;     0,0
25.03.2020 07:00:00   ;     0,0
26.03.2020 07:00:00   ;     0,0
27.03.2020 07:00:00   ;     0,0
28.03.2020 07:00:00   ;     0,0
29.03.2020 07:00:00   ;     0,0
30.03.2020 07:00:00   ;     0,0
31.03.2020 07:00:00   ;     0,0
01.04.2020 07:00:00   ;     0,0
02.04.2020 07:00:00   ;     0,0
03.04.2020 07:00:00   ;     0,0
04.04.2020 07:00:00   ;     0,0
05.04.2020 07:00:00   ;     0,0
06.04.2020 07:00:00   ;     0,0
07.04.2020 07:00:00   ;     0,0
08.04.2020 07:00:00   ;     0,0
09.04.2020 07:00:00   ;     0,0
10.04.2020 07:00:00   ;     0,0
11.04.2020 07:00:00   ;     0,0
12.04.2020 07:00:00   ;     0,0
13.04.2020 07:00:00   ;     0,4
14.04.2020 07:00:00   ;     0,0
15.04.2020 07:00:00   ;     0,0
16.04.2020 07:00:00   ;     0,0
17.04.2020 07:00:00   ;     0,0
18.04.2020 07:00:00   ;     3,4
19.04.2020 07:00:00   ;     0,9
20.04.2020 07:00:00   ;     0,0
21.04.2020 07:00:00   ;     0,0
22.04.2020 07:00:00   ;     0,0
23.04.2020 07:00:00   ;     0,0
24.04.2020 07:00:00   ;     0,0
25.04.2020 07:00:00   ;     0,0
26.04.2020 07:00:00   ;     0,0
27.04.2020 07:00:00   ;     0,6
28.04.2020 07:00:00   ;     0,3
29.04.2020 07:00:00   ;     1,2
30.04.2020 07:00:00   ;     1,8
01.05.2020 07:00:00   ;     3,0
02.05.2020 07:00:00   ;     0,2
03.05.2020 07:00:00   ;     0,0
04.05.2020 07:00:00   ;     0,9
05.05.2020 07:00:00   ;     0,0
06.05.2020 07:00:00   ;     0,0
07.05.2020 07:00:00   ;     0,0
08.05.2020 07:00:00   ;     0,0
09.05.2020 07:00:00   ;     0,0
10.05.2020 07:00:00   ;     1,8
11.05.2020 07:00:00   ;     3,0
12.05.2020 07:00:00   ;     0,0
13.05.2020 07:00:00   ;     0,5
14.05.2020 07:00:00   ;     6,5
15.05.2020 07:00:00   ;     3,3
16.05.2020 07:00:00   ;     0,0
17.05.2020 07:00:00   ;     0,0
18.05.2020 07:00:00   ;     0,0
19.05.2020 07:00:00   ;     0,0
20.05.2020 07:00:00   ;     0,0
21.05.2020 07:00:00   ;     0,0
22.05.2020 07:00:00   ;     2,9
23.05.2020 07:00:00   ;    17,2
24.05.2020 07:00:00   ;     0,5
25.05.2020 07:00:00   ;     0,4
26.05.2020 07:00:00   ;     9,8
27.05.2020 07:00:00   ;     0,0
28.05.2020 07:00:00   ;     0,0
29.05.2020 07:00:00   ;     0,5
30.05.2020 07:00:00   ;     0,0
31.05.2020 07:00:00   ;     5,7
01.06.2020 07:00:00   ;     0,0
02.06.2020 07:00:00   ;     4,4
03.06.2020 07:00:00   ;     1,0
04.06.2020 07:00:00   ;     5,6
05.06.2020 07:00:00   ;     6,5
06.06.2020 07:00:00   ;     0,0
07.06.2020 07:00:00   ;     2,8
08.06.2020 07:00:00   ;     0,0
09.06.2020 07:00:00   ;     4,5
10.06.2020 07:00:00   ;    20,5
11.06.2020 07:00:00   ;     0,0
12.06.2020 07:00:00   ;     0,0
13.06.2020 07:00:00   ;     0,0
14.06.2020 07:00:00   ;     3,1
15.06.2020 07:00:00   ;     0,0
16.06.2020 07:00:00   ;     0,0
17.06.2020 07:00:00   ;     0,0
18.06.2020 07:00:00   ;     4,4
19.06.2020 07:00:00   ;    13,5
20.06.2020 07:00:00   ;    43,2
21.06.2020 07:00:00   ;    19,3
22.06.2020 07:00:00   ;     0,0
23.06.2020 07:00:00   ;     0,0
24.06.2020 07:00:00   ;     0,0
25.06.2020 07:00:00   ;     0,0
26.06.2020 07:00:00   ;     0,0
27.06.2020 07:00:00   ;     0,0
28.06.2020 07:00:00   ;     0,0
29.06.2020 07:00:00   ;     1,3
30.06.2020 07:00:00   ;     0,0
01.07.2020 07:00:00   ;     0,7
02.07.2020 07:00:00   ;     0,0
03.07.2020 07:00:00   ;     1,9
04.07.2020 07:00:00   ;     0,0
05.07.2020 07:00:00   ;     0,0
06.07.2020 07:00:00   ;     0,0
07.07.2020 07:00:00   ;     0,0
08.07.2020 07:00:00   ;     1,9
09.07.2020 07:00:00   ;     0,0
10.07.2020 07:00:00   ;     0,0
11.07.2020 07:00:00   ;     7,8
12.07.2020 07:00:00   ;     0,0
13.07.2020 07:00:00   ;     0,0
14.07.2020 07:00:00   ;     0,0
15.07.2020 07:00:00   ;     1,1
16.07.2020 07:00:00   ;     4,1
17.07.2020 07:00:00   ;     9,1
18.07.2020 07:00:00   ;     7,5
19.07.2020 07:00:00   ;     0,0
20.07.2020 07:00:00   ;     6,6
21.07.2020 07:00:00   ;     9,4
22.07.2020 07:00:00   ;     0,0
23.07.2020 07:00:00   ;     0,0
24.07.2020 07:00:00   ;     0,0
25.07.2020 07:00:00   ;     0,0
26.07.2020 07:00:00   ;     0,6
27.07.2020 07:00:00   ;     0,0
28.07.2020 07:00:00   ;     4,1
29.07.2020 07:00:00   ;     0,0
30.07.2020 07:00:00   ;     0,0
31.07.2020 07:00:00   ;     0,0
01.08.2020 07:00:00   ;     0,0
02.08.2020 07:00:00   ;     0,7
03.08.2020 07:00:00   ;    10,8
04.08.2020 07:00:00   ;     2,5
05.08.2020 07:00:00   ;     0,8
06.08.2020 07:00:00   ;     0,0
07.08.2020 07:00:00   ;     0,0
08.08.2020 07:00:00   ;     0,0
09.08.2020 07:00:00   ;     0,0
10.08.2020 07:00:00   ;     3,4
11.08.2020 07:00:00   ;     7,1
12.08.2020 07:00:00   ;     0,0
13.08.2020 07:00:00   ;     0,0
14.08.2020 07:00:00   ;     1,2
15.08.2020 07:00:00   ;     3,6
16.08.2020 07:00:00   ;     0,0
17.08.2020 07:00:00   ;     0,0
18.08.2020 07:00:00   ;    15,2
19.08.2020 07:00:00   ;     0,0
20.08.2020 07:00:00   ;     0,0
21.08.2020 07:00:00   ;     0,0
22.08.2020 07:00:00   ;    23,2
23.08.2020 07:00:00   ;     0,0
24.08.2020 07:00:00   ;     0,0
25.08.2020 07:00:00   ;     0,0
26.08.2020 07:00:00   ;     0,0
27.08.2020 07:00:00   ;     0,0
28.08.2020 07:00:00   ;     0,0
29.08.2020 07:00:00   ;    14,2
30.08.2020 07:00:00   ;     2,1
31.08.2020 07:00:00   ;     8,7
01.09.2020 07:00:00   ;     4,9
02.09.2020 07:00:00   ;     0,0
03.09.2020 07:00:00   ;     0,0
04.09.2020 07:00:00   ;     0,0
05.09.2020 07:00:00   ;     6,6
06.09.2020 07:00:00   ;    12,1
07.09.2020 07:00:00   ;     0,0
08.09.2020 07:00:00   ;     0,0
09.09.2020 07:00:00   ;     0,0
10.09.2020 07:00:00   ;     0,0
11.09.2020 07:00:00   ;     0,0
12.09.2020 07:00:00   ;     0,0
13.09.2020 07:00:00   ;     0,0
14.09.2020 07:00:00   ;     0,0
15.09.2020 07:00:00   ;     0,0
16.09.2020 07:00:00   ;     0,0
17.09.2020 07:00:00   ;     0,0
18.09.2020 07:00:00   ;     0,0
19.09.2020 07:00:00   ;     0,0
20.09.2020 07:00:00   ;     0,0
21.09.2020 07:00:00   ;     0,0
22.09.2020 07:00:00   ;     0,0
23.09.2020 07:00:00   ;     0,1
24.09.2020 07:00:00   ;     1,8
25.09.2020 07:00:00   ;    30,5
26.09.2020 07:00:00   ;     0,8
27.09.2020 07:00:00   ;     4,6
28.09.2020 07:00:00   ;     5,7
29.09.2020 07:00:00   ;     3,1
30.09.2020 07:00:00   ;     0,3
01.10.2020 07:00:00   ;     0,0
02.10.2020 07:00:00   ;     0,0
03.10.2020 07:00:00   ;     3,2
04.10.2020 07:00:00   ;     0,0
05.10.2020 07:00:00   ;     0,0
06.10.2020 07:00:00   ;     0,0
07.10.2020 07:00:00   ;     0,0
08.10.2020 07:00:00   ;     0,0
09.10.2020 07:00:00   ;     0,0
10.10.2020 07:00:00   ;     0,0
11.10.2020 07:00:00   ;    23,1
12.10.2020 07:00:00   ;     6,3
13.10.2020 07:00:00   ;    44,9
14.10.2020 07:00:00   ;    12,1
15.10.2020 07:00:00   ;     0,5
16.10.2020 07:00:00   ;    16,2
17.10.2020 07:00:00   ;     0,0
18.10.2020 07:00:00   ;     0,0
19.10.2020 07:00:00   ;     0,0
20.10.2020 07:00:00   ;     0,0
21.10.2020 07:00:00   ;     0,0
22.10.2020 07:00:00   ;     0,0
23.10.2020 07:00:00   ;     4,1
24.10.2020 07:00:00   ;     1,6
25.10.2020 07:00:00   ;     0,1
26.10.2020 07:00:00   ;     0,2
27.10.2020 07:00:00   ;     1,9
28.10.2020 07:00:00   ;     1,0
29.10.2020 07:00:00   ;     5,6
30.10.2020 07:00:00   ;     6,5
31.10.2020 07:00:00   ;     0,3
01.11.2020 07:00:00   ;    10,9
02.11.2020 07:00:00   ;     0,2
03.11.2020 07:00:00   ;     1,3
04.11.2020 07:00:00   ;     0,0
05.11.2020 07:00:00   ;     0,0
06.11.2020 07:00:00   ;     0,0
07.11.2020 07:00:00   ;     0,0
08.11.2020 07:00:00   ;     0,0
09.11.2020 07:00:00   ;     0,0
10.11.2020 07:00:00   ;     0,0
11.11.2020 07:00:00   ;     0,0
12.11.2020 07:00:00   ;     0,0
13.11.2020 07:00:00   ;     0,0
14.11.2020 07:00:00   ;     0,0
15.11.2020 07:00:00   ;     0,5
16.11.2020 07:00:00   ;     0,0
17.11.2020 07:00:00   ;     0,0
18.11.2020 07:00:00   ;     0,0
19.11.2020 07:00:00   ;     4,4
20.11.2020 07:00:00   ;     0,0
21.11.2020 07:00:00   ;     0,0
22.11.2020 07:00:00   ;     0,0
23.11.2020 07:00:00   ;     0,9
24.11.2020 07:00:00   ;     0,0
25.11.2020 07:00:00   ;     0,0
26.11.2020 07:00:00   ;     0,0
27.11.2020 07:00:00   ;     0,0
28.11.2020 07:00:00   ;     0,0
29.11.2020 07:00:00   ;     0,0
30.11.2020 07:00:00   ;     0,0
01.12.2020 07:00:00   ;     0,0
02.12.2020 07:00:00   ;     2,6
03.12.2020 07:00:00   ;     1,4
04.12.2020 07:00:00   ;     0,0
05.12.2020 07:00:00   ;     0,0
06.12.2020 07:00:00   ;     0,0
07.12.2020 07:00:00   ;     0,1
08.12.2020 07:00:00   ;     0,0
09.12.2020 07:00:00   ;     2,5
10.12.2020 07:00:00   ;     1,5
11.12.2020 07:00:00   ;     0,1
12.12.2020 07:00:00   ;     0,1
13.12.2020 07:00:00   ;     0,0
14.12.2020 07:00:00   ;     0,0
15.12.2020 07:00:00   ;     0,0
16.12.2020 07:00:00   ;     0,0
17.12.2020 07:00:00   ;     0,0
18.12.2020 07:00:00   ;     1,4
19.12.2020 07:00:00   ;     1,9
20.12.2020 07:00:00   ;     0,3
21.12.2020 07:00:00   ;     0,0
22.12.2020 07:00:00   ;     1,3
23.12.2020 07:00:00   ;     0,4
24.12.2020 07:00:00   ;     4,6
25.12.2020 07:00:00   ;     0,1
26.12.2020 07:00:00   ;     0,0
27.12.2020 07:00:00   ;     0,0
28.12.2020 07:00:00   ;     0,6
29.12.2020 07:00:00   ;     0,0
30.12.2020 07:00:00   ;     0,0
31.12.2020 07:00:00   ;     0,0
01.01.2021 07:00:00   ;     0,0
02.01.2021 07:00:00   ;     0,0
03.01.2021 07:00:00   ;     0,0
04.01.2021 07:00:00   ;     0,5
05.01.2021 07:00:00   ;     2,4
06.01.2021 07:00:00   ;     5,6
07.01.2021 07:00:00   ;     0,0
08.01.2021 07:00:00   ;     0,9
09.01.2021 07:00:00   ;     0,0
10.01.2021 07:00:00   ;     0,0
11.01.2021 07:00:00   ;     0,0
12.01.2021 07:00:00   ;     0,0
13.01.2021 07:00:00   ;     0,7
14.01.2021 07:00:00   ;     0,0
15.01.2021 07:00:00   ;     0,2
16.01.2021 07:00:00   ;     0,1
17.01.2021 07:00:00   ;     0,0
18.01.2021 07:00:00   ;     0,3
19.01.2021 07:00:00   ;     0,6
20.01.2021 07:00:00   ;     0,0
21.01.2021 07:00:00   ;     0,0
22.01.2021 07:00:00   ;     0,0
23.01.2021 07:00:00   ;     0,7
24.01.2021 07:00:00   ;     0,0
25.01.2021 07:00:00   ;     0,8
26.01.2021 07:00:00   ;     1,7
27.01.2021 07:00:00   ;     0,0
28.01.2021 07:00:00   ;     6,1
29.01.2021 07:00:00   ;     6,9
30.01.2021 07:00:00   ;     0,3
31.01.2021 07:00:00   ;     0,0
01.02.2021 07:00:00   ;     0,0
02.02.2021 07:00:00   ;     1,2
03.02.2021 07:00:00   ;     0,0
04.02.2021 07:00:00   ;     0,0
05.02.2021 07:00:00   ;     0,9
06.02.2021 07:00:00   ;     1,5
07.02.2021 07:00:00   ;     6,8
08.02.2021 07:00:00   ;     0,3
09.02.2021 07:00:00   ;     0,0
10.02.2021 07:00:00   ;     1,6
11.02.2021 07:00:00   ;     0,0
12.02.2021 07:00:00   ;     0,0
13.02.2021 07:00:00   ;     0,0
14.02.2021 07:00:00   ;     0,0
15.02.2021 07:00:00   ;     1,7
16.02.2021 07:00:00   ;     0,5
17.02.2021 07:00:00   ;     0,7
18.02.2021 07:00:00   ;     0,0
19.02.2021 07:00:00   ;     0,0
20.02.2021 07:00:00   ;     0,0
21.02.2021 07:00:00   ;     0,3
22.02.2021 07:00:00   ;     0,0
23.02.2021 07:00:00   ;     0,0
24.02.2021 07:00:00   ;     0,0
25.02.2021 07:00:00   ;     0,0
26.02.2021 07:00:00   ;     1,2
27.02.2021 07:00:00   ;     0,0
28.02.2021 07:00:00   ;     0,0
01.03.2021 07:00:00   ;     0,0
02.03.2021 07:00:00   ;     0,0
03.03.2021 07:00:00   ;     0,0
04.03.2021 07:00:00   ;     4,3
05.03.2021 07:00:00   ;     4,7
06.03.2021 07:00:00   ;     0,0
07.03.2021 07:00:00   ;     0,0
08.03.2021 07:00:00   ;     0,0
09.03.2021 07:00:00   ;     0,0
10.03.2021 07:00:00   ;     0,0
11.03.2021 07:00:00   ;     3,4
12.03.2021 07:00:00   ;     0,0
13.03.2021 07:00:00   ;     0,0
14.03.2021 07:00:00   ;     0,9
15.03.2021 07:00:00   ;     0,0
16.03.2021 07:00:00   ;     0,0
17.03.2021 07:00:00   ;     0,0
18.03.2021 07:00:00   ;     0,2
19.03.2021 07:00:00   ;     5,1
20.03.2021 07:00:00   ;     2,5
21.03.2021 07:00:00   ;     1,1
22.03.2021 07:00:00   ;     0,0
23.03.2021 07:00:00   ;     0,0
24.03.2021 07:00:00   ;     0,0
25.03.2021 07:00:00   ;     0,0
26.03.2021 07:00:00   ;     0,0
27.03.2021 07:00:00   ;     0,0
28.03.2021 07:00:00   ;     0,0
29.03.2021 07:00:00   ;     0,0
30.03.2021 07:00:00   ;     0,0
31.03.2021 07:00:00   ;     0,0
01.04.2021 07:00:00   ;     0,0
02.04.2021 07:00:00   ;     0,0
03.04.2021 07:00:00   ;     2,0
04.04.2021 07:00:00   ;     0,0
05.04.2021 07:00:00   ;     0,0
06.04.2021 07:00:00   ;     0,0
07.04.2021 07:00:00   ;     0,0
08.04.2021 07:00:00   ;     0,0
09.04.2021 07:00:00   ;     0,0
10.04.2021 07:00:00   ;     0,0
11.04.2021 07:00:00   ;     0,0
12.04.2021 07:00:00   ;     7,4
13.04.2021 07:00:00   ;    17,8
14.04.2021 07:00:00   ;     0,0
15.04.2021 07:00:00   ;     0,0
16.04.2021 07:00:00   ;     0,0
17.04.2021 07:00:00   ;     0,2
18.04.2021 07:00:00   ;     0,6
19.04.2021 07:00:00   ;     0,5
20.04.2021 07:00:00   ;     0,0
21.04.2021 07:00:00   ;     2,2
22.04.2021 07:00:00   ;     0,8
23.04.2021 07:00:00   ;     0,0
24.04.2021 07:00:00   ;     0,0
25.04.2021 07:00:00   ;     0,0
26.04.2021 07:00:00   ;     0,0
27.04.2021 07:00:00   ;     0,0
28.04.2021 07:00:00   ;     0,0
29.04.2021 07:00:00   ;     0,6
30.04.2021 07:00:00   ;     0,0
01.05.2021 07:00:00   ;     1,6
02.05.2021 07:00:00   ;     0,0
03.05.2021 07:00:00   ;     0,0
04.05.2021 07:00:00   ;     0,0
05.05.2021 07:00:00   ;     2,4
06.05.2021 07:00:00   ;     0,0
07.05.2021 07:00:00   ;     0,0
08.05.2021 07:00:00   ;     0,0
09.05.2021 07:00:00   ;     0,0
10.05.2021 07:00:00   ;     0,0
11.05.2021 07:00:00   ;     0,0
12.05.2021 07:00:00   ;    18,5
13.05.2021 07:00:00   ;    20,2
14.05.2021 07:00:00   ;     5,5
15.05.2021 07:00:00   ;    14,5
16.05.2021 07:00:00   ;     0,3
17.05.2021 07:00:00   ;     0,8
18.05.2021 07:00:00   ;     0,0
19.05.2021 07:00:00   ;     6,6
20.05.2021 07:00:00   ;     1,5
21.05.2021 07:00:00   ;     0,0
22.05.2021 07:00:00   ;     1,9
23.05.2021 07:00:00   ;     6,6
24.05.2021 07:00:00   ;     7,4
25.05.2021 07:00:00   ;     0,0
26.05.2021 07:00:00   ;     0,0
27.05.2021 07:00:00   ;     0,6
28.05.2021 07:00:00   ;     0,0
29.05.2021 07:00:00   ;     3,0
30.05.2021 07:00:00   ;     1,6
31.05.2021 07:00:00   ;     0,0
01.06.2021 07:00:00   ;     0,0
02.06.2021 07:00:00   ;     0,0
03.06.2021 07:00:00   ;     0,0
04.06.2021 07:00:00   ;     0,0
05.06.2021 07:00:00   ;     0,0
06.06.2021 07:00:00   ;     0,0
07.06.2021 07:00:00   ;     0,0
08.06.2021 07:00:00   ;     0,0
09.06.2021 07:00:00   ;     0,0
10.06.2021 07:00:00   ;     0,0
11.06.2021 07:00:00   ;     5,4
12.06.2021 07:00:00   ;     9,8
13.06.2021 07:00:00   ;     0,0
14.06.2021 07:00:00   ;     0,0
15.06.2021 07:00:00   ;     0,0
16.06.2021 07:00:00   ;     0,0
17.06.2021 07:00:00   ;     0,0
18.06.2021 07:00:00   ;     0,0
19.06.2021 07:00:00   ;     0,0
20.06.2021 07:00:00   ;     0,0
21.06.2021 07:00:00   ;     0,0
22.06.2021 07:00:00   ;     0,0
23.06.2021 07:00:00   ;     0,0
24.06.2021 07:00:00   ;     1,7
25.06.2021 07:00:00   ;     0,1
26.06.2021 07:00:00   ;     0,0
27.06.2021 07:00:00   ;     0,0
28.06.2021 07:00:00   ;     0,0
29.06.2021 07:00:00   ;     0,0
30.06.2021 07:00:00   ;     3,6
01.07.2021 07:00:00   ;     0,0
02.07.2021 07:00:00   ;     0,0
03.07.2021 07:00:00   ;     0,0
04.07.2021 07:00:00   ;     0,0
05.07.2021 07:00:00   ;     0,0
06.07.2021 07:00:00   ;     0,0
07.07.2021 07:00:00   ;     0,0
08.07.2021 07:00:00   ;     2,7
09.07.2021 07:00:00   ;     0,0
10.07.2021 07:00:00   ;     0,0
11.07.2021 07:00:00   ;     1,7
12.07.2021 07:00:00   ;     0,0
13.07.2021 07:00:00   ;    16,7
14.07.2021 07:00:00   ;     9,4
15.07.2021 07:00:00   ;     0,0
16.07.2021 07:00:00   ;     0,0
17.07.2021 07:00:00   ;     0,8
18.07.2021 07:00:00   ;     5,1
19.07.2021 07:00:00   ;     0,0
20.07.2021 07:00:00   ;     0,0
21.07.2021 07:00:00   ;     0,0
22.07.2021 07:00:00   ;     0,0
23.07.2021 07:00:00   ;     0,0
24.07.2021 07:00:00   ;    25,8
25.07.2021 07:00:00   ;     9,3
26.07.2021 07:00:00   ;     0,0
27.07.2021 07:00:00   ;     0,0
28.07.2021 07:00:00   ;    17,5
29.07.2021 07:00:00   ;     0,0
30.07.2021 07:00:00   ;     0,0
31.07.2021 07:00:00   ;    12,7
01.08.2021 07:00:00   ;     2,3
02.08.2021 07:00:00   ;     2,2
03.08.2021 07:00:00   ;     0,0
04.08.2021 07:00:00   ;     5,8
05.08.2021 07:00:00   ;    11,4
06.08.2021 07:00:00   ;     1,2
07.08.2021 07:00:00   ;     0,8
08.08.2021 07:00:00   ;     3,9
09.08.2021 07:00:00   ;     0,5
10.08.2021 07:00:00   ;     3,9
11.08.2021 07:00:00   ;     0,0
12.08.2021 07:00:00   ;     0,0
13.08.2021 07:00:00   ;     0,0
14.08.2021 07:00:00   ;     0,0
15.08.2021 07:00:00   ;     0,0
16.08.2021 07:00:00   ;    23,2
17.08.2021 07:00:00   ;     0,0
18.08.2021 07:00:00   ;     0,0
19.08.2021 07:00:00   ;     0,0
20.08.2021 07:00:00   ;     0,0
21.08.2021 07:00:00   ;     0,0
22.08.2021 07:00:00   ;    17,4
23.08.2021 07:00:00   ;     1,4
24.08.2021 07:00:00   ;     1,1
25.08.2021 07:00:00   ;     0,0
26.08.2021 07:00:00   ;     4,1
27.08.2021 07:00:00   ;     3,1
28.08.2021 07:00:00   ;     1,3
29.08.2021 07:00:00   ;     4,5
30.08.2021 07:00:00   ;     2,5
31.08.2021 07:00:00   ;     4,6
01.09.2021 07:00:00   ;     0,0
02.09.2021 07:00:00   ;     0,0
03.09.2021 07:00:00   ;     0,0
04.09.2021 07:00:00   ;     0,0
05.09.2021 07:00:00   ;     0,0
06.09.2021 07:00:00   ;     0,0
07.09.2021 07:00:00   ;     0,0
08.09.2021 07:00:00   ;     0,0
09.09.2021 07:00:00   ;     0,0
10.09.2021 07:00:00   ;     0,0
11.09.2021 07:00:00   ;     0,0
12.09.2021 07:00:00   ;     0,0
13.09.2021 07:00:00   ;     0,0
14.09.2021 07:00:00   ;     0,0
15.09.2021 07:00:00   ;     0,0
16.09.2021 07:00:00   ;     7,9
17.09.2021 07:00:00   ;     0,0
18.09.2021 07:00:00   ;     0,9
19.09.2021 07:00:00   ;     0,0
20.09.2021 07:00:00   ;     0,0
21.09.2021 07:00:00   ;     1,9
22.09.2021 07:00:00   ;     3,5
23.09.2021 07:00:00   ;     0,0
24.09.2021 07:00:00   ;     0,0
25.09.2021 07:00:00   ;     0,0
26.09.2021 07:00:00   ;     0,0
27.09.2021 07:00:00   ;     6,5
28.09.2021 07:00:00   ;     0,0
29.09.2021 07:00:00   ;     0,0
30.09.2021 07:00:00   ;     0,0
01.10.2021 07:00:00   ;     0,0
02.10.2021 07:00:00   ;     0,0
03.10.2021 07:00:00   ;     0,0
04.10.2021 07:00:00   ;     0,0
05.10.2021 07:00:00   ;     0,0
06.10.2021 07:00:00   ;    15,9
07.10.2021 07:00:00   ;     2,6
08.10.2021 07:00:00   ;     0,0
09.10.2021 07:00:00   ;     0,0
10.10.2021 07:00:00   ;     0,0
11.10.2021 07:00:00   ;     1,2
12.10.2021 07:00:00   ;     1,7
13.10.2021 07:00:00   ;     0,7
14.10.2021 07:00:00   ;     0,0
15.10.2021 07:00:00   ;     0,0
16.10.2021 07:00:00   ;     0,0
17.10.2021 07:00:00   ;     0,0
18.10.2021 07:00:00   ;     0,0
19.10.2021 07:00:00   ;     0,0
20.10.2021 07:00:00   ;     0,0
21.10.2021 07:00:00   ;     0,0
22.10.2021 07:00:00   ;     0,0
23.10.2021 07:00:00   ;     0,0
24.10.2021 07:00:00   ;     0,0
25.10.2021 07:00:00   ;     0,0
26.10.2021 07:00:00   ;     0,0
27.10.2021 07:00:00   ;     0,0
28.10.2021 07:00:00   ;     0,0
29.10.2021 07:00:00   ;     0,0
30.10.2021 07:00:00   ;     0,0
31.10.2021 07:00:00   ;     0,0
01.11.2021 07:00:00   ;    11,9
02.11.2021 07:00:00   ;     0,4
03.11.2021 07:00:00   ;     3,1
04.11.2021 07:00:00   ;     0,0
05.11.2021 07:00:00   ;     0,0
06.11.2021 07:00:00   ;     0,0
07.11.2021 07:00:00   ;     0,0
08.11.2021 07:00:00   ;     0,0
09.11.2021 07:00:00   ;     0,0
10.11.2021 07:00:00   ;     0,0
11.11.2021 07:00:00   ;     0,8
12.11.2021 07:00:00   ;     0,0
13.11.2021 07:00:00   ;     0,5
14.11.2021 07:00:00   ;     0,0
15.11.2021 07:00:00   ;     0,0
16.11.2021 07:00:00   ;     0,0
17.11.2021 07:00:00   ;     0,4
18.11.2021 07:00:00   ;     0,0
19.11.2021 07:00:00   ;     0,0
20.11.2021 07:00:00   ;     0,5
21.11.2021 07:00:00   ;     0,0
22.11.2021 07:00:00   ;     0,9
23.11.2021 07:00:00   ;     0,0
24.11.2021 07:00:00   ;     0,0
25.11.2021 07:00:00   ;     0,2
26.11.2021 07:00:00   ;    18,1
27.11.2021 07:00:00   ;     1,3
28.11.2021 07:00:00   ;     4,1
29.11.2021 07:00:00   ;     0,0
30.11.2021 07:00:00   ;     0,5
01.12.2021 07:00:00   ;     0,0
02.12.2021 07:00:00   ;     0,0
03.12.2021 07:00:00   ;     0,0
04.12.2021 07:00:00   ;     8,1
05.12.2021 07:00:00   ;     5,1
06.12.2021 07:00:00   ;     0,0
07.12.2021 07:00:00   ;     0,0
08.12.2021 07:00:00   ;     3,7
09.12.2021 07:00:00   ;    12,0
10.12.2021 07:00:00   ;     0,0
11.12.2021 07:00:00   ;     0,0
12.12.2021 07:00:00   ;     0,3
13.12.2021 07:00:00   ;     0,1
14.12.2021 07:00:00   ;     0,0
15.12.2021 07:00:00   ;     0,0
16.12.2021 07:00:00   ;     1,6
17.12.2021 07:00:00   ;     0,0
18.12.2021 07:00:00   ;     0,0
19.12.2021 07:00:00   ;     0,3
20.12.2021 07:00:00   ;     0,0
21.12.2021 07:00:00   ;     0,0
22.12.2021 07:00:00   ;     0,0
23.12.2021 07:00:00   ;     0,8
24.12.2021 07:00:00   ;     0,4
25.12.2021 07:00:00   ;     3,4
26.12.2021 07:00:00   ;     0,0
27.12.2021 07:00:00   ;     0,0
28.12.2021 07:00:00   ;     4,1
29.12.2021 07:00:00   ;     3,6
30.12.2021 07:00:00   ;     0,5
31.12.2021 07:00:00   ;     0,0
01.01.2022 07:00:00   ;Lücke
