Messstelle:                ;Bangs
HZB-Nummer:                ;200014
HD-Nummer:                 ;
DBMS-Nummer:               ;8001001
Gewässer:                  ;Rhein
Sachgebiet:                ;OWF
Dienststelle:              ;HD-Vorarlberg
Messstellenbetreiber:      ;Hydrographischer Dienst
orogr.Einzugsgebiet [km²]: ;4654,41
Pegelnullpunkt:
  gültig seit:             ;Höhe [m ü.A.]:
   01.01.1976              ;00422,94
   01.01.1996              ;00419,93
Bundesmeldenetz(BMN)-Koordinaten:
  gültig seit:             ;Rechtswert y [m] - Hochwert x [m]:
   01.01.1856              ;89562,00 - 237581,00
   01.01.1996              ;89604,00 - 237523,00
Exportzeitreihe:           ;(8001001,Wasserstand,I,Mit,T,1,F,Z,0,,,)
Einheit:                   ;[cm]
Exportzeitraum:            ;[01.01.1976 02:00,01.01.2022 00:00]
Der Intervallwert gilt bis zum nächsten Zeitpunkt mit einem Wert oder Lücke
Werte:
01.01.1976 02:00:00;   226
02.01.1976 00:00:00;   225
03.01.1976 00:00:00;   227
04.01.1976 00:00:00;   228
05.01.1976 00:00:00;   227
06.01.1976 00:00:00;   233
07.01.1976 00:00:00;   228
08.01.1976 00:00:00;   229
09.01.1976 00:00:00;   231
10.01.1976 00:00:00;   232
11.01.1976 00:00:00;   235
12.01.1976 00:00:00;   235
13.01.1976 00:00:00;   236
14.01.1976 00:00:00;   235
15.01.1976 00:00:00;   235
16.01.1976 00:00:00;   233
17.01.1976 00:00:00;   233
18.01.1976 00:00:00;   229
19.01.1976 00:00:00;   221
20.01.1976 00:00:00;   232
21.01.1976 00:00:00;   232
22.01.1976 00:00:00;   236
23.01.1976 00:00:00;   246
24.01.1976 00:00:00;   242
25.01.1976 00:00:00;   232
26.01.1976 00:00:00;   226
27.01.1976 00:00:00;   229
28.01.1976 00:00:00;   231
29.01.1976 00:00:00;   232
30.01.1976 00:00:00;   231
31.01.1976 00:00:00;   227
01.02.1976 00:00:00;   224
02.02.1976 00:00:00;   225
03.02.1976 00:00:00;   230
04.02.1976 00:00:00;   236
05.02.1976 00:00:00;   234
06.02.1976 00:00:00;   233
07.02.1976 00:00:00;   234
08.02.1976 00:00:00;   230
09.02.1976 00:00:00;   228
10.02.1976 00:00:00;   230
11.02.1976 00:00:00;   234
12.02.1976 00:00:00;   233
13.02.1976 00:00:00;   234
14.02.1976 00:00:00;   235
15.02.1976 00:00:00;   223
16.02.1976 00:00:00;   222
17.02.1976 00:00:00;   224
18.02.1976 00:00:00;   228
19.02.1976 00:00:00;   232
20.02.1976 00:00:00;   235
21.02.1976 00:00:00;   232
22.02.1976 00:00:00;   225
23.02.1976 00:00:00;   221
24.02.1976 00:00:00;   225
25.02.1976 00:00:00;   230
26.02.1976 00:00:00;   230
27.02.1976 00:00:00;   239
28.02.1976 00:00:00;   237
29.02.1976 00:00:00;   231
01.03.1976 00:00:00;   229
02.03.1976 00:00:00;   234
03.03.1976 00:00:00;   237
04.03.1976 00:00:00;   238
05.03.1976 00:00:00;   245
06.03.1976 00:00:00;   237
07.03.1976 00:00:00;   238
08.03.1976 00:00:00;   252
09.03.1976 00:00:00;   246
10.03.1976 00:00:00;   241
11.03.1976 00:00:00;   238
12.03.1976 00:00:00;   238
13.03.1976 00:00:00;   237
14.03.1976 00:00:00;   229
15.03.1976 00:00:00;   227
16.03.1976 00:00:00;   235
17.03.1976 00:00:00;   234
18.03.1976 00:00:00;   232
19.03.1976 00:00:00;   232
20.03.1976 00:00:00;   231
21.03.1976 00:00:00;   227
22.03.1976 00:00:00;   224
23.03.1976 00:00:00;   234
24.03.1976 00:00:00;   235
25.03.1976 00:00:00;   233
26.03.1976 00:00:00;   238
27.03.1976 00:00:00;   235
28.03.1976 00:00:00;   227
29.03.1976 00:00:00;   219
30.03.1976 00:00:00;   231
31.03.1976 00:00:00;   236
01.04.1976 00:00:00;   241
02.04.1976 00:00:00;   253
03.04.1976 00:00:00;   262
04.04.1976 00:00:00;   254
05.04.1976 00:00:00;   242
06.04.1976 00:00:00;   246
07.04.1976 00:00:00;   253
08.04.1976 00:00:00;   251
09.04.1976 00:00:00;   249
10.04.1976 00:00:00;   248
11.04.1976 00:00:00;   234
12.04.1976 00:00:00;   234
13.04.1976 00:00:00;   239
14.04.1976 00:00:00;   239
15.04.1976 00:00:00;   242
16.04.1976 00:00:00;   242
17.04.1976 00:00:00;   242
18.04.1976 00:00:00;   241
19.04.1976 00:00:00;   256
20.04.1976 00:00:00;   258
21.04.1976 00:00:00;   257
22.04.1976 00:00:00;   259
23.04.1976 00:00:00;   259
24.04.1976 00:00:00;   264
25.04.1976 00:00:00;   255
26.04.1976 00:00:00;   263
27.04.1976 00:00:00;   249
28.04.1976 00:00:00;   246
29.04.1976 00:00:00;   248
30.04.1976 00:00:00;   244
01.05.1976 00:00:00;   244
02.05.1976 00:00:00;   242
03.05.1976 00:00:00;   244
04.05.1976 00:00:00;   252
05.05.1976 00:00:00;   267
06.05.1976 00:00:00;   278
07.05.1976 00:00:00;   290
08.05.1976 00:00:00;   297
09.05.1976 00:00:00;   304
10.05.1976 00:00:00;   299
11.05.1976 00:00:00;   305
12.05.1976 00:00:00;   308
13.05.1976 00:00:00;   299
14.05.1976 00:00:00;   292
15.05.1976 00:00:00;   289
16.05.1976 00:00:00;   285
17.05.1976 00:00:00;   287
18.05.1976 00:00:00;   291
19.05.1976 00:00:00;   291
20.05.1976 00:00:00;   297
21.05.1976 00:00:00;   296
22.05.1976 00:00:00;   289
23.05.1976 00:00:00;   279
24.05.1976 00:00:00;   269
25.05.1976 00:00:00;   270
26.05.1976 00:00:00;   269
27.05.1976 00:00:00;   268
28.05.1976 00:00:00;   267
29.05.1976 00:00:00;   270
30.05.1976 00:00:00;   277
31.05.1976 00:00:00;   281
01.06.1976 00:00:00;   288
02.06.1976 00:00:00;   333
03.06.1976 00:00:00;   309
04.06.1976 00:00:00;   291
05.06.1976 00:00:00;   284
06.06.1976 00:00:00;   272
07.06.1976 00:00:00;   270
08.06.1976 00:00:00;   283
09.06.1976 00:00:00;   290
10.06.1976 00:00:00;   294
11.06.1976 00:00:00;   296
12.06.1976 00:00:00;   297
13.06.1976 00:00:00;   296
14.06.1976 00:00:00;   295
15.06.1976 00:00:00;   294
16.06.1976 00:00:00;   294
17.06.1976 00:00:00;   296
18.06.1976 00:00:00;   288
19.06.1976 00:00:00;   284
20.06.1976 00:00:00;   285
21.06.1976 00:00:00;   285
22.06.1976 00:00:00;   287
23.06.1976 00:00:00;   294
24.06.1976 00:00:00;   290
25.06.1976 00:00:00;   286
26.06.1976 00:00:00;   282
27.06.1976 00:00:00;   284
28.06.1976 00:00:00;   278
29.06.1976 00:00:00;   279
30.06.1976 00:00:00;   282
01.07.1976 00:00:00;   280
02.07.1976 00:00:00;   277
03.07.1976 00:00:00;   276
04.07.1976 00:00:00;   271
05.07.1976 00:00:00;   266
06.07.1976 00:00:00;   269
07.07.1976 00:00:00;   269
08.07.1976 00:00:00;   265
09.07.1976 00:00:00;   268
10.07.1976 00:00:00;   291
11.07.1976 00:00:00;   281
12.07.1976 00:00:00;   273
13.07.1976 00:00:00;   263
14.07.1976 00:00:00;   257
15.07.1976 00:00:00;   255
16.07.1976 00:00:00;   255
17.07.1976 00:00:00;   250
18.07.1976 00:00:00;   266
19.07.1976 00:00:00;   258
20.07.1976 00:00:00;   256
21.07.1976 00:00:00;   255
22.07.1976 00:00:00;   254
23.07.1976 00:00:00;   264
24.07.1976 00:00:00;   259
25.07.1976 00:00:00;   262
26.07.1976 00:00:00;   301
27.07.1976 00:00:00;   342
28.07.1976 00:00:00;   305
29.07.1976 00:00:00;   291
30.07.1976 00:00:00;   288
31.07.1976 00:00:00;   282
01.08.1976 00:00:00;   293
02.08.1976 00:00:00;   281
03.08.1976 00:00:00;   271
04.08.1976 00:00:00;   269
05.08.1976 00:00:00;   264
06.08.1976 00:00:00;   260
07.08.1976 00:00:00;   258
08.08.1976 00:00:00;   258
09.08.1976 00:00:00;   260
10.08.1976 00:00:00;   261
11.08.1976 00:00:00;   267
12.08.1976 00:00:00;   257
13.08.1976 00:00:00;   252
14.08.1976 00:00:00;   252
15.08.1976 00:00:00;   247
16.08.1976 00:00:00;   246
17.08.1976 00:00:00;   251
18.08.1976 00:00:00;   251
19.08.1976 00:00:00;   249
20.08.1976 00:00:00;   249
21.08.1976 00:00:00;   246
22.08.1976 00:00:00;   242
23.08.1976 00:00:00;   241
24.08.1976 00:00:00;   241
25.08.1976 00:00:00;   239
26.08.1976 00:00:00;   241
27.08.1976 00:00:00;   241
28.08.1976 00:00:00;   244
29.08.1976 00:00:00;   251
30.08.1976 00:00:00;   258
31.08.1976 00:00:00;   275
01.09.1976 00:00:00;   261
02.09.1976 00:00:00;   257
03.09.1976 00:00:00;   258
04.09.1976 00:00:00;   261
05.09.1976 00:00:00;   260
06.09.1976 00:00:00;   258
07.09.1976 00:00:00;   254
08.09.1976 00:00:00;   255
09.09.1976 00:00:00;   255
10.09.1976 00:00:00;   256
11.09.1976 00:00:00;   256
12.09.1976 00:00:00;   257
13.09.1976 00:00:00;   276
14.09.1976 00:00:00;   357
15.09.1976 00:00:00;   363
16.09.1976 00:00:00;   332
17.09.1976 00:00:00;   320
18.09.1976 00:00:00;   318
19.09.1976 00:00:00;   295
20.09.1976 00:00:00;   288
21.09.1976 00:00:00;   284
22.09.1976 00:00:00;   270
23.09.1976 00:00:00;   266
24.09.1976 00:00:00;   267
25.09.1976 00:00:00;   269
26.09.1976 00:00:00;   266
27.09.1976 00:00:00;   262
28.09.1976 00:00:00;   300
29.09.1976 00:00:00;   495
30.09.1976 00:00:00;   457
01.10.1976 00:00:00;   384
02.10.1976 00:00:00;   363
03.10.1976 00:00:00;   361
04.10.1976 00:00:00;   387
05.10.1976 00:00:00;   388
06.10.1976 00:00:00;   370
07.10.1976 00:00:00;   359
08.10.1976 00:00:00;   378
09.10.1976 00:00:00;   329
10.10.1976 00:00:00;   312
11.10.1976 00:00:00;   331
12.10.1976 00:00:00;   335
13.10.1976 00:00:00;   331
14.10.1976 00:00:00;   328
15.10.1976 00:00:00;   326
16.10.1976 00:00:00;   314
17.10.1976 00:00:00;   261
18.10.1976 00:00:00;   290
19.10.1976 00:00:00;   296
20.10.1976 00:00:00;   296
21.10.1976 00:00:00;   292
22.10.1976 00:00:00;   286
23.10.1976 00:00:00;   286
24.10.1976 00:00:00;   284
25.10.1976 00:00:00;   280
26.10.1976 00:00:00;   279
27.10.1976 00:00:00;   279
28.10.1976 00:00:00;   280
29.10.1976 00:00:00;   279
30.10.1976 00:00:00;   282
31.10.1976 00:00:00;   302
01.11.1976 00:00:00;   294
02.11.1976 00:00:00;   286
03.11.1976 00:00:00;   285
04.11.1976 00:00:00;   284
05.11.1976 00:00:00;   285
06.11.1976 00:00:00;   288
07.11.1976 00:00:00;   286
08.11.1976 00:00:00;   287
09.11.1976 00:00:00;   281
10.11.1976 00:00:00;   284
11.11.1976 00:00:00;   298
12.11.1976 00:00:00;   294
13.11.1976 00:00:00;   293
14.11.1976 00:00:00;   286
15.11.1976 00:00:00;   286
16.11.1976 00:00:00;   286
17.11.1976 00:00:00;   285
18.11.1976 00:00:00;   285
19.11.1976 00:00:00;   284
20.11.1976 00:00:00;   283
21.11.1976 00:00:00;   280
22.11.1976 00:00:00;   278
23.11.1976 00:00:00;   276
24.11.1976 00:00:00;   277
25.11.1976 00:00:00;   276
26.11.1976 00:00:00;   275
27.11.1976 00:00:00;   278
28.11.1976 00:00:00;   273
29.11.1976 00:00:00;   269
30.11.1976 00:00:00;   272
01.12.1976 00:00:00;   277
02.12.1976 00:00:00;   275
03.12.1976 00:00:00;   279
04.12.1976 00:00:00;   274
05.12.1976 00:00:00;   270
06.12.1976 00:00:00;   270
07.12.1976 00:00:00;   273
08.12.1976 00:00:00;   272
09.12.1976 00:00:00;   269
10.12.1976 00:00:00;   274
11.12.1976 00:00:00;   273
12.12.1976 00:00:00;   270
13.12.1976 00:00:00;   266
14.12.1976 00:00:00;   273
15.12.1976 00:00:00;   275
16.12.1976 00:00:00;   273
17.12.1976 00:00:00;   273
18.12.1976 00:00:00;   271
19.12.1976 00:00:00;   265
20.12.1976 00:00:00;   264
21.12.1976 00:00:00;   270
22.12.1976 00:00:00;   273
23.12.1976 00:00:00;   271
24.12.1976 00:00:00;   269
25.12.1976 00:00:00;   265
26.12.1976 00:00:00;   258
27.12.1976 00:00:00;   255
28.12.1976 00:00:00;   265
29.12.1976 00:00:00;   271
30.12.1976 00:00:00;   274
31.12.1976 00:00:00;   275
01.01.1977 00:00:00;   270
02.01.1977 00:00:00;   262
03.01.1977 00:00:00;   262
04.01.1977 00:00:00;   266
05.01.1977 00:00:00;   265
06.01.1977 00:00:00;   268
07.01.1977 00:00:00;   267
08.01.1977 00:00:00;   269
09.01.1977 00:00:00;   266
10.01.1977 00:00:00;   261
11.01.1977 00:00:00;   266
12.01.1977 00:00:00;   270
13.01.1977 00:00:00;   272
14.01.1977 00:00:00;   271
15.01.1977 00:00:00;   271
16.01.1977 00:00:00;   264
17.01.1977 00:00:00;   265
18.01.1977 00:00:00;   269
19.01.1977 00:00:00;   270
20.01.1977 00:00:00;   268
21.01.1977 00:00:00;   269
22.01.1977 00:00:00;   268
23.01.1977 00:00:00;   264
24.01.1977 00:00:00;   258
25.01.1977 00:00:00;   265
26.01.1977 00:00:00;   264
27.01.1977 00:00:00;   262
28.01.1977 00:00:00;   262
29.01.1977 00:00:00;   262
30.01.1977 00:00:00;   260
31.01.1977 00:00:00;   257
01.02.1977 00:00:00;   260
02.02.1977 00:00:00;   262
03.02.1977 00:00:00;   266
04.02.1977 00:00:00;   267
05.02.1977 00:00:00;   266
06.02.1977 00:00:00;   265
07.02.1977 00:00:00;   267
08.02.1977 00:00:00;   268
09.02.1977 00:00:00;   271
10.02.1977 00:00:00;   276
11.02.1977 00:00:00;   277
12.02.1977 00:00:00;   271
13.02.1977 00:00:00;   267
14.02.1977 00:00:00;   262
15.02.1977 00:00:00;   260
16.02.1977 00:00:00;   260
17.02.1977 00:00:00;   259
18.02.1977 00:00:00;   260
19.02.1977 00:00:00;   262
20.02.1977 00:00:00;   261
21.02.1977 00:00:00;   262
22.02.1977 00:00:00;   265
23.02.1977 00:00:00;   265
24.02.1977 00:00:00;   265
25.02.1977 00:00:00;   264
26.02.1977 00:00:00;   265
27.02.1977 00:00:00;   262
28.02.1977 00:00:00;   259
01.03.1977 00:00:00;   262
02.03.1977 00:00:00;   264
03.03.1977 00:00:00;   266
04.03.1977 00:00:00;   276
05.03.1977 00:00:00;   283
06.03.1977 00:00:00;   278
07.03.1977 00:00:00;   275
08.03.1977 00:00:00;   275
09.03.1977 00:00:00;   277
10.03.1977 00:00:00;   277
11.03.1977 00:00:00;   281
12.03.1977 00:00:00;   281
13.03.1977 00:00:00;   273
14.03.1977 00:00:00;   270
15.03.1977 00:00:00;   264
16.03.1977 00:00:00;   266
17.03.1977 00:00:00;   276
18.03.1977 00:00:00;   276
19.03.1977 00:00:00;   274
20.03.1977 00:00:00;   282
21.03.1977 00:00:00;   284
22.03.1977 00:00:00;   282
23.03.1977 00:00:00;   284
24.03.1977 00:00:00;   285
25.03.1977 00:00:00;   286
26.03.1977 00:00:00;   291
27.03.1977 00:00:00;   292
28.03.1977 00:00:00;   296
29.03.1977 00:00:00;   298
30.03.1977 00:00:00;   299
31.03.1977 00:00:00;   292
01.04.1977 00:00:00;   288
02.04.1977 00:00:00;   284
03.04.1977 00:00:00;   282
04.04.1977 00:00:00;   283
05.04.1977 00:00:00;   282
06.04.1977 00:00:00;   283
07.04.1977 00:00:00;   280
08.04.1977 00:00:00;   280
09.04.1977 00:00:00;   278
10.04.1977 00:00:00;   273
11.04.1977 00:00:00;   272
12.04.1977 00:00:00;   281
13.04.1977 00:00:00;   299
14.04.1977 00:00:00;   308
15.04.1977 00:00:00;   300
16.04.1977 00:00:00;   287
17.04.1977 00:00:00;   275
18.04.1977 00:00:00;   274
19.04.1977 00:00:00;   282
20.04.1977 00:00:00;   287
21.04.1977 00:00:00;   286
22.04.1977 00:00:00;   286
23.04.1977 00:00:00;   300
24.04.1977 00:00:00;   308
25.04.1977 00:00:00;   310
26.04.1977 00:00:00;   305
27.04.1977 00:00:00;   319
28.04.1977 00:00:00;   328
29.04.1977 00:00:00;   347
30.04.1977 00:00:00;   372
01.05.1977 00:00:00;   366
02.05.1977 00:00:00;   376
03.05.1977 00:00:00;   353
04.05.1977 00:00:00;   354
05.05.1977 00:00:00;   387
06.05.1977 00:00:00;   375
07.05.1977 00:00:00;   347
08.05.1977 00:00:00;   327
09.05.1977 00:00:00;   315
10.05.1977 00:00:00;   316
11.05.1977 00:00:00;   312
12.05.1977 00:00:00;   318
13.05.1977 00:00:00;   332
14.05.1977 00:00:00;   329
15.05.1977 00:00:00;   319
16.05.1977 00:00:00;   313
17.05.1977 00:00:00;   315
18.05.1977 00:00:00;   317
19.05.1977 00:00:00;   332
20.05.1977 00:00:00;   375
21.05.1977 00:00:00;   382
22.05.1977 00:00:00;   366
23.05.1977 00:00:00;   370
24.05.1977 00:00:00;   366
25.05.1977 00:00:00;   385
26.05.1977 00:00:00;   402
27.05.1977 00:00:00;   406
28.05.1977 00:00:00;   405
29.05.1977 00:00:00;   395
30.05.1977 00:00:00;   389
31.05.1977 00:00:00;   383
01.06.1977 00:00:00;   375
02.06.1977 00:00:00;   375
03.06.1977 00:00:00;   372
04.06.1977 00:00:00;   369
05.06.1977 00:00:00;   357
06.06.1977 00:00:00;   352
07.06.1977 00:00:00;   351
08.06.1977 00:00:00;   356
09.06.1977 00:00:00;   375
10.06.1977 00:00:00;   392
11.06.1977 00:00:00;   407
12.06.1977 00:00:00;   399
13.06.1977 00:00:00;   406
14.06.1977 00:00:00;   432
15.06.1977 00:00:00;   434
16.06.1977 00:00:00;   415
17.06.1977 00:00:00;   388
18.06.1977 00:00:00;   386
19.06.1977 00:00:00;   389
20.06.1977 00:00:00;   383
21.06.1977 00:00:00;   388
22.06.1977 00:00:00;   385
23.06.1977 00:00:00;   375
24.06.1977 00:00:00;   384
25.06.1977 00:00:00;   384
26.06.1977 00:00:00;   383
27.06.1977 00:00:00;   385
28.06.1977 00:00:00;   379
29.06.1977 00:00:00;   360
30.06.1977 00:00:00;   360
01.07.1977 00:00:00;   360
02.07.1977 00:00:00;   355
03.07.1977 00:00:00;   360
04.07.1977 00:00:00;   380
05.07.1977 00:00:00;   395
06.07.1977 00:00:00;   392
07.07.1977 00:00:00;   390
08.07.1977 00:00:00;   385
09.07.1977 00:00:00;   375
10.07.1977 00:00:00;   360
11.07.1977 00:00:00;   356
12.07.1977 00:00:00;   353
13.07.1977 00:00:00;   360
14.07.1977 00:00:00;   365
15.07.1977 00:00:00;   363
16.07.1977 00:00:00;   367
17.07.1977 00:00:00;   358
18.07.1977 00:00:00;   350
19.07.1977 00:00:00;   348
20.07.1977 00:00:00;   358
21.07.1977 00:00:00;   359
22.07.1977 00:00:00;   355
23.07.1977 00:00:00;   346
24.07.1977 00:00:00;   337
25.07.1977 00:00:00;   341
26.07.1977 00:00:00;   367
27.07.1977 00:00:00;   349
28.07.1977 00:00:00;   337
29.07.1977 00:00:00;   333
30.07.1977 00:00:00;   343
31.07.1977 00:00:00;   386
01.08.1977 00:00:00;   435
02.08.1977 00:00:00;   393
03.08.1977 00:00:00;   365
04.08.1977 00:00:00;   361
05.08.1977 00:00:00;   360
06.08.1977 00:00:00;   351
07.08.1977 00:00:00;   354
08.08.1977 00:00:00;   350
09.08.1977 00:00:00;   356
10.08.1977 00:00:00;   363
11.08.1977 00:00:00;   360
12.08.1977 00:00:00;   354
13.08.1977 00:00:00;   347
14.08.1977 00:00:00;   348
15.08.1977 00:00:00;   347
16.08.1977 00:00:00;   350
17.08.1977 00:00:00;   350
18.08.1977 00:00:00;   391
19.08.1977 00:00:00;   500
20.08.1977 00:00:00;   421
21.08.1977 00:00:00;   420
22.08.1977 00:00:00;   422
23.08.1977 00:00:00;   402
24.08.1977 00:00:00;   383
25.08.1977 00:00:00;   376
26.08.1977 00:00:00;   367
27.08.1977 00:00:00;   365
28.08.1977 00:00:00;   369
29.08.1977 00:00:00;   392
30.08.1977 00:00:00;   485
31.08.1977 00:00:00;   458
01.09.1977 00:00:00;   420
02.09.1977 00:00:00;   405
03.09.1977 00:00:00;   386
04.09.1977 00:00:00;   377
05.09.1977 00:00:00;   359
06.09.1977 00:00:00;   347
07.09.1977 00:00:00;   339
08.09.1977 00:00:00;   337
09.09.1977 00:00:00;   343
10.09.1977 00:00:00;   322
11.09.1977 00:00:00;   317
12.09.1977 00:00:00;   317
13.09.1977 00:00:00;   319
14.09.1977 00:00:00;   317
15.09.1977 00:00:00;   312
16.09.1977 00:00:00;   310
17.09.1977 00:00:00;   310
18.09.1977 00:00:00;   308
19.09.1977 00:00:00;   299
20.09.1977 00:00:00;   301
21.09.1977 00:00:00;   302
22.09.1977 00:00:00;   303
23.09.1977 00:00:00;   303
24.09.1977 00:00:00;   301
25.09.1977 00:00:00;   299
26.09.1977 00:00:00;   293
27.09.1977 00:00:00;   285
28.09.1977 00:00:00;   286
29.09.1977 00:00:00;   290
30.09.1977 00:00:00;   291
01.10.1977 00:00:00;   286
02.10.1977 00:00:00;   289
03.10.1977 00:00:00;   284
04.10.1977 00:00:00;   285
05.10.1977 00:00:00;   285
06.10.1977 00:00:00;   286
07.10.1977 00:00:00;   310
08.10.1977 00:00:00;   420
09.10.1977 00:00:00;   351
10.10.1977 00:00:00;   332
11.10.1977 00:00:00;   316
12.10.1977 00:00:00;   310
13.10.1977 00:00:00;   310
14.10.1977 00:00:00;   298
15.10.1977 00:00:00;   295
16.10.1977 00:00:00;   291
17.10.1977 00:00:00;   291
18.10.1977 00:00:00;   289
19.10.1977 00:00:00;   286
20.10.1977 00:00:00;   286
21.10.1977 00:00:00;   288
22.10.1977 00:00:00;   286
23.10.1977 00:00:00;   284
24.10.1977 00:00:00;   286
25.10.1977 00:00:00;   298
26.10.1977 00:00:00;   296
27.10.1977 00:00:00;   294
28.10.1977 00:00:00;   294
29.10.1977 00:00:00;   290
30.10.1977 00:00:00;   284
31.10.1977 00:00:00;   280
01.11.1977 00:00:00;   285
02.11.1977 00:00:00;   283
03.11.1977 00:00:00;   296
04.11.1977 00:00:00;   290
05.11.1977 00:00:00;   285
06.11.1977 00:00:00;   286
07.11.1977 00:00:00;   282
08.11.1977 00:00:00;   285
09.11.1977 00:00:00;   284
10.11.1977 00:00:00;   281
11.11.1977 00:00:00;   277
12.11.1977 00:00:00;   276
13.11.1977 00:00:00;   276
14.11.1977 00:00:00;   276
15.11.1977 00:00:00;   289
16.11.1977 00:00:00;   288
17.11.1977 00:00:00;   278
18.11.1977 00:00:00;   279
19.11.1977 00:00:00;   283
20.11.1977 00:00:00;   281
21.11.1977 00:00:00;   276
22.11.1977 00:00:00;   279
23.11.1977 00:00:00;   277
24.11.1977 00:00:00;   276
25.11.1977 00:00:00;   277
26.11.1977 00:00:00;   277
27.11.1977 00:00:00;   277
28.11.1977 00:00:00;   272
29.11.1977 00:00:00;   274
30.11.1977 00:00:00;   274
01.12.1977 00:00:00;   274
02.12.1977 00:00:00;   274
03.12.1977 00:00:00;   277
04.12.1977 00:00:00;   275
05.12.1977 00:00:00;   272
06.12.1977 00:00:00;   279
07.12.1977 00:00:00;   282
08.12.1977 00:00:00;   281
09.12.1977 00:00:00;   278
10.12.1977 00:00:00;   278
11.12.1977 00:00:00;   273
12.12.1977 00:00:00;   270
13.12.1977 00:00:00;   275
14.12.1977 00:00:00;   274
15.12.1977 00:00:00;   274
16.12.1977 00:00:00;   273
17.12.1977 00:00:00;   273
18.12.1977 00:00:00;   271
19.12.1977 00:00:00;   271
20.12.1977 00:00:00;   277
21.12.1977 00:00:00;   277
22.12.1977 00:00:00;   278
23.12.1977 00:00:00;   276
24.12.1977 00:00:00;   278
25.12.1977 00:00:00;   289
26.12.1977 00:00:00;   282
27.12.1977 00:00:00;   275
28.12.1977 00:00:00;   273
29.12.1977 00:00:00;   276
30.12.1977 00:00:00;   276
31.12.1977 00:00:00;   276
01.01.1978 00:00:00;   272
02.01.1978 00:00:00;   272
03.01.1978 00:00:00;   271
04.01.1978 00:00:00;   271
05.01.1978 00:00:00;   273
06.01.1978 00:00:00;   275
07.01.1978 00:00:00;   273
08.01.1978 00:00:00;   271
09.01.1978 00:00:00;   267
10.01.1978 00:00:00;   272
11.01.1978 00:00:00;   282
12.01.1978 00:00:00;   286
13.01.1978 00:00:00;   282
14.01.1978 00:00:00;   277
15.01.1978 00:00:00;   270
16.01.1978 00:00:00;   272
17.01.1978 00:00:00;   278
18.01.1978 00:00:00;   274
19.01.1978 00:00:00;   275
20.01.1978 00:00:00;   281
21.01.1978 00:00:00;   277
22.01.1978 00:00:00;   267
23.01.1978 00:00:00;   266
24.01.1978 00:00:00;   278
25.01.1978 00:00:00;   276
26.01.1978 00:00:00;   275
27.01.1978 00:00:00;   272
28.01.1978 00:00:00;   270
29.01.1978 00:00:00;   270
30.01.1978 00:00:00;   271
31.01.1978 00:00:00;   280
01.02.1978 00:00:00;   281
02.02.1978 00:00:00;   279
03.02.1978 00:00:00;   279
04.02.1978 00:00:00;   275
05.02.1978 00:00:00;   268
06.02.1978 00:00:00;   265
07.02.1978 00:00:00;   271
08.02.1978 00:00:00;   271
09.02.1978 00:00:00;   272
10.02.1978 00:00:00;   275
11.02.1978 00:00:00;   275
12.02.1978 00:00:00;   266
13.02.1978 00:00:00;   266
14.02.1978 00:00:00;   275
15.02.1978 00:00:00;   280
16.02.1978 00:00:00;   278
17.02.1978 00:00:00;   273
18.02.1978 00:00:00;   270
19.02.1978 00:00:00;   265
20.02.1978 00:00:00;   267
21.02.1978 00:00:00;   268
22.02.1978 00:00:00;   277
23.02.1978 00:00:00;   280
24.02.1978 00:00:00;   287
25.02.1978 00:00:00;   291
26.02.1978 00:00:00;   290
27.02.1978 00:00:00;   286
28.02.1978 00:00:00;   289
01.03.1978 00:00:00;   284
02.03.1978 00:00:00;   282
03.03.1978 00:00:00;   282
04.03.1978 00:00:00;   283
05.03.1978 00:00:00;   286
06.03.1978 00:00:00;   286
07.03.1978 00:00:00;   288
08.03.1978 00:00:00;   289
09.03.1978 00:00:00;   282
10.03.1978 00:00:00;   283
11.03.1978 00:00:00;   278
12.03.1978 00:00:00;   275
13.03.1978 00:00:00;   280
14.03.1978 00:00:00;   283
15.03.1978 00:00:00;   284
16.03.1978 00:00:00;   287
17.03.1978 00:00:00;   285
18.03.1978 00:00:00;   285
19.03.1978 00:00:00;   279
20.03.1978 00:00:00;   278
21.03.1978 00:00:00;   296
22.03.1978 00:00:00;   291
23.03.1978 00:00:00;   282
24.03.1978 00:00:00;   281
25.03.1978 00:00:00;   281
26.03.1978 00:00:00;   277
27.03.1978 00:00:00;   280
28.03.1978 00:00:00;   284
29.03.1978 00:00:00;   287
30.03.1978 00:00:00;   293
31.03.1978 00:00:00;   294
01.04.1978 00:00:00;   298
02.04.1978 00:00:00;   298
03.04.1978 00:00:00;   307
04.04.1978 00:00:00;   313
05.04.1978 00:00:00;   314
06.04.1978 00:00:00;   314
07.04.1978 00:00:00;   315
08.04.1978 00:00:00;   307
09.04.1978 00:00:00;   303
10.04.1978 00:00:00;   310
11.04.1978 00:00:00;   311
12.04.1978 00:00:00;   307
13.04.1978 00:00:00;   304
14.04.1978 00:00:00;   301
15.04.1978 00:00:00;   301
16.04.1978 00:00:00;   298
17.04.1978 00:00:00;   307
18.04.1978 00:00:00;   308
19.04.1978 00:00:00;   309
20.04.1978 00:00:00;   308
21.04.1978 00:00:00;   308
22.04.1978 00:00:00;   301
23.04.1978 00:00:00;   297
24.04.1978 00:00:00;   308
25.04.1978 00:00:00;   308
26.04.1978 00:00:00;   305
27.04.1978 00:00:00;   308
28.04.1978 00:00:00;   309
29.04.1978 00:00:00;   313
30.04.1978 00:00:00;   311
01.05.1978 00:00:00;   315
02.05.1978 00:00:00;   318
03.05.1978 00:00:00;   315
04.05.1978 00:00:00;   319
05.05.1978 00:00:00;   328
06.05.1978 00:00:00;   334
07.05.1978 00:00:00;   334
08.05.1978 00:00:00;   330
09.05.1978 00:00:00;   333
10.05.1978 00:00:00;   334
11.05.1978 00:00:00;   327
12.05.1978 00:00:00;   327
13.05.1978 00:00:00;   321
14.05.1978 00:00:00;   308
15.05.1978 00:00:00;   303
16.05.1978 00:00:00;   306
17.05.1978 00:00:00;   322
18.05.1978 00:00:00;   334
19.05.1978 00:00:00;   367
20.05.1978 00:00:00;   354
21.05.1978 00:00:00;   352
22.05.1978 00:00:00;   359
23.05.1978 00:00:00;   383
24.05.1978 00:00:00;   376
25.05.1978 00:00:00;   360
26.05.1978 00:00:00;   350
27.05.1978 00:00:00;   358
28.05.1978 00:00:00;   355
29.05.1978 00:00:00;   357
30.05.1978 00:00:00;   364
31.05.1978 00:00:00;   368
01.06.1978 00:00:00;   371
02.06.1978 00:00:00;   380
03.06.1978 00:00:00;   386
04.06.1978 00:00:00;   389
05.06.1978 00:00:00;   397
06.06.1978 00:00:00;   410
07.06.1978 00:00:00;   419
08.06.1978 00:00:00;   435
09.06.1978 00:00:00;   435
10.06.1978 00:00:00;   448
11.06.1978 00:00:00;   440
12.06.1978 00:00:00;   435
13.06.1978 00:00:00;   422
14.06.1978 00:00:00;   399
15.06.1978 00:00:00;   384
16.06.1978 00:00:00;   379
17.06.1978 00:00:00;   388
18.06.1978 00:00:00;   368
19.06.1978 00:00:00;   362
20.06.1978 00:00:00;   361
21.06.1978 00:00:00;   361
22.06.1978 00:00:00;   360
23.06.1978 00:00:00;   362
24.06.1978 00:00:00;   360
25.06.1978 00:00:00;   358
26.06.1978 00:00:00;   362
27.06.1978 00:00:00;   360
28.06.1978 00:00:00;   358
29.06.1978 00:00:00;   355
30.06.1978 00:00:00;   354
01.07.1978 00:00:00;   358
02.07.1978 00:00:00;   362
03.07.1978 00:00:00;   366
04.07.1978 00:00:00;   385
05.07.1978 00:00:00;   463
06.07.1978 00:00:00;   422
07.07.1978 00:00:00;   392
08.07.1978 00:00:00;   377
09.07.1978 00:00:00;   369
10.07.1978 00:00:00;   371
11.07.1978 00:00:00;   374
12.07.1978 00:00:00;   389
13.07.1978 00:00:00;   397
14.07.1978 00:00:00;   411
15.07.1978 00:00:00;   418
16.07.1978 00:00:00;   403
17.07.1978 00:00:00;   409
18.07.1978 00:00:00;   409
19.07.1978 00:00:00;   423
20.07.1978 00:00:00;   408
21.07.1978 00:00:00;   385
22.07.1978 00:00:00;   369
23.07.1978 00:00:00;   360
24.07.1978 00:00:00;   362
25.07.1978 00:00:00;   367
26.07.1978 00:00:00;   367
27.07.1978 00:00:00;   372
28.07.1978 00:00:00;   374
29.07.1978 00:00:00;   364
30.07.1978 00:00:00;   362
31.07.1978 00:00:00;   369
01.08.1978 00:00:00;   365
02.08.1978 00:00:00;   375
03.08.1978 00:00:00;   367
04.08.1978 00:00:00;   360
05.08.1978 00:00:00;   352
06.08.1978 00:00:00;   352
07.08.1978 00:00:00;   397
08.08.1978 00:00:00;   537
09.08.1978 00:00:00;   430
10.08.1978 00:00:00;   393
11.08.1978 00:00:00;   377
12.08.1978 00:00:00;   366
13.08.1978 00:00:00;   357
14.08.1978 00:00:00;   356
15.08.1978 00:00:00;   355
16.08.1978 00:00:00;   360
17.08.1978 00:00:00;   356
18.08.1978 00:00:00;   351
19.08.1978 00:00:00;   347
20.08.1978 00:00:00;   346
21.08.1978 00:00:00;   347
22.08.1978 00:00:00;   350
23.08.1978 00:00:00;   350
24.08.1978 00:00:00;   346
25.08.1978 00:00:00;   341
26.08.1978 00:00:00;   345
27.08.1978 00:00:00;   340
28.08.1978 00:00:00;   332
29.08.1978 00:00:00;   327
30.08.1978 00:00:00;   326
31.08.1978 00:00:00;   328
01.09.1978 00:00:00;   327
02.09.1978 00:00:00;   318
03.09.1978 00:00:00;   315
04.09.1978 00:00:00;   308
05.09.1978 00:00:00;   311
06.09.1978 00:00:00;   316
07.09.1978 00:00:00;   322
08.09.1978 00:00:00;   333
09.09.1978 00:00:00;   329
10.09.1978 00:00:00;   331
11.09.1978 00:00:00;   323
12.09.1978 00:00:00;   326
13.09.1978 00:00:00;   328
14.09.1978 00:00:00;   326
15.09.1978 00:00:00;   326
16.09.1978 00:00:00;   325
17.09.1978 00:00:00;   322
18.09.1978 00:00:00;   324
19.09.1978 00:00:00;   326
20.09.1978 00:00:00;   325
21.09.1978 00:00:00;   322
22.09.1978 00:00:00;   323
23.09.1978 00:00:00;   310
24.09.1978 00:00:00;   314
25.09.1978 00:00:00;   309
26.09.1978 00:00:00;   311
27.09.1978 00:00:00;   314
28.09.1978 00:00:00;   319
29.09.1978 00:00:00;   324
30.09.1978 00:00:00;   317
01.10.1978 00:00:00;   311
02.10.1978 00:00:00;   307
03.10.1978 00:00:00;   313
04.10.1978 00:00:00;   324
05.10.1978 00:00:00;   321
06.10.1978 00:00:00;   317
07.10.1978 00:00:00;   310
08.10.1978 00:00:00;   305
09.10.1978 00:00:00;   306
10.10.1978 00:00:00;   306
11.10.1978 00:00:00;   305
12.10.1978 00:00:00;   306
13.10.1978 00:00:00;   304
14.10.1978 00:00:00;   303
15.10.1978 00:00:00;   297
16.10.1978 00:00:00;   298
17.10.1978 00:00:00;   304
18.10.1978 00:00:00;   310
19.10.1978 00:00:00;   311
20.10.1978 00:00:00;   314
21.10.1978 00:00:00;   314
22.10.1978 00:00:00;   311
23.10.1978 00:00:00;   312
24.10.1978 00:00:00;   311
25.10.1978 00:00:00;   307
26.10.1978 00:00:00;   306
27.10.1978 00:00:00;   306
28.10.1978 00:00:00;   308
29.10.1978 00:00:00;   308
30.10.1978 00:00:00;   310
31.10.1978 00:00:00;   307
01.11.1978 00:00:00;   306
02.11.1978 00:00:00;   308
03.11.1978 00:00:00;   306
04.11.1978 00:00:00;   306
05.11.1978 00:00:00;   307
06.11.1978 00:00:00;   305
07.11.1978 00:00:00;   309
08.11.1978 00:00:00;   322
09.11.1978 00:00:00;   307
10.11.1978 00:00:00;   301
11.11.1978 00:00:00;   299
12.11.1978 00:00:00;   294
13.11.1978 00:00:00;   292
14.11.1978 00:00:00;   295
15.11.1978 00:00:00;   295
16.11.1978 00:00:00;   301
17.11.1978 00:00:00;   302
18.11.1978 00:00:00;   290
19.11.1978 00:00:00;   288
20.11.1978 00:00:00;   306
21.11.1978 00:00:00;   302
22.11.1978 00:00:00;   301
23.11.1978 00:00:00;   301
24.11.1978 00:00:00;   303
25.11.1978 00:00:00;   293
26.11.1978 00:00:00;   290
27.11.1978 00:00:00;   298
28.11.1978 00:00:00;   298
29.11.1978 00:00:00;   303
30.11.1978 00:00:00;   302
01.12.1978 00:00:00;   302
02.12.1978 00:00:00;   294
03.12.1978 00:00:00;   292
04.12.1978 00:00:00;   289
05.12.1978 00:00:00;   293
06.12.1978 00:00:00;   295
07.12.1978 00:00:00;   295
08.12.1978 00:00:00;   295
09.12.1978 00:00:00;   290
10.12.1978 00:00:00;   279
11.12.1978 00:00:00;   285
12.12.1978 00:00:00;   290
13.12.1978 00:00:00;   293
14.12.1978 00:00:00;   292
15.12.1978 00:00:00;   291
16.12.1978 00:00:00;   287
17.12.1978 00:00:00;   281
18.12.1978 00:00:00;   283
19.12.1978 00:00:00;   289
20.12.1978 00:00:00;   297
21.12.1978 00:00:00;   299
22.12.1978 00:00:00;   293
23.12.1978 00:00:00;   289
24.12.1978 00:00:00;   286
25.12.1978 00:00:00;   281
26.12.1978 00:00:00;   280
27.12.1978 00:00:00;   281
28.12.1978 00:00:00;   280
29.12.1978 00:00:00;   281
30.12.1978 00:00:00;   293
31.12.1978 00:00:00;   292
01.01.1979 00:00:00;   286
02.01.1979 00:00:00;   286
03.01.1979 00:00:00;   287
04.01.1979 00:00:00;   289
05.01.1979 00:00:00;   288
06.01.1979 00:00:00;   289
07.01.1979 00:00:00;   286
08.01.1979 00:00:00;   282
09.01.1979 00:00:00;   286
10.01.1979 00:00:00;   289
11.01.1979 00:00:00;   289
12.01.1979 00:00:00;   286
13.01.1979 00:00:00;   284
14.01.1979 00:00:00;   285
15.01.1979 00:00:00;   289
16.01.1979 00:00:00;   297
17.01.1979 00:00:00;   306
18.01.1979 00:00:00;   292
19.01.1979 00:00:00;   293
20.01.1979 00:00:00;   290
21.01.1979 00:00:00;   295
22.01.1979 00:00:00;   294
23.01.1979 00:00:00;   284
24.01.1979 00:00:00;   288
25.01.1979 00:00:00;   288
26.01.1979 00:00:00;   289
27.01.1979 00:00:00;   287
28.01.1979 00:00:00;   285
29.01.1979 00:00:00;   282
30.01.1979 00:00:00;   284
31.01.1979 00:00:00;   286
01.02.1979 00:00:00;   289
02.02.1979 00:00:00;   302
03.02.1979 00:00:00;   295
04.02.1979 00:00:00;   302
05.02.1979 00:00:00;   289
06.02.1979 00:00:00;   290
07.02.1979 00:00:00;   291
08.02.1979 00:00:00;   289
09.02.1979 00:00:00;   288
10.02.1979 00:00:00;   286
11.02.1979 00:00:00;   283
12.02.1979 00:00:00;   284
13.02.1979 00:00:00;   286
14.02.1979 00:00:00;   288
15.02.1979 00:00:00;   286
16.02.1979 00:00:00;   284
17.02.1979 00:00:00;   284
18.02.1979 00:00:00;   282
19.02.1979 00:00:00;   283
20.02.1979 00:00:00;   287
21.02.1979 00:00:00;   288
22.02.1979 00:00:00;   286
23.02.1979 00:00:00;   286
24.02.1979 00:00:00;   285
25.02.1979 00:00:00;   281
26.02.1979 00:00:00;   280
27.02.1979 00:00:00;   289
28.02.1979 00:00:00;   289
01.03.1979 00:00:00;   291
02.03.1979 00:00:00;   291
03.03.1979 00:00:00;   287
04.03.1979 00:00:00;   281
05.03.1979 00:00:00;   279
06.03.1979 00:00:00;   281
07.03.1979 00:00:00;   285
08.03.1979 00:00:00;   286
09.03.1979 00:00:00;   289
10.03.1979 00:00:00;   291
11.03.1979 00:00:00;   292
12.03.1979 00:00:00;   298
13.03.1979 00:00:00;   301
14.03.1979 00:00:00;   302
15.03.1979 00:00:00;   301
16.03.1979 00:00:00;   300
17.03.1979 00:00:00;   296
18.03.1979 00:00:00;   292
19.03.1979 00:00:00;   292
20.03.1979 00:00:00;   292
21.03.1979 00:00:00;   294
22.03.1979 00:00:00;   294
23.03.1979 00:00:00;   291
24.03.1979 00:00:00;   293
25.03.1979 00:00:00;   288
26.03.1979 00:00:00;   291
27.03.1979 00:00:00;   293
28.03.1979 00:00:00;   292
29.03.1979 00:00:00;   293
30.03.1979 00:00:00;   292
31.03.1979 00:00:00;   289
01.04.1979 00:00:00;   289
02.04.1979 00:00:00;   287
03.04.1979 00:00:00;   290
04.04.1979 00:00:00;   292
05.04.1979 00:00:00;   290
06.04.1979 00:00:00;   289
07.04.1979 00:00:00;   291
08.04.1979 00:00:00;   290
09.04.1979 00:00:00;   289
10.04.1979 00:00:00;   291
11.04.1979 00:00:00;   293
12.04.1979 00:00:00;   294
13.04.1979 00:00:00;   293
14.04.1979 00:00:00;   294
15.04.1979 00:00:00;   293
16.04.1979 00:00:00;   299
17.04.1979 00:00:00;   308
18.04.1979 00:00:00;   302
19.04.1979 00:00:00;   297
20.04.1979 00:00:00;   295
21.04.1979 00:00:00;   295
22.04.1979 00:00:00;   294
23.04.1979 00:00:00;   304
24.04.1979 00:00:00;   304
25.04.1979 00:00:00;   302
26.04.1979 00:00:00;   289
27.04.1979 00:00:00;   302
28.04.1979 00:00:00;   299
29.04.1979 00:00:00;   295
30.04.1979 00:00:00;   292
01.05.1979 00:00:00;   295
02.05.1979 00:00:00;   298
03.05.1979 00:00:00;   299
04.05.1979 00:00:00;   301
05.05.1979 00:00:00;   300
06.05.1979 00:00:00;   294
07.05.1979 00:00:00;   297
08.05.1979 00:00:00;   305
09.05.1979 00:00:00;   308
10.05.1979 00:00:00;   306
11.05.1979 00:00:00;   312
12.05.1979 00:00:00;   346
13.05.1979 00:00:00;   352
14.05.1979 00:00:00;   352
15.05.1979 00:00:00;   357
16.05.1979 00:00:00;   365
17.05.1979 00:00:00;   371
18.05.1979 00:00:00;   380
19.05.1979 00:00:00;   389
20.05.1979 00:00:00;   401
21.05.1979 00:00:00;   459
22.05.1979 00:00:00;   436
23.05.1979 00:00:00;   401
24.05.1979 00:00:00;   396
25.05.1979 00:00:00;   400
26.05.1979 00:00:00;   376
27.05.1979 00:00:00;   382
28.05.1979 00:00:00;   418
29.05.1979 00:00:00;   436
30.05.1979 00:00:00;   446
31.05.1979 00:00:00;   453
01.06.1979 00:00:00;   455
02.06.1979 00:00:00;   446
03.06.1979 00:00:00;   436
04.06.1979 00:00:00;   428
05.06.1979 00:00:00;   439
06.06.1979 00:00:00;   439
07.06.1979 00:00:00;   428
08.06.1979 00:00:00;   427
09.06.1979 00:00:00;   418
10.06.1979 00:00:00;   410
11.06.1979 00:00:00;   423
12.06.1979 00:00:00;   423
13.06.1979 00:00:00;   421
14.06.1979 00:00:00;   440
15.06.1979 00:00:00;   426
16.06.1979 00:00:00;   416
17.06.1979 00:00:00;   412
18.06.1979 00:00:00;   401
19.06.1979 00:00:00;   393
20.06.1979 00:00:00;   385
21.06.1979 00:00:00;   392
22.06.1979 00:00:00;   392
23.06.1979 00:00:00;   392
24.06.1979 00:00:00;   396
25.06.1979 00:00:00;   404
26.06.1979 00:00:00;   412
27.06.1979 00:00:00;   407
28.06.1979 00:00:00;   411
29.06.1979 00:00:00;   402
30.06.1979 00:00:00;   393
01.07.1979 00:00:00;   381
02.07.1979 00:00:00;   373
03.07.1979 00:00:00;   363
04.07.1979 00:00:00;   360
05.07.1979 00:00:00;   350
06.07.1979 00:00:00;   350
07.07.1979 00:00:00;   351
08.07.1979 00:00:00;   346
09.07.1979 00:00:00;   353
10.07.1979 00:00:00;   363
11.07.1979 00:00:00;   359
12.07.1979 00:00:00;   358
13.07.1979 00:00:00;   361
14.07.1979 00:00:00;   365
15.07.1979 00:00:00;   352
16.07.1979 00:00:00;   347
17.07.1979 00:00:00;   352
18.07.1979 00:00:00;   352
19.07.1979 00:00:00;   343
20.07.1979 00:00:00;   345
21.07.1979 00:00:00;   347
22.07.1979 00:00:00;   345
23.07.1979 00:00:00;   344
24.07.1979 00:00:00;   340
25.07.1979 00:00:00;   338
26.07.1979 00:00:00;   335
27.07.1979 00:00:00;   336
28.07.1979 00:00:00;   335
29.07.1979 00:00:00;   332
30.07.1979 00:00:00;   335
31.07.1979 00:00:00;   336
01.08.1979 00:00:00;   355
02.08.1979 00:00:00;   350
03.08.1979 00:00:00;   341
04.08.1979 00:00:00;   335
05.08.1979 00:00:00;   335
06.08.1979 00:00:00;   334
07.08.1979 00:00:00;   334
08.08.1979 00:00:00;   350
09.08.1979 00:00:00;   357
10.08.1979 00:00:00;   343
11.08.1979 00:00:00;   335
12.08.1979 00:00:00;   332
13.08.1979 00:00:00;   336
14.08.1979 00:00:00;   337
15.08.1979 00:00:00;   336
16.08.1979 00:00:00;   332
17.08.1979 00:00:00;   332
18.08.1979 00:00:00;   339
19.08.1979 00:00:00;   342
20.08.1979 00:00:00;   343
21.08.1979 00:00:00;   341
22.08.1979 00:00:00;   339
23.08.1979 00:00:00;   342
24.08.1979 00:00:00;   353
25.08.1979 00:00:00;   351
26.08.1979 00:00:00;   344
27.08.1979 00:00:00;   344
28.08.1979 00:00:00;   341
29.08.1979 00:00:00;   339
30.08.1979 00:00:00;   339
31.08.1979 00:00:00;   337
01.09.1979 00:00:00;   327
02.09.1979 00:00:00;   326
03.09.1979 00:00:00;   328
04.09.1979 00:00:00;   328
05.09.1979 00:00:00;   324
06.09.1979 00:00:00;   321
07.09.1979 00:00:00;   319
08.09.1979 00:00:00;   319
09.09.1979 00:00:00;   316
10.09.1979 00:00:00;   317
11.09.1979 00:00:00;   321
12.09.1979 00:00:00;   323
13.09.1979 00:00:00;   320
14.09.1979 00:00:00;   318
15.09.1979 00:00:00;   309
16.09.1979 00:00:00;   307
17.09.1979 00:00:00;   307
18.09.1979 00:00:00;   301
19.09.1979 00:00:00;   302
20.09.1979 00:00:00;   302
21.09.1979 00:00:00;   315
22.09.1979 00:00:00;   341
23.09.1979 00:00:00;   322
24.09.1979 00:00:00;   321
25.09.1979 00:00:00;   324
26.09.1979 00:00:00;   320
27.09.1979 00:00:00;   320
28.09.1979 00:00:00;   324
29.09.1979 00:00:00;   324
30.09.1979 00:00:00;   322
01.10.1979 00:00:00;   315
02.10.1979 00:00:00;   308
03.10.1979 00:00:00;   313
04.10.1979 00:00:00;   314
05.10.1979 00:00:00;   308
06.10.1979 00:00:00;   312
07.10.1979 00:00:00;   313
08.10.1979 00:00:00;   311
09.10.1979 00:00:00;   309
10.10.1979 00:00:00;   310
11.10.1979 00:00:00;   308
12.10.1979 00:00:00;   312
13.10.1979 00:00:00;   310
14.10.1979 00:00:00;   328
15.10.1979 00:00:00;   449
16.10.1979 00:00:00;   426
17.10.1979 00:00:00;   464
18.10.1979 00:00:00;   428
19.10.1979 00:00:00;   389
20.10.1979 00:00:00;   366
21.10.1979 00:00:00;   349
22.10.1979 00:00:00;   349
23.10.1979 00:00:00;   338
24.10.1979 00:00:00;   333
25.10.1979 00:00:00;   333
26.10.1979 00:00:00;   333
27.10.1979 00:00:00;   318
28.10.1979 00:00:00;   325
29.10.1979 00:00:00;   327
30.10.1979 00:00:00;   331
31.10.1979 00:00:00;   322
01.11.1979 00:00:00;   320
02.11.1979 00:00:00;   312
03.11.1979 00:00:00;   311
04.11.1979 00:00:00;   311
05.11.1979 00:00:00;   321
06.11.1979 00:00:00;   320
07.11.1979 00:00:00;   334
08.11.1979 00:00:00;   313
09.11.1979 00:00:00;   315
10.11.1979 00:00:00;   331
11.11.1979 00:00:00;   323
12.11.1979 00:00:00;   328
13.11.1979 00:00:00;   322
14.11.1979 00:00:00;   317
15.11.1979 00:00:00;   321
16.11.1979 00:00:00;   325
17.11.1979 00:00:00;   321
18.11.1979 00:00:00;   314
19.11.1979 00:00:00;   316
20.11.1979 00:00:00;   316
21.11.1979 00:00:00;   317
22.11.1979 00:00:00;   313
23.11.1979 00:00:00;   311
24.11.1979 00:00:00;   312
25.11.1979 00:00:00;   309
26.11.1979 00:00:00;   312
27.11.1979 00:00:00;   317
28.11.1979 00:00:00;   330
29.11.1979 00:00:00;   338
30.11.1979 00:00:00;   323
01.12.1979 00:00:00;   315
02.12.1979 00:00:00;   311
03.12.1979 00:00:00;   309
04.12.1979 00:00:00;   308
05.12.1979 00:00:00;   308
06.12.1979 00:00:00;   308
07.12.1979 00:00:00;   310
08.12.1979 00:00:00;   308
09.12.1979 00:00:00;   307
10.12.1979 00:00:00;   304
11.12.1979 00:00:00;   316
12.12.1979 00:00:00;   309
13.12.1979 00:00:00;   307
14.12.1979 00:00:00;   311
15.12.1979 00:00:00;   308
16.12.1979 00:00:00;   304
17.12.1979 00:00:00;   310
18.12.1979 00:00:00;   314
19.12.1979 00:00:00;   313
20.12.1979 00:00:00;   307
21.12.1979 00:00:00;   307
22.12.1979 00:00:00;   311
23.12.1979 00:00:00;   302
24.12.1979 00:00:00;   298
25.12.1979 00:00:00;   302
26.12.1979 00:00:00;   303
27.12.1979 00:00:00;   299
28.12.1979 00:00:00;   298
29.12.1979 00:00:00;   300
30.12.1979 00:00:00;   302
31.12.1979 00:00:00;   295
01.01.1980 00:00:00;   303
02.01.1980 00:00:00;   297
03.01.1980 00:00:00;   304
04.01.1980 00:00:00;   302
05.01.1980 00:00:00;   298
06.01.1980 00:00:00;   297
07.01.1980 00:00:00;   302
08.01.1980 00:00:00;   299
09.01.1980 00:00:00;   295
10.01.1980 00:00:00;   298
11.01.1980 00:00:00;   298
12.01.1980 00:00:00;   301
13.01.1980 00:00:00;   298
14.01.1980 00:00:00;   299
15.01.1980 00:00:00;   303
16.01.1980 00:00:00;   304
17.01.1980 00:00:00;   304
18.01.1980 00:00:00;   304
19.01.1980 00:00:00;   303
20.01.1980 00:00:00;   302
21.01.1980 00:00:00;   289
22.01.1980 00:00:00;   292
23.01.1980 00:00:00;   294
24.01.1980 00:00:00;   294
25.01.1980 00:00:00;   296
26.01.1980 00:00:00;   294
27.01.1980 00:00:00;   294
28.01.1980 00:00:00;   292
29.01.1980 00:00:00;   298
30.01.1980 00:00:00;   299
31.01.1980 00:00:00;   298
01.02.1980 00:00:00;   297
02.02.1980 00:00:00;   292
03.02.1980 00:00:00;   290
04.02.1980 00:00:00;   297
05.02.1980 00:00:00;   307
06.02.1980 00:00:00;   309
07.02.1980 00:00:00;   311
08.02.1980 00:00:00;   311
09.02.1980 00:00:00;   309
10.02.1980 00:00:00;   308
11.02.1980 00:00:00;   304
12.02.1980 00:00:00;   302
13.02.1980 00:00:00;   304
14.02.1980 00:00:00;   304
15.02.1980 00:00:00;   303
16.02.1980 00:00:00;   302
17.02.1980 00:00:00;   303
18.02.1980 00:00:00;   300
19.02.1980 00:00:00;   299
20.02.1980 00:00:00;   300
21.02.1980 00:00:00;   300
22.02.1980 00:00:00;   298
23.02.1980 00:00:00;   294
24.02.1980 00:00:00;   287
25.02.1980 00:00:00;   289
26.02.1980 00:00:00;   297
27.02.1980 00:00:00;   299
28.02.1980 00:00:00;   302
29.02.1980 00:00:00;   301
01.03.1980 00:00:00;   301
02.03.1980 00:00:00;   292
03.03.1980 00:00:00;   292
04.03.1980 00:00:00;   302
05.03.1980 00:00:00;   304
06.03.1980 00:00:00;   303
07.03.1980 00:00:00;   301
08.03.1980 00:00:00;   301
09.03.1980 00:00:00;   297
10.03.1980 00:00:00;   297
11.03.1980 00:00:00;   299
12.03.1980 00:00:00;   298
13.03.1980 00:00:00;   298
14.03.1980 00:00:00;   298
15.03.1980 00:00:00;   293
16.03.1980 00:00:00;   289
17.03.1980 00:00:00;   296
18.03.1980 00:00:00;   292
19.03.1980 00:00:00;   294
20.03.1980 00:00:00;   297
21.03.1980 00:00:00;   296
22.03.1980 00:00:00;   294
23.03.1980 00:00:00;   294
24.03.1980 00:00:00;   301
25.03.1980 00:00:00;   290
26.03.1980 00:00:00;   291
27.03.1980 00:00:00;   296
28.03.1980 00:00:00;   294
29.03.1980 00:00:00;   298
30.03.1980 00:00:00;   301
31.03.1980 00:00:00;   299
01.04.1980 00:00:00;   313
02.04.1980 00:00:00;   319
03.04.1980 00:00:00;   311
04.04.1980 00:00:00;   305
05.04.1980 00:00:00;   302
06.04.1980 00:00:00;   301
07.04.1980 00:00:00;   299
08.04.1980 00:00:00;   299
09.04.1980 00:00:00;   297
10.04.1980 00:00:00;   300
11.04.1980 00:00:00;   298
12.04.1980 00:00:00;   296
13.04.1980 00:00:00;   296
14.04.1980 00:00:00;   296
15.04.1980 00:00:00;   297
16.04.1980 00:00:00;   303
17.04.1980 00:00:00;   311
18.04.1980 00:00:00;   321
19.04.1980 00:00:00;   323
20.04.1980 00:00:00;   316
21.04.1980 00:00:00;   311
22.04.1980 00:00:00;   311
23.04.1980 00:00:00;   308
24.04.1980 00:00:00;   307
25.04.1980 00:00:00;   307
26.04.1980 00:00:00;   307
27.04.1980 00:00:00;   302
28.04.1980 00:00:00;   301
29.04.1980 00:00:00;   307
30.04.1980 00:00:00;   305
01.05.1980 00:00:00;   304
02.05.1980 00:00:00;   306
03.05.1980 00:00:00;   308
04.05.1980 00:00:00;   312
05.05.1980 00:00:00;   315
06.05.1980 00:00:00;   316
07.05.1980 00:00:00;   325
08.05.1980 00:00:00;   328
09.05.1980 00:00:00;   330
10.05.1980 00:00:00;   326
11.05.1980 00:00:00;   315
12.05.1980 00:00:00;   329
13.05.1980 00:00:00;   354
14.05.1980 00:00:00;   368
15.05.1980 00:00:00;   364
16.05.1980 00:00:00;   356
17.05.1980 00:00:00;   333
18.05.1980 00:00:00;   322
19.05.1980 00:00:00;   326
20.05.1980 00:00:00;   329
21.05.1980 00:00:00;   336
22.05.1980 00:00:00;   343
23.05.1980 00:00:00;   345
24.05.1980 00:00:00;   343
25.05.1980 00:00:00;   337
26.05.1980 00:00:00;   340
27.05.1980 00:00:00;   356
28.05.1980 00:00:00;   364
29.05.1980 00:00:00;   365
30.05.1980 00:00:00;   359
31.05.1980 00:00:00;   344
01.06.1980 00:00:00;   338
02.06.1980 00:00:00;   342
03.06.1980 00:00:00;   340
04.06.1980 00:00:00;   369
05.06.1980 00:00:00;   371
06.06.1980 00:00:00;   370
07.06.1980 00:00:00;   391
08.06.1980 00:00:00;   395
09.06.1980 00:00:00;   398
10.06.1980 00:00:00;   412
11.06.1980 00:00:00;   417
12.06.1980 00:00:00;   419
13.06.1980 00:00:00;   424
14.06.1980 00:00:00;   453
15.06.1980 00:00:00;   494
16.06.1980 00:00:00;   478
17.06.1980 00:00:00;   460
18.06.1980 00:00:00;   438
19.06.1980 00:00:00;   421
20.06.1980 00:00:00;   409
21.06.1980 00:00:00;   410
22.06.1980 00:00:00;   435
23.06.1980 00:00:00;   445
24.06.1980 00:00:00;   441
25.06.1980 00:00:00;   422
26.06.1980 00:00:00;   404
27.06.1980 00:00:00;   391
28.06.1980 00:00:00;   382
29.06.1980 00:00:00;   377
30.06.1980 00:00:00;   377
01.07.1980 00:00:00;   374
02.07.1980 00:00:00;   374
03.07.1980 00:00:00;   373
04.07.1980 00:00:00;   369
05.07.1980 00:00:00;   360
06.07.1980 00:00:00;   354
07.07.1980 00:00:00;   378
08.07.1980 00:00:00;   394
09.07.1980 00:00:00;   493
10.07.1980 00:00:00;   454
11.07.1980 00:00:00;   434
12.07.1980 00:00:00;   437
13.07.1980 00:00:00;   418
14.07.1980 00:00:00;   407
15.07.1980 00:00:00;   408
16.07.1980 00:00:00;   440
17.07.1980 00:00:00;   412
18.07.1980 00:00:00;   410
19.07.1980 00:00:00;   418
20.07.1980 00:00:00;   480
21.07.1980 00:00:00;   466
22.07.1980 00:00:00;   426
23.07.1980 00:00:00;   406
24.07.1980 00:00:00;   393
25.07.1980 00:00:00;   394
26.07.1980 00:00:00;   412
27.07.1980 00:00:00;   424
28.07.1980 00:00:00;   425
29.07.1980 00:00:00;   416
30.07.1980 00:00:00;   409
31.07.1980 00:00:00;   415
01.08.1980 00:00:00;   406
02.08.1980 00:00:00;   402
03.08.1980 00:00:00;   392
04.08.1980 00:00:00;   418
05.08.1980 00:00:00;   408
06.08.1980 00:00:00;   404
07.08.1980 00:00:00;   403
08.08.1980 00:00:00;   408
09.08.1980 00:00:00;   396
10.08.1980 00:00:00;   381
11.08.1980 00:00:00;   383
12.08.1980 00:00:00;   382
13.08.1980 00:00:00;   372
14.08.1980 00:00:00;   368
15.08.1980 00:00:00;   373
16.08.1980 00:00:00;   366
17.08.1980 00:00:00;   360
18.08.1980 00:00:00;   363
19.08.1980 00:00:00;   363
20.08.1980 00:00:00;   364
21.08.1980 00:00:00;   362
22.08.1980 00:00:00;   358
23.08.1980 00:00:00;   351
24.08.1980 00:00:00;   350
25.08.1980 00:00:00;   347
26.08.1980 00:00:00;   341
27.08.1980 00:00:00;   338
28.08.1980 00:00:00;   339
29.08.1980 00:00:00;   339
30.08.1980 00:00:00;   340
31.08.1980 00:00:00;   338
01.09.1980 00:00:00;   335
02.09.1980 00:00:00;   327
03.09.1980 00:00:00;   319
04.09.1980 00:00:00;   319
05.09.1980 00:00:00;   321
06.09.1980 00:00:00;   320
07.09.1980 00:00:00;   315
08.09.1980 00:00:00;   316
09.09.1980 00:00:00;   314
10.09.1980 00:00:00;   313
11.09.1980 00:00:00;   312
12.09.1980 00:00:00;   327
13.09.1980 00:00:00;   314
14.09.1980 00:00:00;   310
15.09.1980 00:00:00;   307
16.09.1980 00:00:00;   307
17.09.1980 00:00:00;   310
18.09.1980 00:00:00;   306
19.09.1980 00:00:00;   300
20.09.1980 00:00:00;   290
21.09.1980 00:00:00;   301
22.09.1980 00:00:00;   304
23.09.1980 00:00:00;   302
24.09.1980 00:00:00;   304
25.09.1980 00:00:00;   303
26.09.1980 00:00:00;   301
27.09.1980 00:00:00;   294
28.09.1980 00:00:00;   294
29.09.1980 00:00:00;   297
30.09.1980 00:00:00;   296
01.10.1980 00:00:00;   305
02.10.1980 00:00:00;   299
03.10.1980 00:00:00;   297
04.10.1980 00:00:00;   296
05.10.1980 00:00:00;   293
06.10.1980 00:00:00;   300
07.10.1980 00:00:00;   300
08.10.1980 00:00:00;   299
09.10.1980 00:00:00;   292
10.10.1980 00:00:00;   291
11.10.1980 00:00:00;   289
12.10.1980 00:00:00;   293
13.10.1980 00:00:00;   290
14.10.1980 00:00:00;   295
15.10.1980 00:00:00;   301
16.10.1980 00:00:00;   313
17.10.1980 00:00:00;   369
18.10.1980 00:00:00;   383
19.10.1980 00:00:00;   338
20.10.1980 00:00:00;   325
21.10.1980 00:00:00;   322
22.10.1980 00:00:00;   316
23.10.1980 00:00:00;   309
24.10.1980 00:00:00;   316
25.10.1980 00:00:00;   316
26.10.1980 00:00:00;   312
27.10.1980 00:00:00;   306
28.10.1980 00:00:00;   310
29.10.1980 00:00:00;   313
30.10.1980 00:00:00;   323
31.10.1980 00:00:00;   320
01.11.1980 00:00:00;   301
02.11.1980 00:00:00;   299
03.11.1980 00:00:00;   300
04.11.1980 00:00:00;   306
05.11.1980 00:00:00;   307
06.11.1980 00:00:00;   311
07.11.1980 00:00:00;   302
08.11.1980 00:00:00;   296
09.11.1980 00:00:00;   292
10.11.1980 00:00:00;   293
11.11.1980 00:00:00;   291
12.11.1980 00:00:00;   292
13.11.1980 00:00:00;   299
14.11.1980 00:00:00;   296
15.11.1980 00:00:00;   286
16.11.1980 00:00:00;   294
17.11.1980 00:00:00;   295
18.11.1980 00:00:00;   286
19.11.1980 00:00:00;   286
20.11.1980 00:00:00;   282
21.11.1980 00:00:00;   282
22.11.1980 00:00:00;   284
23.11.1980 00:00:00;   283
24.11.1980 00:00:00;   275
25.11.1980 00:00:00;   279
26.11.1980 00:00:00;   277
27.11.1980 00:00:00;   278
28.11.1980 00:00:00;   278
29.11.1980 00:00:00;   276
30.11.1980 00:00:00;   276
01.12.1980 00:00:00;   287
02.12.1980 00:00:00;   298
03.12.1980 00:00:00;   303
04.12.1980 00:00:00;   304
05.12.1980 00:00:00;   298
06.12.1980 00:00:00;   283
07.12.1980 00:00:00;   269
08.12.1980 00:00:00;   269
09.12.1980 00:00:00;   301
10.12.1980 00:00:00;   306
11.12.1980 00:00:00;   307
12.12.1980 00:00:00;   307
13.12.1980 00:00:00;   292
14.12.1980 00:00:00;   281
15.12.1980 00:00:00;   281
16.12.1980 00:00:00;   283
17.12.1980 00:00:00;   281
18.12.1980 00:00:00;   289
19.12.1980 00:00:00;   301
20.12.1980 00:00:00;   300
21.12.1980 00:00:00;   275
22.12.1980 00:00:00;   267
23.12.1980 00:00:00;   271
24.12.1980 00:00:00;   270
25.12.1980 00:00:00;   266
26.12.1980 00:00:00;   266
27.12.1980 00:00:00;   269
28.12.1980 00:00:00;   270
29.12.1980 00:00:00;   284
30.12.1980 00:00:00;   281
31.12.1980 00:00:00;   271
01.01.1981 00:00:00;   275
02.01.1981 00:00:00;   270
03.01.1981 00:00:00;   269
04.01.1981 00:00:00;   275
05.01.1981 00:00:00;   273
06.01.1981 00:00:00;   272
07.01.1981 00:00:00;   276
08.01.1981 00:00:00;   281
09.01.1981 00:00:00;   286
10.01.1981 00:00:00;   285
11.01.1981 00:00:00;   271
12.01.1981 00:00:00;   266
13.01.1981 00:00:00;   275
14.01.1981 00:00:00;   277
15.01.1981 00:00:00;   277
16.01.1981 00:00:00;   276
17.01.1981 00:00:00;   275
18.01.1981 00:00:00;   271
19.01.1981 00:00:00;   272
20.01.1981 00:00:00;   284
21.01.1981 00:00:00;   284
22.01.1981 00:00:00;   284
23.01.1981 00:00:00;   286
24.01.1981 00:00:00;   291
25.01.1981 00:00:00;   291
26.01.1981 00:00:00;   281
27.01.1981 00:00:00;   278
28.01.1981 00:00:00;   288
29.01.1981 00:00:00;   288
30.01.1981 00:00:00;   290
31.01.1981 00:00:00;   289
01.02.1981 00:00:00;   273
02.02.1981 00:00:00;   277
03.02.1981 00:00:00;   285
04.02.1981 00:00:00;   287
05.02.1981 00:00:00;   285
06.02.1981 00:00:00;   284
07.02.1981 00:00:00;   278
08.02.1981 00:00:00;   270
09.02.1981 00:00:00;   274
10.02.1981 00:00:00;   286
11.02.1981 00:00:00;   290
12.02.1981 00:00:00;   288
13.02.1981 00:00:00;   286
14.02.1981 00:00:00;   287
15.02.1981 00:00:00;   288
16.02.1981 00:00:00;   288
17.02.1981 00:00:00;   288
18.02.1981 00:00:00;   291
19.02.1981 00:00:00;   292
20.02.1981 00:00:00;   297
21.02.1981 00:00:00;   283
22.02.1981 00:00:00;   278
23.02.1981 00:00:00;   283
24.02.1981 00:00:00;   283
25.02.1981 00:00:00;   276
26.02.1981 00:00:00;   281
27.02.1981 00:00:00;   280
28.02.1981 00:00:00;   277
01.03.1981 00:00:00;   259
02.03.1981 00:00:00;   260
03.03.1981 00:00:00;   259
04.03.1981 00:00:00;   266
05.03.1981 00:00:00;   271
06.03.1981 00:00:00;   271
07.03.1981 00:00:00;   273
08.03.1981 00:00:00;   274
09.03.1981 00:00:00;   273
10.03.1981 00:00:00;   286
11.03.1981 00:00:00;   301
12.03.1981 00:00:00;   322
13.03.1981 00:00:00;   327
14.03.1981 00:00:00;   323
15.03.1981 00:00:00;   307
16.03.1981 00:00:00;   303
17.03.1981 00:00:00;   304
18.03.1981 00:00:00;   308
19.03.1981 00:00:00;   305
20.03.1981 00:00:00;   303
21.03.1981 00:00:00;   296
22.03.1981 00:00:00;   291
23.03.1981 00:00:00;   310
24.03.1981 00:00:00;   312
25.03.1981 00:00:00;   318
26.03.1981 00:00:00;   334
27.03.1981 00:00:00;   338
28.03.1981 00:00:00;   324
29.03.1981 00:00:00;   326
30.03.1981 00:00:00;   352
31.03.1981 00:00:00;   376
01.04.1981 00:00:00;   415
02.04.1981 00:00:00;   391
03.04.1981 00:00:00;   376
04.04.1981 00:00:00;   367
05.04.1981 00:00:00;   368
06.04.1981 00:00:00;   368
07.04.1981 00:00:00;   371
08.04.1981 00:00:00;   369
09.04.1981 00:00:00;   366
10.04.1981 00:00:00;   365
11.04.1981 00:00:00;   363
12.04.1981 00:00:00;   365
13.04.1981 00:00:00;   372
14.04.1981 00:00:00;   368
15.04.1981 00:00:00;   370
16.04.1981 00:00:00;   367
17.04.1981 00:00:00;   359
18.04.1981 00:00:00;   347
19.04.1981 00:00:00;   340
20.04.1981 00:00:00;   338
21.04.1981 00:00:00;   343
22.04.1981 00:00:00;   336
23.04.1981 00:00:00;   332
24.04.1981 00:00:00;   330
25.04.1981 00:00:00;   328
26.04.1981 00:00:00;   326
27.04.1981 00:00:00;   332
28.04.1981 00:00:00;   331
29.04.1981 00:00:00;   327
30.04.1981 00:00:00;   326
01.05.1981 00:00:00;   321
02.05.1981 00:00:00;   317
03.05.1981 00:00:00;   319
04.05.1981 00:00:00;   319
05.05.1981 00:00:00;   317
06.05.1981 00:00:00;   320
07.05.1981 00:00:00;   316
08.05.1981 00:00:00;   315
09.05.1981 00:00:00;   318
10.05.1981 00:00:00;   332
11.05.1981 00:00:00;   340
12.05.1981 00:00:00;   340
13.05.1981 00:00:00;   335
14.05.1981 00:00:00;   329
15.05.1981 00:00:00;   330
16.05.1981 00:00:00;   331
17.05.1981 00:00:00;   328
18.05.1981 00:00:00;   323
19.05.1981 00:00:00;   328
20.05.1981 00:00:00;   331
21.05.1981 00:00:00;   341
22.05.1981 00:00:00;   369
23.05.1981 00:00:00;   357
24.05.1981 00:00:00;   347
25.05.1981 00:00:00;   346
26.05.1981 00:00:00;   355
27.05.1981 00:00:00;   405
28.05.1981 00:00:00;   442
29.05.1981 00:00:00;   390
30.05.1981 00:00:00;   374
31.05.1981 00:00:00;   367
01.06.1981 00:00:00;   383
02.06.1981 00:00:00;   403
03.06.1981 00:00:00;   432
04.06.1981 00:00:00;   448
05.06.1981 00:00:00;   414
06.06.1981 00:00:00;   381
07.06.1981 00:00:00;   384
08.06.1981 00:00:00;   395
09.06.1981 00:00:00;   406
10.06.1981 00:00:00;   451
11.06.1981 00:00:00;   443
12.06.1981 00:00:00;   436
13.06.1981 00:00:00;   430
14.06.1981 00:00:00;   422
15.06.1981 00:00:00;   431
16.06.1981 00:00:00;   430
17.06.1981 00:00:00;   423
18.06.1981 00:00:00;   413
19.06.1981 00:00:00;   408
20.06.1981 00:00:00;   378
21.06.1981 00:00:00;   374
22.06.1981 00:00:00;   362
23.06.1981 00:00:00;   356
24.06.1981 00:00:00;   352
25.06.1981 00:00:00;   351
26.06.1981 00:00:00;   354
27.06.1981 00:00:00;   348
28.06.1981 00:00:00;   350
29.06.1981 00:00:00;   370
30.06.1981 00:00:00;   359
01.07.1981 00:00:00;   376
02.07.1981 00:00:00;   380
03.07.1981 00:00:00;   391
04.07.1981 00:00:00;   440
05.07.1981 00:00:00;   413
06.07.1981 00:00:00;   371
07.07.1981 00:00:00;   379
08.07.1981 00:00:00;   376
09.07.1981 00:00:00;   354
10.07.1981 00:00:00;   373
11.07.1981 00:00:00;   374
12.07.1981 00:00:00;   367
13.07.1981 00:00:00;   361
14.07.1981 00:00:00;   376
15.07.1981 00:00:00;   367
16.07.1981 00:00:00;   365
17.07.1981 00:00:00;   390
18.07.1981 00:00:00;   412
19.07.1981 00:00:00;   427
20.07.1981 00:00:00;   426
21.07.1981 00:00:00;   448
22.07.1981 00:00:00;   422
23.07.1981 00:00:00;   430
24.07.1981 00:00:00;   518
25.07.1981 00:00:00;   506
26.07.1981 00:00:00;   455
27.07.1981 00:00:00;   433
28.07.1981 00:00:00;   420
29.07.1981 00:00:00;   415
30.07.1981 00:00:00;   414
31.07.1981 00:00:00;   411
01.08.1981 00:00:00;   385
02.08.1981 00:00:00;   363
03.08.1981 00:00:00;   387
04.08.1981 00:00:00;   382
05.08.1981 00:00:00;   374
06.08.1981 00:00:00;   373
07.08.1981 00:00:00;   366
08.08.1981 00:00:00;   363
09.08.1981 00:00:00;   366
10.08.1981 00:00:00;   355
11.08.1981 00:00:00;   361
12.08.1981 00:00:00;   369
13.08.1981 00:00:00;   362
14.08.1981 00:00:00;   356
15.08.1981 00:00:00;   347
16.08.1981 00:00:00;   345
17.08.1981 00:00:00;   365
18.08.1981 00:00:00;   356
19.08.1981 00:00:00;   353
20.08.1981 00:00:00;   343
21.08.1981 00:00:00;   340
22.08.1981 00:00:00;   335
23.08.1981 00:00:00;   328
24.08.1981 00:00:00;   330
25.08.1981 00:00:00;   329
26.08.1981 00:00:00;   330
27.08.1981 00:00:00;   332
28.08.1981 00:00:00;   330
29.08.1981 00:00:00;   319
30.08.1981 00:00:00;   316
31.08.1981 00:00:00;   323
01.09.1981 00:00:00;   325
02.09.1981 00:00:00;   330
03.09.1981 00:00:00;   333
04.09.1981 00:00:00;   332
05.09.1981 00:00:00;   321
06.09.1981 00:00:00;   315
07.09.1981 00:00:00;   316
08.09.1981 00:00:00;   317
09.09.1981 00:00:00;   328
10.09.1981 00:00:00;   332
11.09.1981 00:00:00;   331
12.09.1981 00:00:00;   317
13.09.1981 00:00:00;   317
14.09.1981 00:00:00;   328
15.09.1981 00:00:00;   320
16.09.1981 00:00:00;   315
17.09.1981 00:00:00;   312
18.09.1981 00:00:00;   314
19.09.1981 00:00:00;   307
20.09.1981 00:00:00;   307
21.09.1981 00:00:00;   346
22.09.1981 00:00:00;   536
23.09.1981 00:00:00;   519
24.09.1981 00:00:00;   440
25.09.1981 00:00:00;   443
26.09.1981 00:00:00;   450
27.09.1981 00:00:00;   571
28.09.1981 00:00:00;   464
29.09.1981 00:00:00;   441
30.09.1981 00:00:00;   409
01.10.1981 00:00:00;   395
02.10.1981 00:00:00;   385
03.10.1981 00:00:00;   370
04.10.1981 00:00:00;   357
05.10.1981 00:00:00;   378
06.10.1981 00:00:00;   344
07.10.1981 00:00:00;   339
08.10.1981 00:00:00;   349
09.10.1981 00:00:00;   354
10.10.1981 00:00:00;   348
11.10.1981 00:00:00;   343
12.10.1981 00:00:00;   346
13.10.1981 00:00:00;   358
14.10.1981 00:00:00;   356
15.10.1981 00:00:00;   375
16.10.1981 00:00:00;   363
17.10.1981 00:00:00;   348
18.10.1981 00:00:00;   343
19.10.1981 00:00:00;   346
20.10.1981 00:00:00;   339
21.10.1981 00:00:00;   339
22.10.1981 00:00:00;   343
23.10.1981 00:00:00;   330
24.10.1981 00:00:00;   324
25.10.1981 00:00:00;   317
26.10.1981 00:00:00;   309
27.10.1981 00:00:00;   320
28.10.1981 00:00:00;   327
29.10.1981 00:00:00;   334
30.10.1981 00:00:00;   314
31.10.1981 00:00:00;   309
01.11.1981 00:00:00;   323
02.11.1981 00:00:00;   336
03.11.1981 00:00:00;   335
04.11.1981 00:00:00;   335
05.11.1981 00:00:00;   331
06.11.1981 00:00:00;   326
07.11.1981 00:00:00;   321
08.11.1981 00:00:00;   316
09.11.1981 00:00:00;   311
10.11.1981 00:00:00;   315
11.11.1981 00:00:00;   316
12.11.1981 00:00:00;   308
13.11.1981 00:00:00;   319
14.11.1981 00:00:00;   306
15.11.1981 00:00:00;   305
16.11.1981 00:00:00;   304
17.11.1981 00:00:00;   304
18.11.1981 00:00:00;   300
19.11.1981 00:00:00;   295
20.11.1981 00:00:00;   294
21.11.1981 00:00:00;   293
22.11.1981 00:00:00;   292
23.11.1981 00:00:00;   291
24.11.1981 00:00:00;   291
25.11.1981 00:00:00;   294
26.11.1981 00:00:00;   296
27.11.1981 00:00:00;   301
28.11.1981 00:00:00;   303
29.11.1981 00:00:00;   297
30.11.1981 00:00:00;   294
01.12.1981 00:00:00;   296
02.12.1981 00:00:00;   293
03.12.1981 00:00:00;   288
04.12.1981 00:00:00;   277
05.12.1981 00:00:00;   272
06.12.1981 00:00:00;   282
07.12.1981 00:00:00;   286
08.12.1981 00:00:00;   290
09.12.1981 00:00:00;   290
10.12.1981 00:00:00;   288
11.12.1981 00:00:00;   287
12.12.1981 00:00:00;   289
13.12.1981 00:00:00;   287
14.12.1981 00:00:00;   287
15.12.1981 00:00:00;   294
16.12.1981 00:00:00;   293
17.12.1981 00:00:00;   292
18.12.1981 00:00:00;   293
19.12.1981 00:00:00;   297
20.12.1981 00:00:00;   297
21.12.1981 00:00:00;   301
22.12.1981 00:00:00;   298
23.12.1981 00:00:00;   296
24.12.1981 00:00:00;   292
25.12.1981 00:00:00;   288
26.12.1981 00:00:00;   284
27.12.1981 00:00:00;   282
28.12.1981 00:00:00;   281
29.12.1981 00:00:00;   283
30.12.1981 00:00:00;   282
31.12.1981 00:00:00;   280
01.01.1982 00:00:00;   285
02.01.1982 00:00:00;   283
03.01.1982 00:00:00;   284
04.01.1982 00:00:00;   283
05.01.1982 00:00:00;   282
06.01.1982 00:00:00;   284
07.01.1982 00:00:00;   286
08.01.1982 00:00:00;   294
09.01.1982 00:00:00;   292
10.01.1982 00:00:00;   292
11.01.1982 00:00:00;   296
12.01.1982 00:00:00;   302
13.01.1982 00:00:00;   302
14.01.1982 00:00:00;   301
15.01.1982 00:00:00;   298
16.01.1982 00:00:00;   288
17.01.1982 00:00:00;   286
18.01.1982 00:00:00;   289
19.01.1982 00:00:00;   298
20.01.1982 00:00:00;   299
21.01.1982 00:00:00;   300
22.01.1982 00:00:00;   292
23.01.1982 00:00:00;   287
24.01.1982 00:00:00;   286
25.01.1982 00:00:00;   282
26.01.1982 00:00:00;   289
27.01.1982 00:00:00;   290
28.01.1982 00:00:00;   296
29.01.1982 00:00:00;   301
30.01.1982 00:00:00;   289
31.01.1982 00:00:00;   289
01.02.1982 00:00:00;   279
02.02.1982 00:00:00;   285
03.02.1982 00:00:00;   289
04.02.1982 00:00:00;   291
05.02.1982 00:00:00;   300
06.02.1982 00:00:00;   290
07.02.1982 00:00:00;   281
08.02.1982 00:00:00;   284
09.02.1982 00:00:00;   300
10.02.1982 00:00:00;   295
11.02.1982 00:00:00;   293
12.02.1982 00:00:00;   292
13.02.1982 00:00:00;   293
14.02.1982 00:00:00;   294
15.02.1982 00:00:00;   292
16.02.1982 00:00:00;   287
17.02.1982 00:00:00;   299
18.02.1982 00:00:00;   325
19.02.1982 00:00:00;   329
20.02.1982 00:00:00;   295
21.02.1982 00:00:00;   280
22.02.1982 00:00:00;   284
23.02.1982 00:00:00;   289
24.02.1982 00:00:00;   296
25.02.1982 00:00:00;   305
26.02.1982 00:00:00;   306
27.02.1982 00:00:00;   297
28.02.1982 00:00:00;   287
01.03.1982 00:00:00;   282
02.03.1982 00:00:00;   288
03.03.1982 00:00:00;   294
04.03.1982 00:00:00;   298
05.03.1982 00:00:00;   300
06.03.1982 00:00:00;   291
07.03.1982 00:00:00;   284
08.03.1982 00:00:00;   285
09.03.1982 00:00:00;   288
10.03.1982 00:00:00;   289
11.03.1982 00:00:00;   288
12.03.1982 00:00:00;   289
13.03.1982 00:00:00;   287
14.03.1982 00:00:00;   282
15.03.1982 00:00:00;   285
16.03.1982 00:00:00;   292
17.03.1982 00:00:00;   289
18.03.1982 00:00:00;   294
19.03.1982 00:00:00;   295
20.03.1982 00:00:00;   282
21.03.1982 00:00:00;   280
22.03.1982 00:00:00;   279
23.03.1982 00:00:00;   291
24.03.1982 00:00:00;   294
25.03.1982 00:00:00;   292
26.03.1982 00:00:00;   292
27.03.1982 00:00:00;   290
28.03.1982 00:00:00;   291
29.03.1982 00:00:00;   290
30.03.1982 00:00:00;   289
31.03.1982 00:00:00;   292
01.04.1982 00:00:00;   296
02.04.1982 00:00:00;   297
03.04.1982 00:00:00;   302
04.04.1982 00:00:00;   301
05.04.1982 00:00:00;   299
06.04.1982 00:00:00;   316
07.04.1982 00:00:00;   335
08.04.1982 00:00:00;   339
09.04.1982 00:00:00;   336
10.04.1982 00:00:00;   319
11.04.1982 00:00:00;   318
12.04.1982 00:00:00;   314
13.04.1982 00:00:00;   322
14.04.1982 00:00:00;   324
15.04.1982 00:00:00;   331
16.04.1982 00:00:00;   324
17.04.1982 00:00:00;   309
18.04.1982 00:00:00;   307
19.04.1982 00:00:00;   314
20.04.1982 00:00:00;   315
21.04.1982 00:00:00;   320
22.04.1982 00:00:00;   319
23.04.1982 00:00:00;   321
24.04.1982 00:00:00;   324
25.04.1982 00:00:00;   319
26.04.1982 00:00:00;   315
27.04.1982 00:00:00;   316
28.04.1982 00:00:00;   317
29.04.1982 00:00:00;   312
30.04.1982 00:00:00;   309
01.05.1982 00:00:00;   305
02.05.1982 00:00:00;   296
03.05.1982 00:00:00;   289
04.05.1982 00:00:00;   303
05.05.1982 00:00:00;   313
06.05.1982 00:00:00;   335
07.05.1982 00:00:00;   338
08.05.1982 00:00:00;   331
09.05.1982 00:00:00;   316
10.05.1982 00:00:00;   322
11.05.1982 00:00:00;   331
12.05.1982 00:00:00;   346
13.05.1982 00:00:00;   348
14.05.1982 00:00:00;   350
15.05.1982 00:00:00;   348
16.05.1982 00:00:00;   360
17.05.1982 00:00:00;   371
18.05.1982 00:00:00;   382
19.05.1982 00:00:00;   395
20.05.1982 00:00:00;   397
21.05.1982 00:00:00;   398
22.05.1982 00:00:00;   397
23.05.1982 00:00:00;   402
24.05.1982 00:00:00;   432
25.05.1982 00:00:00;   399
26.05.1982 00:00:00;   377
27.05.1982 00:00:00;   362
28.05.1982 00:00:00;   387
29.05.1982 00:00:00;   395
30.05.1982 00:00:00;   396
31.05.1982 00:00:00;   400
01.06.1982 00:00:00;   423
02.06.1982 00:00:00;   429
03.06.1982 00:00:00;   439
04.06.1982 00:00:00;   438
05.06.1982 00:00:00;   429
06.06.1982 00:00:00;   427
07.06.1982 00:00:00;   436
08.06.1982 00:00:00;   436
09.06.1982 00:00:00;   436
10.06.1982 00:00:00;   436
11.06.1982 00:00:00;   434
12.06.1982 00:00:00;   435
13.06.1982 00:00:00;   436
14.06.1982 00:00:00;   430
15.06.1982 00:00:00;   402
16.06.1982 00:00:00;   394
17.06.1982 00:00:00;   422
18.06.1982 00:00:00;   408
19.06.1982 00:00:00;   387
20.06.1982 00:00:00;   387
21.06.1982 00:00:00;   400
22.06.1982 00:00:00;   415
23.06.1982 00:00:00;   432
24.06.1982 00:00:00;   429
25.06.1982 00:00:00;   424
26.06.1982 00:00:00;   436
27.06.1982 00:00:00;   436
28.06.1982 00:00:00;   424
29.06.1982 00:00:00;   407
30.06.1982 00:00:00;   405
01.07.1982 00:00:00;   401
02.07.1982 00:00:00;   397
03.07.1982 00:00:00;   396
04.07.1982 00:00:00;   400
05.07.1982 00:00:00;   390
06.07.1982 00:00:00;   385
07.07.1982 00:00:00;   398
08.07.1982 00:00:00;   394
09.07.1982 00:00:00;   387
10.07.1982 00:00:00;   375
11.07.1982 00:00:00;   370
12.07.1982 00:00:00;   366
13.07.1982 00:00:00;   368
14.07.1982 00:00:00;   367
15.07.1982 00:00:00;   365
16.07.1982 00:00:00;   365
17.07.1982 00:00:00;   357
18.07.1982 00:00:00;   349
19.07.1982 00:00:00;   351
20.07.1982 00:00:00;   353
21.07.1982 00:00:00;   351
22.07.1982 00:00:00;   357
23.07.1982 00:00:00;   341
24.07.1982 00:00:00;   347
25.07.1982 00:00:00;   344
26.07.1982 00:00:00;   339
27.07.1982 00:00:00;   347
28.07.1982 00:00:00;   339
29.07.1982 00:00:00;   341
30.07.1982 00:00:00;   338
31.07.1982 00:00:00;   340
01.08.1982 00:00:00;   339
02.08.1982 00:00:00;   344
03.08.1982 00:00:00;   342
04.08.1982 00:00:00;   338
05.08.1982 00:00:00;   349
06.08.1982 00:00:00;   353
07.08.1982 00:00:00;   345
08.08.1982 00:00:00;   341
09.08.1982 00:00:00;   335
10.08.1982 00:00:00;   335
11.08.1982 00:00:00;   334
12.08.1982 00:00:00;   332
13.08.1982 00:00:00;   335
14.08.1982 00:00:00;   328
15.08.1982 00:00:00;   324
16.08.1982 00:00:00;   327
17.08.1982 00:00:00;   330
18.08.1982 00:00:00;   328
19.08.1982 00:00:00;   329
20.08.1982 00:00:00;   327
21.08.1982 00:00:00;   324
22.08.1982 00:00:00;   319
23.08.1982 00:00:00;   322
24.08.1982 00:00:00;   339
25.08.1982 00:00:00;   322
26.08.1982 00:00:00;   322
27.08.1982 00:00:00;   313
28.08.1982 00:00:00;   317
29.08.1982 00:00:00;   325
30.08.1982 00:00:00;   338
31.08.1982 00:00:00;   337
01.09.1982 00:00:00;   339
02.09.1982 00:00:00;   361
03.09.1982 00:00:00;   356
04.09.1982 00:00:00;   351
05.09.1982 00:00:00;   345
06.09.1982 00:00:00;   359
07.09.1982 00:00:00;   365
08.09.1982 00:00:00;   376
09.09.1982 00:00:00;   401
10.09.1982 00:00:00;   397
11.09.1982 00:00:00;   380
12.09.1982 00:00:00;   369
13.09.1982 00:00:00;   358
14.09.1982 00:00:00;   355
15.09.1982 00:00:00;   351
16.09.1982 00:00:00;   343
17.09.1982 00:00:00;   344
18.09.1982 00:00:00;   340
19.09.1982 00:00:00;   339
20.09.1982 00:00:00;   318
21.09.1982 00:00:00;   330
22.09.1982 00:00:00;   323
23.09.1982 00:00:00;   316
24.09.1982 00:00:00;   309
25.09.1982 00:00:00;   313
26.09.1982 00:00:00;   395
27.09.1982 00:00:00;   483
28.09.1982 00:00:00;   417
29.09.1982 00:00:00;   354
30.09.1982 00:00:00;   354
01.10.1982 00:00:00;   353
02.10.1982 00:00:00;   331
03.10.1982 00:00:00;   323
04.10.1982 00:00:00;   326
05.10.1982 00:00:00;   331
06.10.1982 00:00:00;   322
07.10.1982 00:00:00;   325
08.10.1982 00:00:00;   331
09.10.1982 00:00:00;   326
10.10.1982 00:00:00;   314
11.10.1982 00:00:00;   319
12.10.1982 00:00:00;   315
13.10.1982 00:00:00;   321
14.10.1982 00:00:00;   336
15.10.1982 00:00:00;   323
16.10.1982 00:00:00;   315
17.10.1982 00:00:00;   320
18.10.1982 00:00:00;   324
19.10.1982 00:00:00;   328
20.10.1982 00:00:00;   332
21.10.1982 00:00:00;   317
22.10.1982 00:00:00;   314
23.10.1982 00:00:00;   306
24.10.1982 00:00:00;   303
25.10.1982 00:00:00;   310
26.10.1982 00:00:00;   318
27.10.1982 00:00:00;   321
28.10.1982 00:00:00;   329
29.10.1982 00:00:00;   323
30.10.1982 00:00:00;   308
31.10.1982 00:00:00;   304
01.11.1982 00:00:00;   304
02.11.1982 00:00:00;   309
03.11.1982 00:00:00;   301
04.11.1982 00:00:00;   300
05.11.1982 00:00:00;   295
06.11.1982 00:00:00;   291
07.11.1982 00:00:00;   287
08.11.1982 00:00:00;   287
09.11.1982 00:00:00;   286
10.11.1982 00:00:00;   285
11.11.1982 00:00:00;   277
12.11.1982 00:00:00;   271
13.11.1982 00:00:00;   268
14.11.1982 00:00:00;   274
15.11.1982 00:00:00;   273
16.11.1982 00:00:00;   281
17.11.1982 00:00:00;   282
18.11.1982 00:00:00;   283
19.11.1982 00:00:00;   287
20.11.1982 00:00:00;   284
21.11.1982 00:00:00;   274
22.11.1982 00:00:00;   282
23.11.1982 00:00:00;   282
24.11.1982 00:00:00;   288
25.11.1982 00:00:00;   288
26.11.1982 00:00:00;   293
27.11.1982 00:00:00;   287
28.11.1982 00:00:00;   288
29.11.1982 00:00:00;   287
30.11.1982 00:00:00;   284
01.12.1982 00:00:00;   290
02.12.1982 00:00:00;   291
03.12.1982 00:00:00;   289
04.12.1982 00:00:00;   284
05.12.1982 00:00:00;   263
06.12.1982 00:00:00;   264
07.12.1982 00:00:00;   281
08.12.1982 00:00:00;   273
09.12.1982 00:00:00;   269
10.12.1982 00:00:00;   266
11.12.1982 00:00:00;   264
12.12.1982 00:00:00;   265
13.12.1982 00:00:00;   261
14.12.1982 00:00:00;   265
15.12.1982 00:00:00;   269
16.12.1982 00:00:00;   273
17.12.1982 00:00:00;   281
18.12.1982 00:00:00;   284
19.12.1982 00:00:00;   265
20.12.1982 00:00:00;   267
21.12.1982 00:00:00;   279
22.12.1982 00:00:00;   276
23.12.1982 00:00:00;   275
24.12.1982 00:00:00;   277
25.12.1982 00:00:00;   279
26.12.1982 00:00:00;   267
27.12.1982 00:00:00;   262
28.12.1982 00:00:00;   267
29.12.1982 00:00:00;   270
30.12.1982 00:00:00;   274
31.12.1982 00:00:00;   277
01.01.1983 00:00:00;   295
02.01.1983 00:00:00;   274
03.01.1983 00:00:00;   264
04.01.1983 00:00:00;   263
05.01.1983 00:00:00;   280
06.01.1983 00:00:00;   267
07.01.1983 00:00:00;   257
08.01.1983 00:00:00;   256
09.01.1983 00:00:00;   260
10.01.1983 00:00:00;   263
11.01.1983 00:00:00;   265
12.01.1983 00:00:00;   265
13.01.1983 00:00:00;   263
14.01.1983 00:00:00;   264
15.01.1983 00:00:00;   265
16.01.1983 00:00:00;   277
17.01.1983 00:00:00;   269
18.01.1983 00:00:00;   277
19.01.1983 00:00:00;   279
20.01.1983 00:00:00;   277
21.01.1983 00:00:00;   281
22.01.1983 00:00:00;   274
23.01.1983 00:00:00;   270
24.01.1983 00:00:00;   266
25.01.1983 00:00:00;   277
26.01.1983 00:00:00;   280
27.01.1983 00:00:00;   274
28.01.1983 00:00:00;   274
29.01.1983 00:00:00;   276
30.01.1983 00:00:00;   276
31.01.1983 00:00:00;   278
01.02.1983 00:00:00;   286
02.02.1983 00:00:00;   292
03.02.1983 00:00:00;   295
04.02.1983 00:00:00;   291
05.02.1983 00:00:00;   291
06.02.1983 00:00:00;   289
07.02.1983 00:00:00;   287
08.02.1983 00:00:00;   286
09.02.1983 00:00:00;   280
10.02.1983 00:00:00;   289
11.02.1983 00:00:00;   299
12.02.1983 00:00:00;   272
13.02.1983 00:00:00;   271
14.02.1983 00:00:00;   267
15.02.1983 00:00:00;   274
16.02.1983 00:00:00;   274
17.02.1983 00:00:00;   273
18.02.1983 00:00:00;   283
19.02.1983 00:00:00;   277
20.02.1983 00:00:00;   279
21.02.1983 00:00:00;   284
22.02.1983 00:00:00;   286
23.02.1983 00:00:00;   286
24.02.1983 00:00:00;   285
25.02.1983 00:00:00;   285
26.02.1983 00:00:00;   278
27.02.1983 00:00:00;   258
28.02.1983 00:00:00;   255
01.03.1983 00:00:00;   259
02.03.1983 00:00:00;   267
03.03.1983 00:00:00;   272
04.03.1983 00:00:00;   276
05.03.1983 00:00:00;   275
06.03.1983 00:00:00;   260
07.03.1983 00:00:00;   259
08.03.1983 00:00:00;   277
09.03.1983 00:00:00;   277
10.03.1983 00:00:00;   279
11.03.1983 00:00:00;   283
12.03.1983 00:00:00;   279
13.03.1983 00:00:00;   273
14.03.1983 00:00:00;   271
15.03.1983 00:00:00;   274
16.03.1983 00:00:00;   286
17.03.1983 00:00:00;   290
18.03.1983 00:00:00;   292
19.03.1983 00:00:00;   278
20.03.1983 00:00:00;   282
21.03.1983 00:00:00;   283
22.03.1983 00:00:00;   311
23.03.1983 00:00:00;   313
24.03.1983 00:00:00;   301
25.03.1983 00:00:00;   317
26.03.1983 00:00:00;   301
27.03.1983 00:00:00;   286
28.03.1983 00:00:00;   285
29.03.1983 00:00:00;   282
30.03.1983 00:00:00;   281
31.03.1983 00:00:00;   285
01.04.1983 00:00:00;   282
02.04.1983 00:00:00;   283
03.04.1983 00:00:00;   282
04.04.1983 00:00:00;   282
05.04.1983 00:00:00;   275
06.04.1983 00:00:00;   274
07.04.1983 00:00:00;   275
08.04.1983 00:00:00;   277
09.04.1983 00:00:00;   280
10.04.1983 00:00:00;   285
11.04.1983 00:00:00;   299
12.04.1983 00:00:00;   312
13.04.1983 00:00:00;   306
14.04.1983 00:00:00;   294
15.04.1983 00:00:00;   280
16.04.1983 00:00:00;   271
17.04.1983 00:00:00;   276
18.04.1983 00:00:00;   287
19.04.1983 00:00:00;   305
20.04.1983 00:00:00;   314
21.04.1983 00:00:00;   323
22.04.1983 00:00:00;   356
23.04.1983 00:00:00;   348
24.04.1983 00:00:00;   339
25.04.1983 00:00:00;   334
26.04.1983 00:00:00;   338
27.04.1983 00:00:00;   340
28.04.1983 00:00:00;   340
29.04.1983 00:00:00;   334
30.04.1983 00:00:00;   323
01.05.1983 00:00:00;   335
02.05.1983 00:00:00;   346
03.05.1983 00:00:00;   338
04.05.1983 00:00:00;   336
05.05.1983 00:00:00;   337
06.05.1983 00:00:00;   327
07.05.1983 00:00:00;   328
08.05.1983 00:00:00;   352
09.05.1983 00:00:00;   354
10.05.1983 00:00:00;   352
11.05.1983 00:00:00;   346
12.05.1983 00:00:00;   333
13.05.1983 00:00:00;   333
14.05.1983 00:00:00;   340
15.05.1983 00:00:00;   400
16.05.1983 00:00:00;   495
17.05.1983 00:00:00;   431
18.05.1983 00:00:00;   414
19.05.1983 00:00:00;   402
20.05.1983 00:00:00;   410
21.05.1983 00:00:00;   402
22.05.1983 00:00:00;   454
23.05.1983 00:00:00;   442
24.05.1983 00:00:00;   425
25.05.1983 00:00:00;   405
26.05.1983 00:00:00;   397
27.05.1983 00:00:00;   390
28.05.1983 00:00:00;   385
29.05.1983 00:00:00;   390
30.05.1983 00:00:00;   395
31.05.1983 00:00:00;   392
01.06.1983 00:00:00;   390
02.06.1983 00:00:00;   406
03.06.1983 00:00:00;   420
04.06.1983 00:00:00;   433
05.06.1983 00:00:00;   449
06.06.1983 00:00:00;   458
07.06.1983 00:00:00;   462
08.06.1983 00:00:00;   463
09.06.1983 00:00:00;   462
10.06.1983 00:00:00;   463
11.06.1983 00:00:00;   467
12.06.1983 00:00:00;   450
13.06.1983 00:00:00;   444
14.06.1983 00:00:00;   467
15.06.1983 00:00:00;   427
16.06.1983 00:00:00;   407
17.06.1983 00:00:00;   391
18.06.1983 00:00:00;   373
19.06.1983 00:00:00;   366
20.06.1983 00:00:00;   377
21.06.1983 00:00:00;   389
22.06.1983 00:00:00;   397
23.06.1983 00:00:00;   405
24.06.1983 00:00:00;   406
25.06.1983 00:00:00;   409
26.06.1983 00:00:00;   415
27.06.1983 00:00:00;   419
28.06.1983 00:00:00;   420
29.06.1983 00:00:00;   417
30.06.1983 00:00:00;   411
01.07.1983 00:00:00;   407
02.07.1983 00:00:00;   400
03.07.1983 00:00:00;   397
04.07.1983 00:00:00;   399
05.07.1983 00:00:00;   415
06.07.1983 00:00:00;   422
07.07.1983 00:00:00;   409
08.07.1983 00:00:00;   408
09.07.1983 00:00:00;   394
10.07.1983 00:00:00;   395
11.07.1983 00:00:00;   397
12.07.1983 00:00:00;   404
13.07.1983 00:00:00;   399
14.07.1983 00:00:00;   404
15.07.1983 00:00:00;   398
16.07.1983 00:00:00;   397
17.07.1983 00:00:00;   380
18.07.1983 00:00:00;   379
19.07.1983 00:00:00;   378
20.07.1983 00:00:00;   376
21.07.1983 00:00:00;   377
22.07.1983 00:00:00;   389
23.07.1983 00:00:00;   381
24.07.1983 00:00:00;   374
25.07.1983 00:00:00;   374
26.07.1983 00:00:00;   373
27.07.1983 00:00:00;   379
28.07.1983 00:00:00;   375
29.07.1983 00:00:00;   367
30.07.1983 00:00:00;   362
31.07.1983 00:00:00;   356
01.08.1983 00:00:00;   353
02.08.1983 00:00:00;   367
03.08.1983 00:00:00;   375
04.08.1983 00:00:00;   360
05.08.1983 00:00:00;   354
06.08.1983 00:00:00;   351
07.08.1983 00:00:00;   339
08.08.1983 00:00:00;   336
09.08.1983 00:00:00;   339
10.08.1983 00:00:00;   341
11.08.1983 00:00:00;   345
12.08.1983 00:00:00;   344
13.08.1983 00:00:00;   328
14.08.1983 00:00:00;   321
15.08.1983 00:00:00;   326
16.08.1983 00:00:00;   334
17.08.1983 00:00:00;   328
18.08.1983 00:00:00;   321
19.08.1983 00:00:00;   320
20.08.1983 00:00:00;   317
21.08.1983 00:00:00;   312
22.08.1983 00:00:00;   320
23.08.1983 00:00:00;   321
24.08.1983 00:00:00;   321
25.08.1983 00:00:00;   321
26.08.1983 00:00:00;   317
27.08.1983 00:00:00;   311
28.08.1983 00:00:00;   309
29.08.1983 00:00:00;   314
30.08.1983 00:00:00;   308
31.08.1983 00:00:00;   308
01.09.1983 00:00:00;   310
02.09.1983 00:00:00;   327
03.09.1983 00:00:00;   345
04.09.1983 00:00:00;   343
05.09.1983 00:00:00;   367
06.09.1983 00:00:00;   379
07.09.1983 00:00:00;   372
08.09.1983 00:00:00;   347
09.09.1983 00:00:00;   351
10.09.1983 00:00:00;   353
11.09.1983 00:00:00;   478
12.09.1983 00:00:00;   437
13.09.1983 00:00:00;   393
14.09.1983 00:00:00;   371
15.09.1983 00:00:00;   365
16.09.1983 00:00:00;   382
17.09.1983 00:00:00;   401
18.09.1983 00:00:00;   377
19.09.1983 00:00:00;   375
20.09.1983 00:00:00;   358
21.09.1983 00:00:00;   351
22.09.1983 00:00:00;   343
23.09.1983 00:00:00;   341
24.09.1983 00:00:00;   336
25.09.1983 00:00:00;   328
26.09.1983 00:00:00;   330
27.09.1983 00:00:00;   330
28.09.1983 00:00:00;   326
29.09.1983 00:00:00;   323
30.09.1983 00:00:00;   320
01.10.1983 00:00:00;   323
02.10.1983 00:00:00;   324
03.10.1983 00:00:00;   322
04.10.1983 00:00:00;   321
05.10.1983 00:00:00;   323
06.10.1983 00:00:00;   325
07.10.1983 00:00:00;   323
08.10.1983 00:00:00;   321
09.10.1983 00:00:00;   319
10.10.1983 00:00:00;   320
11.10.1983 00:00:00;   320
12.10.1983 00:00:00;   320
13.10.1983 00:00:00;   320
14.10.1983 00:00:00;   325
15.10.1983 00:00:00;   323
16.10.1983 00:00:00;   317
17.10.1983 00:00:00;   318
18.10.1983 00:00:00;   321
19.10.1983 00:00:00;   323
20.10.1983 00:00:00;   322
21.10.1983 00:00:00;   318
22.10.1983 00:00:00;   316
23.10.1983 00:00:00;   315
24.10.1983 00:00:00;   319
25.10.1983 00:00:00;   319
26.10.1983 00:00:00;   318
27.10.1983 00:00:00;   317
28.10.1983 00:00:00;   318
29.10.1983 00:00:00;   316
30.10.1983 00:00:00;   315
31.10.1983 00:00:00;   316
01.11.1983 00:00:00;   315
02.11.1983 00:00:00;   317
03.11.1983 00:00:00;   316
04.11.1983 00:00:00;   317
05.11.1983 00:00:00;   316
06.11.1983 00:00:00;   315
07.11.1983 00:00:00;   317
08.11.1983 00:00:00;   317
09.11.1983 00:00:00;   318
10.11.1983 00:00:00;   317
11.11.1983 00:00:00;   316
12.11.1983 00:00:00;   315
13.11.1983 00:00:00;   308
14.11.1983 00:00:00;   314
15.11.1983 00:00:00;   318
16.11.1983 00:00:00;   317
17.11.1983 00:00:00;   315
18.11.1983 00:00:00;   316
19.11.1983 00:00:00;   315
20.11.1983 00:00:00;   314
21.11.1983 00:00:00;   315
22.11.1983 00:00:00;   318
23.11.1983 00:00:00;   317
24.11.1983 00:00:00;   316
25.11.1983 00:00:00;   316
26.11.1983 00:00:00;   317
27.11.1983 00:00:00;   323
28.11.1983 00:00:00;   318
29.11.1983 00:00:00;   320
30.11.1983 00:00:00;   319
01.12.1983 00:00:00;   318
02.12.1983 00:00:00;   317
03.12.1983 00:00:00;   317
04.12.1983 00:00:00;   318
05.12.1983 00:00:00;   318
06.12.1983 00:00:00;   319
07.12.1983 00:00:00;   318
08.12.1983 00:00:00;   317
09.12.1983 00:00:00;   313
10.12.1983 00:00:00;   308
11.12.1983 00:00:00;   313
12.12.1983 00:00:00;   317
13.12.1983 00:00:00;   318
14.12.1983 00:00:00;   318
15.12.1983 00:00:00;   318
16.12.1983 00:00:00;   320
17.12.1983 00:00:00;   315
18.12.1983 00:00:00;   313
19.12.1983 00:00:00;   315
20.12.1983 00:00:00;   316
21.12.1983 00:00:00;   318
22.12.1983 00:00:00;   320
23.12.1983 00:00:00;   319
24.12.1983 00:00:00;   320
25.12.1983 00:00:00;   317
26.12.1983 00:00:00;   315
27.12.1983 00:00:00;   309
28.12.1983 00:00:00;   308
29.12.1983 00:00:00;   314
30.12.1983 00:00:00;   314
31.12.1983 00:00:00;   316
01.01.1984 00:00:00;   313
02.01.1984 00:00:00;   313
03.01.1984 00:00:00;   319
04.01.1984 00:00:00;   325
05.01.1984 00:00:00;   328
06.01.1984 00:00:00;   318
07.01.1984 00:00:00;   315
08.01.1984 00:00:00;   314
09.01.1984 00:00:00;   313
10.01.1984 00:00:00;   314
11.01.1984 00:00:00;   316
12.01.1984 00:00:00;   317
13.01.1984 00:00:00;   316
14.01.1984 00:00:00;   316
15.01.1984 00:00:00;   313
16.01.1984 00:00:00;   312
17.01.1984 00:00:00;   314
18.01.1984 00:00:00;   314
19.01.1984 00:00:00;   315
20.01.1984 00:00:00;   317
21.01.1984 00:00:00;   314
22.01.1984 00:00:00;   312
23.01.1984 00:00:00;   314
24.01.1984 00:00:00;   315
25.01.1984 00:00:00;   315
26.01.1984 00:00:00;   314
27.01.1984 00:00:00;   314
28.01.1984 00:00:00;   313
29.01.1984 00:00:00;   311
30.01.1984 00:00:00;   311
31.01.1984 00:00:00;   314
01.02.1984 00:00:00;   318
02.02.1984 00:00:00;   316
03.02.1984 00:00:00;   313
04.02.1984 00:00:00;   312
05.02.1984 00:00:00;   313
06.02.1984 00:00:00;   313
07.02.1984 00:00:00;   314
08.02.1984 00:00:00;   316
09.02.1984 00:00:00;   318
10.02.1984 00:00:00;   317
11.02.1984 00:00:00;   314
12.02.1984 00:00:00;   311
13.02.1984 00:00:00;   312
14.02.1984 00:00:00;   316
15.02.1984 00:00:00;   317
16.02.1984 00:00:00;   316
17.02.1984 00:00:00;   316
18.02.1984 00:00:00;   315
19.02.1984 00:00:00;   315
20.02.1984 00:00:00;   332
21.02.1984 00:00:00;   329
22.02.1984 00:00:00;   327
23.02.1984 00:00:00;   324
24.02.1984 00:00:00;   318
25.02.1984 00:00:00;   315
26.02.1984 00:00:00;   316
27.02.1984 00:00:00;   314
28.02.1984 00:00:00;   316
29.02.1984 00:00:00;   317
01.03.1984 00:00:00;   311
02.03.1984 00:00:00;   312
03.03.1984 00:00:00;   312
04.03.1984 00:00:00;   313
05.03.1984 00:00:00;   311
06.03.1984 00:00:00;   314
07.03.1984 00:00:00;   316
08.03.1984 00:00:00;   318
09.03.1984 00:00:00;   316
10.03.1984 00:00:00;   315
11.03.1984 00:00:00;   312
12.03.1984 00:00:00;   314
13.03.1984 00:00:00;   315
14.03.1984 00:00:00;   316
15.03.1984 00:00:00;   315
16.03.1984 00:00:00;   317
17.03.1984 00:00:00;   313
18.03.1984 00:00:00;   312
19.03.1984 00:00:00;   311
20.03.1984 00:00:00;   314
21.03.1984 00:00:00;   314
22.03.1984 00:00:00;   315
23.03.1984 00:00:00;   315
24.03.1984 00:00:00;   314
25.03.1984 00:00:00;   314
26.03.1984 00:00:00;   312
27.03.1984 00:00:00;   313
28.03.1984 00:00:00;   316
29.03.1984 00:00:00;   319
30.03.1984 00:00:00;   318
31.03.1984 00:00:00;   315
01.04.1984 00:00:00;   319
02.04.1984 00:00:00;   330
03.04.1984 00:00:00;   330
04.04.1984 00:00:00;   325
05.04.1984 00:00:00;   325
06.04.1984 00:00:00;   321
07.04.1984 00:00:00;   318
08.04.1984 00:00:00;   311
09.04.1984 00:00:00;   311
10.04.1984 00:00:00;   314
11.04.1984 00:00:00;   316
12.04.1984 00:00:00;   315
13.04.1984 00:00:00;   314
14.04.1984 00:00:00;   314
15.04.1984 00:00:00;   314
16.04.1984 00:00:00;   317
17.04.1984 00:00:00;   319
18.04.1984 00:00:00;   317
19.04.1984 00:00:00;   316
20.04.1984 00:00:00;   318
21.04.1984 00:00:00;   318
22.04.1984 00:00:00;   322
23.04.1984 00:00:00;   328
24.04.1984 00:00:00;   328
25.04.1984 00:00:00;   326
26.04.1984 00:00:00;   332
27.04.1984 00:00:00;   351
28.04.1984 00:00:00;   349
29.04.1984 00:00:00;   334
30.04.1984 00:00:00;   335
01.05.1984 00:00:00;   323
02.05.1984 00:00:00;   323
03.05.1984 00:00:00;   336
04.05.1984 00:00:00;   349
05.05.1984 00:00:00;   361
06.05.1984 00:00:00;   372
07.05.1984 00:00:00;   379
08.05.1984 00:00:00;   383
09.05.1984 00:00:00;   372
10.05.1984 00:00:00;   359
11.05.1984 00:00:00;   344
12.05.1984 00:00:00;   337
13.05.1984 00:00:00;   335
14.05.1984 00:00:00;   349
15.05.1984 00:00:00;   347
16.05.1984 00:00:00;   345
17.05.1984 00:00:00;   347
18.05.1984 00:00:00;   341
19.05.1984 00:00:00;   341
20.05.1984 00:00:00;   345
21.05.1984 00:00:00;   354
22.05.1984 00:00:00;   353
23.05.1984 00:00:00;   347
24.05.1984 00:00:00;   344
25.05.1984 00:00:00;   341
26.05.1984 00:00:00;   338
27.05.1984 00:00:00;   343
28.05.1984 00:00:00;   346
29.05.1984 00:00:00;   350
30.05.1984 00:00:00;   346
31.05.1984 00:00:00;   335
01.06.1984 00:00:00;   332
02.06.1984 00:00:00;   336
03.06.1984 00:00:00;   343
04.06.1984 00:00:00;   379
05.06.1984 00:00:00;   376
06.06.1984 00:00:00;   370
07.06.1984 00:00:00;   365
08.06.1984 00:00:00;   361
09.06.1984 00:00:00;   352
10.06.1984 00:00:00;   350
11.06.1984 00:00:00;   361
12.06.1984 00:00:00;   372
13.06.1984 00:00:00;   377
14.06.1984 00:00:00;   379
15.06.1984 00:00:00;   423
16.06.1984 00:00:00;   411
17.06.1984 00:00:00;   396
18.06.1984 00:00:00;   405
19.06.1984 00:00:00;   403
20.06.1984 00:00:00;   409
21.06.1984 00:00:00;   425
22.06.1984 00:00:00;   435
23.06.1984 00:00:00;   420
24.06.1984 00:00:00;   409
25.06.1984 00:00:00;   410
26.06.1984 00:00:00;   393
27.06.1984 00:00:00;   387
28.06.1984 00:00:00;   393
29.06.1984 00:00:00;   397
30.06.1984 00:00:00;   392
01.07.1984 00:00:00;   380
02.07.1984 00:00:00;   398
03.07.1984 00:00:00;   409
04.07.1984 00:00:00;   396
05.07.1984 00:00:00;   384
06.07.1984 00:00:00;   371
07.07.1984 00:00:00;   364
08.07.1984 00:00:00;   367
09.07.1984 00:00:00;   379
10.07.1984 00:00:00;   392
11.07.1984 00:00:00;   399
12.07.1984 00:00:00;   405
13.07.1984 00:00:00;   419
14.07.1984 00:00:00;   406
15.07.1984 00:00:00;   384
16.07.1984 00:00:00;   381
17.07.1984 00:00:00;   371
18.07.1984 00:00:00;   360
19.07.1984 00:00:00;   355
20.07.1984 00:00:00;   353
21.07.1984 00:00:00;   356
22.07.1984 00:00:00;   360
23.07.1984 00:00:00;   363
24.07.1984 00:00:00;   365
25.07.1984 00:00:00;   366
26.07.1984 00:00:00;   362
27.07.1984 00:00:00;   357
28.07.1984 00:00:00;   352
29.07.1984 00:00:00;   352
30.07.1984 00:00:00;   358
31.07.1984 00:00:00;   363
01.08.1984 00:00:00;   367
02.08.1984 00:00:00;   364
03.08.1984 00:00:00;   360
04.08.1984 00:00:00;   355
05.08.1984 00:00:00;   358
06.08.1984 00:00:00;   361
07.08.1984 00:00:00;   362
08.08.1984 00:00:00;   360
09.08.1984 00:00:00;   359
10.08.1984 00:00:00;   361
11.08.1984 00:00:00;   363
12.08.1984 00:00:00;   361
13.08.1984 00:00:00;   355
14.08.1984 00:00:00;   353
15.08.1984 00:00:00;   354
16.08.1984 00:00:00;   352
17.08.1984 00:00:00;   346
18.08.1984 00:00:00;   344
19.08.1984 00:00:00;   343
20.08.1984 00:00:00;   344
21.08.1984 00:00:00;   344
22.08.1984 00:00:00;   342
23.08.1984 00:00:00;   343
24.08.1984 00:00:00;   346
25.08.1984 00:00:00;   348
26.08.1984 00:00:00;   351
27.08.1984 00:00:00;   350
28.08.1984 00:00:00;   349
29.08.1984 00:00:00;   349
30.08.1984 00:00:00;   349
31.08.1984 00:00:00;   348
01.09.1984 00:00:00;   338
02.09.1984 00:00:00;   335
03.09.1984 00:00:00;   341
04.09.1984 00:00:00;   344
05.09.1984 00:00:00;   358
06.09.1984 00:00:00;   413
07.09.1984 00:00:00;   415
08.09.1984 00:00:00;   372
09.09.1984 00:00:00;   357
10.09.1984 00:00:00;   353
11.09.1984 00:00:00;   357
12.09.1984 00:00:00;   362
13.09.1984 00:00:00;   361
14.09.1984 00:00:00;   357
15.09.1984 00:00:00;   367
16.09.1984 00:00:00;   382
17.09.1984 00:00:00;   392
18.09.1984 00:00:00;   412
19.09.1984 00:00:00;   420
20.09.1984 00:00:00;   398
21.09.1984 00:00:00;   386
22.09.1984 00:00:00;   387
23.09.1984 00:00:00;   384
24.09.1984 00:00:00;   381
25.09.1984 00:00:00;   377
26.09.1984 00:00:00;   372
27.09.1984 00:00:00;   374
28.09.1984 00:00:00;   368
29.09.1984 00:00:00;   362
30.09.1984 00:00:00;   360
01.10.1984 00:00:00;   373
02.10.1984 00:00:00;   383
03.10.1984 00:00:00;   390
04.10.1984 00:00:00;   392
05.10.1984 00:00:00;   394
06.10.1984 00:00:00;   386
07.10.1984 00:00:00;   381
08.10.1984 00:00:00;   372
09.10.1984 00:00:00;   370
10.10.1984 00:00:00;   368
11.10.1984 00:00:00;   366
12.10.1984 00:00:00;   364
13.10.1984 00:00:00;   361
14.10.1984 00:00:00;   356
15.10.1984 00:00:00;   359
16.10.1984 00:00:00;   360
17.10.1984 00:00:00;   357
18.10.1984 00:00:00;   361
19.10.1984 00:00:00;   357
20.10.1984 00:00:00;   353
21.10.1984 00:00:00;   347
22.10.1984 00:00:00;   350
23.10.1984 00:00:00;   344
24.10.1984 00:00:00;   342
25.10.1984 00:00:00;   345
26.10.1984 00:00:00;   349
27.10.1984 00:00:00;   344
28.10.1984 00:00:00;   341
29.10.1984 00:00:00;   340
30.10.1984 00:00:00;   342
31.10.1984 00:00:00;   342
01.11.1984 00:00:00;   335
02.11.1984 00:00:00;   336
03.11.1984 00:00:00;   336
04.11.1984 00:00:00;   334
05.11.1984 00:00:00;   339
06.11.1984 00:00:00;   336
07.11.1984 00:00:00;   334
08.11.1984 00:00:00;   334
09.11.1984 00:00:00;   336
10.11.1984 00:00:00;   339
11.11.1984 00:00:00;   334
12.11.1984 00:00:00;   334
13.11.1984 00:00:00;   330
14.11.1984 00:00:00;   331
15.11.1984 00:00:00;   333
16.11.1984 00:00:00;   335
17.11.1984 00:00:00;   334
18.11.1984 00:00:00;   332
19.11.1984 00:00:00;   333
20.11.1984 00:00:00;   332
21.11.1984 00:00:00;   332
22.11.1984 00:00:00;   331
23.11.1984 00:00:00;   332
24.11.1984 00:00:00;   332
25.11.1984 00:00:00;   330
26.11.1984 00:00:00;   330
27.11.1984 00:00:00;   328
28.11.1984 00:00:00;   329
29.11.1984 00:00:00;   329
30.11.1984 00:00:00;   331
01.12.1984 00:00:00;   335
02.12.1984 00:00:00;   328
03.12.1984 00:00:00;   328
04.12.1984 00:00:00;   330
05.12.1984 00:00:00;   331
06.12.1984 00:00:00;   333
07.12.1984 00:00:00;   333
08.12.1984 00:00:00;   333
09.12.1984 00:00:00;   335
10.12.1984 00:00:00;   334
11.12.1984 00:00:00;   327
12.12.1984 00:00:00;   328
13.12.1984 00:00:00;   333
14.12.1984 00:00:00;   344
15.12.1984 00:00:00;   337
16.12.1984 00:00:00;   329
17.12.1984 00:00:00;   327
18.12.1984 00:00:00;   330
19.12.1984 00:00:00;   336
20.12.1984 00:00:00;   336
21.12.1984 00:00:00;   338
22.12.1984 00:00:00;   335
23.12.1984 00:00:00;   329
24.12.1984 00:00:00;   326
25.12.1984 00:00:00;   324
26.12.1984 00:00:00;   323
27.12.1984 00:00:00;   324
28.12.1984 00:00:00;   326
29.12.1984 00:00:00;   327
30.12.1984 00:00:00;   325
31.12.1984 00:00:00;   326
01.01.1985 00:00:00;   326
02.01.1985 00:00:00;   322
03.01.1985 00:00:00;   331
04.01.1985 00:00:00;   332
05.01.1985 00:00:00;   328
06.01.1985 00:00:00;   325
07.01.1985 00:00:00;   326
08.01.1985 00:00:00;   336
09.01.1985 00:00:00;   342
10.01.1985 00:00:00;   339
11.01.1985 00:00:00;   337
12.01.1985 00:00:00;   332
13.01.1985 00:00:00;   326
14.01.1985 00:00:00;   324
15.01.1985 00:00:00;   334
16.01.1985 00:00:00;   335
17.01.1985 00:00:00;   333
18.01.1985 00:00:00;   335
19.01.1985 00:00:00;   330
20.01.1985 00:00:00;   321
21.01.1985 00:00:00;   318
22.01.1985 00:00:00;   320
23.01.1985 00:00:00;   321
24.01.1985 00:00:00;   324
25.01.1985 00:00:00;   323
26.01.1985 00:00:00;   323
27.01.1985 00:00:00;   317
28.01.1985 00:00:00;   313
29.01.1985 00:00:00;   314
30.01.1985 00:00:00;   315
31.01.1985 00:00:00;   314
01.02.1985 00:00:00;   319
02.02.1985 00:00:00;   318
03.02.1985 00:00:00;   322
04.02.1985 00:00:00;   318
05.02.1985 00:00:00;   317
06.02.1985 00:00:00;   320
07.02.1985 00:00:00;   321
08.02.1985 00:00:00;   322
09.02.1985 00:00:00;   320
10.02.1985 00:00:00;   317
11.02.1985 00:00:00;   322
12.02.1985 00:00:00;   335
13.02.1985 00:00:00;   337
14.02.1985 00:00:00;   337
15.02.1985 00:00:00;   334
16.02.1985 00:00:00;   335
17.02.1985 00:00:00;   329
18.02.1985 00:00:00;   328
19.02.1985 00:00:00;   329
20.02.1985 00:00:00;   330
21.02.1985 00:00:00;   330
22.02.1985 00:00:00;   329
23.02.1985 00:00:00;   326
24.02.1985 00:00:00;   321
25.02.1985 00:00:00;   324
26.02.1985 00:00:00;   326
27.02.1985 00:00:00;   325
28.02.1985 00:00:00;   326
01.03.1985 00:00:00;   329
02.03.1985 00:00:00;   324
03.03.1985 00:00:00;   317
04.03.1985 00:00:00;   315
05.03.1985 00:00:00;   319
06.03.1985 00:00:00;   318
07.03.1985 00:00:00;   319
08.03.1985 00:00:00;   322
09.03.1985 00:00:00;   325
10.03.1985 00:00:00;   319
11.03.1985 00:00:00;   332
12.03.1985 00:00:00;   328
13.03.1985 00:00:00;   323
14.03.1985 00:00:00;   325
15.03.1985 00:00:00;   321
16.03.1985 00:00:00;   318
17.03.1985 00:00:00;   313
18.03.1985 00:00:00;   313
19.03.1985 00:00:00;   317
20.03.1985 00:00:00;   315
21.03.1985 00:00:00;   314
22.03.1985 00:00:00;   315
23.03.1985 00:00:00;   314
24.03.1985 00:00:00;   311
25.03.1985 00:00:00;   311
26.03.1985 00:00:00;   313
27.03.1985 00:00:00;   314
28.03.1985 00:00:00;   317
29.03.1985 00:00:00;   319
30.03.1985 00:00:00;   317
31.03.1985 00:00:00;   316
01.04.1985 00:00:00;   318
02.04.1985 00:00:00;   318
03.04.1985 00:00:00;   323
04.04.1985 00:00:00;   325
05.04.1985 00:00:00;   327
06.04.1985 00:00:00;   326
07.04.1985 00:00:00;   326
08.04.1985 00:00:00;   324
09.04.1985 00:00:00;   329
10.04.1985 00:00:00;   335
11.04.1985 00:00:00;   332
12.04.1985 00:00:00;   329
13.04.1985 00:00:00;   323
14.04.1985 00:00:00;   324
15.04.1985 00:00:00;   323
16.04.1985 00:00:00;   324
17.04.1985 00:00:00;   329
18.04.1985 00:00:00;   325
19.04.1985 00:00:00;   321
20.04.1985 00:00:00;   326
21.04.1985 00:00:00;   330
22.04.1985 00:00:00;   336
23.04.1985 00:00:00;   339
24.04.1985 00:00:00;   340
25.04.1985 00:00:00;   332
26.04.1985 00:00:00;   328
27.04.1985 00:00:00;   330
28.04.1985 00:00:00;   329
29.04.1985 00:00:00;   325
30.04.1985 00:00:00;   331
01.05.1985 00:00:00;   332
02.05.1985 00:00:00;   332
03.05.1985 00:00:00;   331
04.05.1985 00:00:00;   329
05.05.1985 00:00:00;   325
06.05.1985 00:00:00;   329
07.05.1985 00:00:00;   337
08.05.1985 00:00:00;   358
09.05.1985 00:00:00;   344
10.05.1985 00:00:00;   338
11.05.1985 00:00:00;   337
12.05.1985 00:00:00;   338
13.05.1985 00:00:00;   344
14.05.1985 00:00:00;   369
15.05.1985 00:00:00;   385
16.05.1985 00:00:00;   382
17.05.1985 00:00:00;   375
18.05.1985 00:00:00;   372
19.05.1985 00:00:00;   370
20.05.1985 00:00:00;   370
21.05.1985 00:00:00;   370
22.05.1985 00:00:00;   372
23.05.1985 00:00:00;   368
24.05.1985 00:00:00;   367
25.05.1985 00:00:00;   373
26.05.1985 00:00:00;   370
27.05.1985 00:00:00;   378
28.05.1985 00:00:00;   396
29.05.1985 00:00:00;   401
30.05.1985 00:00:00;   400
31.05.1985 00:00:00;   399
01.06.1985 00:00:00;   404
02.06.1985 00:00:00;   410
03.06.1985 00:00:00;   416
04.06.1985 00:00:00;   430
05.06.1985 00:00:00;   430
06.06.1985 00:00:00;   436
07.06.1985 00:00:00;   446
08.06.1985 00:00:00;   440
09.06.1985 00:00:00;   402
10.06.1985 00:00:00;   388
11.06.1985 00:00:00;   387
12.06.1985 00:00:00;   382
13.06.1985 00:00:00;   375
14.06.1985 00:00:00;   376
15.06.1985 00:00:00;   382
16.06.1985 00:00:00;   374
17.06.1985 00:00:00;   376
18.06.1985 00:00:00;   374
19.06.1985 00:00:00;   372
20.06.1985 00:00:00;   373
21.06.1985 00:00:00;   371
22.06.1985 00:00:00;   362
23.06.1985 00:00:00;   361
24.06.1985 00:00:00;   368
25.06.1985 00:00:00;   369
26.06.1985 00:00:00;   367
27.06.1985 00:00:00;   374
28.06.1985 00:00:00;   374
29.06.1985 00:00:00;   370
30.06.1985 00:00:00;   367
01.07.1985 00:00:00;   376
02.07.1985 00:00:00;   395
03.07.1985 00:00:00;   403
04.07.1985 00:00:00;   388
05.07.1985 00:00:00;   392
06.07.1985 00:00:00;   404
07.07.1985 00:00:00;   405
08.07.1985 00:00:00;   405
09.07.1985 00:00:00;   393
10.07.1985 00:00:00;   386
11.07.1985 00:00:00;   382
12.07.1985 00:00:00;   380
13.07.1985 00:00:00;   379
14.07.1985 00:00:00;   381
15.07.1985 00:00:00;   377
16.07.1985 00:00:00;   376
17.07.1985 00:00:00;   372
18.07.1985 00:00:00;   373
19.07.1985 00:00:00;   375
20.07.1985 00:00:00;   372
21.07.1985 00:00:00;   368
22.07.1985 00:00:00;   366
23.07.1985 00:00:00;   368
24.07.1985 00:00:00;   365
25.07.1985 00:00:00;   362
26.07.1985 00:00:00;   361
27.07.1985 00:00:00;   357
28.07.1985 00:00:00;   353
29.07.1985 00:00:00;   358
30.07.1985 00:00:00;   401
31.07.1985 00:00:00;   421
01.08.1985 00:00:00;   376
02.08.1985 00:00:00;   374
03.08.1985 00:00:00;   364
04.08.1985 00:00:00;   364
05.08.1985 00:00:00;   380
06.08.1985 00:00:00;   522
07.08.1985 00:00:00;   459
08.08.1985 00:00:00;   417
09.08.1985 00:00:00;   404
10.08.1985 00:00:00;   390
11.08.1985 00:00:00;   377
12.08.1985 00:00:00;   380
13.08.1985 00:00:00;   376
14.08.1985 00:00:00;   373
15.08.1985 00:00:00;   366
16.08.1985 00:00:00;   366
17.08.1985 00:00:00;   359
18.08.1985 00:00:00;   349
19.08.1985 00:00:00;   347
20.08.1985 00:00:00;   351
21.08.1985 00:00:00;   349
22.08.1985 00:00:00;   346
23.08.1985 00:00:00;   343
24.08.1985 00:00:00;   342
25.08.1985 00:00:00;   357
26.08.1985 00:00:00;   467
27.08.1985 00:00:00;   434
28.08.1985 00:00:00;   408
29.08.1985 00:00:00;   395
30.08.1985 00:00:00;   385
31.08.1985 00:00:00;   379
01.09.1985 00:00:00;   358
02.09.1985 00:00:00;   361
03.09.1985 00:00:00;   364
04.09.1985 00:00:00;   371
05.09.1985 00:00:00;   371
06.09.1985 00:00:00;   369
07.09.1985 00:00:00;   367
08.09.1985 00:00:00;   367
09.09.1985 00:00:00;   365
10.09.1985 00:00:00;   362
11.09.1985 00:00:00;   359
12.09.1985 00:00:00;   355
13.09.1985 00:00:00;   343
14.09.1985 00:00:00;   339
15.09.1985 00:00:00;   338
16.09.1985 00:00:00;   338
17.09.1985 00:00:00;   336
18.09.1985 00:00:00;   335
19.09.1985 00:00:00;   336
20.09.1985 00:00:00;   335
21.09.1985 00:00:00;   333
22.09.1985 00:00:00;   333
23.09.1985 00:00:00;   332
24.09.1985 00:00:00;   330
25.09.1985 00:00:00;   330
26.09.1985 00:00:00;   333
27.09.1985 00:00:00;   331
28.09.1985 00:00:00;   329
29.09.1985 00:00:00;   327
30.09.1985 00:00:00;   328
01.10.1985 00:00:00;   328
02.10.1985 00:00:00;   326
03.10.1985 00:00:00;   326
04.10.1985 00:00:00;   325
05.10.1985 00:00:00;   326
06.10.1985 00:00:00;   325
07.10.1985 00:00:00;   325
08.10.1985 00:00:00;   326
09.10.1985 00:00:00;   331
10.10.1985 00:00:00;   328
11.10.1985 00:00:00;   325
12.10.1985 00:00:00;   325
13.10.1985 00:00:00;   323
14.10.1985 00:00:00;   321
15.10.1985 00:00:00;   324
16.10.1985 00:00:00;   323
17.10.1985 00:00:00;   324
18.10.1985 00:00:00;   326
19.10.1985 00:00:00;   324
20.10.1985 00:00:00;   324
21.10.1985 00:00:00;   324
22.10.1985 00:00:00;   326
23.10.1985 00:00:00;   327
24.10.1985 00:00:00;   327
25.10.1985 00:00:00;   325
26.10.1985 00:00:00;   324
27.10.1985 00:00:00;   323
28.10.1985 00:00:00;   329
29.10.1985 00:00:00;   323
30.10.1985 00:00:00;   321
31.10.1985 00:00:00;   319
01.11.1985 00:00:00;   319
02.11.1985 00:00:00;   321
03.11.1985 00:00:00;   321
04.11.1985 00:00:00;   323
05.11.1985 00:00:00;   322
06.11.1985 00:00:00;   321
07.11.1985 00:00:00;   323
08.11.1985 00:00:00;   322
09.11.1985 00:00:00;   322
10.11.1985 00:00:00;   319
11.11.1985 00:00:00;   320
12.11.1985 00:00:00;   323
13.11.1985 00:00:00;   323
14.11.1985 00:00:00;   326
15.11.1985 00:00:00;   325
16.11.1985 00:00:00;   324
17.11.1985 00:00:00;   319
18.11.1985 00:00:00;   323
19.11.1985 00:00:00;   327
20.11.1985 00:00:00;   331
21.11.1985 00:00:00;   328
22.11.1985 00:00:00;   327
23.11.1985 00:00:00;   324
24.11.1985 00:00:00;   322
25.11.1985 00:00:00;   317
26.11.1985 00:00:00;   320
27.11.1985 00:00:00;   322
28.11.1985 00:00:00;   324
29.11.1985 00:00:00;   323
30.11.1985 00:00:00;   320
01.12.1985 00:00:00;   313
02.12.1985 00:00:00;   303
03.12.1985 00:00:00;   315
04.12.1985 00:00:00;   320
05.12.1985 00:00:00;   319
06.12.1985 00:00:00;   319
07.12.1985 00:00:00;   322
08.12.1985 00:00:00;   321
09.12.1985 00:00:00;   318
10.12.1985 00:00:00;   318
11.12.1985 00:00:00;   320
12.12.1985 00:00:00;   320
13.12.1985 00:00:00;   319
14.12.1985 00:00:00;   317
15.12.1985 00:00:00;   317
16.12.1985 00:00:00;   321
17.12.1985 00:00:00;   318
18.12.1985 00:00:00;   318
19.12.1985 00:00:00;   317
20.12.1985 00:00:00;   318
21.12.1985 00:00:00;   316
22.12.1985 00:00:00;   313
23.12.1985 00:00:00;   311
24.12.1985 00:00:00;   313
25.12.1985 00:00:00;   315
26.12.1985 00:00:00;   312
27.12.1985 00:00:00;   311
28.12.1985 00:00:00;   313
29.12.1985 00:00:00;   312
30.12.1985 00:00:00;   312
31.12.1985 00:00:00;   314
01.01.1986 00:00:00;   315
02.01.1986 00:00:00;   317
03.01.1986 00:00:00;   317
04.01.1986 00:00:00;   318
05.01.1986 00:00:00;   313
06.01.1986 00:00:00;   314
07.01.1986 00:00:00;   319
08.01.1986 00:00:00;   322
09.01.1986 00:00:00;   319
10.01.1986 00:00:00;   317
11.01.1986 00:00:00;   318
12.01.1986 00:00:00;   316
13.01.1986 00:00:00;   317
14.01.1986 00:00:00;   315
15.01.1986 00:00:00;   316
16.01.1986 00:00:00;   320
17.01.1986 00:00:00;   323
18.01.1986 00:00:00;   318
19.01.1986 00:00:00;   317
20.01.1986 00:00:00;   315
21.01.1986 00:00:00;   319
22.01.1986 00:00:00;   320
23.01.1986 00:00:00;   321
24.01.1986 00:00:00;   319
25.01.1986 00:00:00;   318
26.01.1986 00:00:00;   314
27.01.1986 00:00:00;   314
28.01.1986 00:00:00;   322
29.01.1986 00:00:00;   323
30.01.1986 00:00:00;   324
31.01.1986 00:00:00;   321
01.02.1986 00:00:00;   320
02.02.1986 00:00:00;   317
03.02.1986 00:00:00;   317
04.02.1986 00:00:00;   320
05.02.1986 00:00:00;   325
06.02.1986 00:00:00;   326
07.02.1986 00:00:00;   326
08.02.1986 00:00:00;   326
09.02.1986 00:00:00;   325
10.02.1986 00:00:00;   327
11.02.1986 00:00:00;   330
12.02.1986 00:00:00;   331
13.02.1986 00:00:00;   333
14.02.1986 00:00:00;   332
15.02.1986 00:00:00;   327
16.02.1986 00:00:00;   319
17.02.1986 00:00:00;   315
18.02.1986 00:00:00;   323
19.02.1986 00:00:00;   324
20.02.1986 00:00:00;   323
21.02.1986 00:00:00;   324
22.02.1986 00:00:00;   323
23.02.1986 00:00:00;   322
24.02.1986 00:00:00;   321
25.02.1986 00:00:00;   325
26.02.1986 00:00:00;   327
27.02.1986 00:00:00;   328
28.02.1986 00:00:00;   327
01.03.1986 00:00:00;   324
02.03.1986 00:00:00;   324
03.03.1986 00:00:00;   319
04.03.1986 00:00:00;   321
05.03.1986 00:00:00;   319
06.03.1986 00:00:00;   317
07.03.1986 00:00:00;   317
08.03.1986 00:00:00;   318
09.03.1986 00:00:00;   316
10.03.1986 00:00:00;   318
11.03.1986 00:00:00;   323
12.03.1986 00:00:00;   322
13.03.1986 00:00:00;   320
14.03.1986 00:00:00;   320
15.03.1986 00:00:00;   322
16.03.1986 00:00:00;   317
17.03.1986 00:00:00;   319
18.03.1986 00:00:00;   321
19.03.1986 00:00:00;   320
20.03.1986 00:00:00;   320
21.03.1986 00:00:00;   323
22.03.1986 00:00:00;   324
23.03.1986 00:00:00;   321
24.03.1986 00:00:00;   321
25.03.1986 00:00:00;   328
26.03.1986 00:00:00;   330
27.03.1986 00:00:00;   327
28.03.1986 00:00:00;   322
29.03.1986 00:00:00;   320
30.03.1986 00:00:00;   321
31.03.1986 00:00:00;   320
01.04.1986 00:00:00;   324
02.04.1986 00:00:00;   324
03.04.1986 00:00:00;   334
04.04.1986 00:00:00;   332
05.04.1986 00:00:00;   328
06.04.1986 00:00:00;   326
07.04.1986 00:00:00;   327
08.04.1986 00:00:00;   326
09.04.1986 00:00:00;   329
10.04.1986 00:00:00;   331
11.04.1986 00:00:00;   334
12.04.1986 00:00:00;   336
13.04.1986 00:00:00;   333
14.04.1986 00:00:00;   327
15.04.1986 00:00:00;   324
16.04.1986 00:00:00;   324
17.04.1986 00:00:00;   327
18.04.1986 00:00:00;   331
19.04.1986 00:00:00;   327
20.04.1986 00:00:00;   325
21.04.1986 00:00:00;   324
22.04.1986 00:00:00;   327
23.04.1986 00:00:00;   334
24.04.1986 00:00:00;   341
25.04.1986 00:00:00;   354
26.04.1986 00:00:00;   363
27.04.1986 00:00:00;   361
28.04.1986 00:00:00;   353
29.04.1986 00:00:00;   345
30.04.1986 00:00:00;   346
01.05.1986 00:00:00;   352
02.05.1986 00:00:00;   367
03.05.1986 00:00:00;   383
04.05.1986 00:00:00;   379
05.05.1986 00:00:00;   380
06.05.1986 00:00:00;   384
07.05.1986 00:00:00;   389
08.05.1986 00:00:00;   391
09.05.1986 00:00:00;   379
10.05.1986 00:00:00;   366
11.05.1986 00:00:00;   369
12.05.1986 00:00:00;   383
13.05.1986 00:00:00;   398
14.05.1986 00:00:00;   425
15.05.1986 00:00:00;   433
16.05.1986 00:00:00;   432
17.05.1986 00:00:00;   434
18.05.1986 00:00:00;   427
19.05.1986 00:00:00;   435
20.05.1986 00:00:00;   469
21.05.1986 00:00:00;   482
22.05.1986 00:00:00;   489
23.05.1986 00:00:00;   467
24.05.1986 00:00:00;   470
25.05.1986 00:00:00;   447
26.05.1986 00:00:00;   446
27.05.1986 00:00:00;   446
28.05.1986 00:00:00;   444
29.05.1986 00:00:00;   438
30.05.1986 00:00:00;   428
31.05.1986 00:00:00;   425
01.06.1986 00:00:00;   392
02.06.1986 00:00:00;   394
03.06.1986 00:00:00;   403
04.06.1986 00:00:00;   395
05.06.1986 00:00:00;   401
06.06.1986 00:00:00;   392
07.06.1986 00:00:00;   373
08.06.1986 00:00:00;   369
09.06.1986 00:00:00;   372
10.06.1986 00:00:00;   379
11.06.1986 00:00:00;   389
12.06.1986 00:00:00;   404
13.06.1986 00:00:00;   402
14.06.1986 00:00:00;   391
15.06.1986 00:00:00;   395
16.06.1986 00:00:00;   405
17.06.1986 00:00:00;   418
18.06.1986 00:00:00;   427
19.06.1986 00:00:00;   433
20.06.1986 00:00:00;   428
21.06.1986 00:00:00;   412
22.06.1986 00:00:00;   414
23.06.1986 00:00:00;   432
24.06.1986 00:00:00;   460
25.06.1986 00:00:00;   447
26.06.1986 00:00:00;   435
27.06.1986 00:00:00;   422
28.06.1986 00:00:00;   410
29.06.1986 00:00:00;   408
30.06.1986 00:00:00;   409
01.07.1986 00:00:00;   404
02.07.1986 00:00:00;   399
03.07.1986 00:00:00;   396
04.07.1986 00:00:00;   396
05.07.1986 00:00:00;   390
06.07.1986 00:00:00;   391
07.07.1986 00:00:00;   418
08.07.1986 00:00:00;   418
09.07.1986 00:00:00;   395
10.07.1986 00:00:00;   385
11.07.1986 00:00:00;   380
12.07.1986 00:00:00;   377
13.07.1986 00:00:00;   369
14.07.1986 00:00:00;   369
15.07.1986 00:00:00;   372
16.07.1986 00:00:00;   372
17.07.1986 00:00:00;   373
18.07.1986 00:00:00;   374
19.07.1986 00:00:00;   371
20.07.1986 00:00:00;   363
21.07.1986 00:00:00;   357
22.07.1986 00:00:00;   356
23.07.1986 00:00:00;   356
24.07.1986 00:00:00;   358
25.07.1986 00:00:00;   361
26.07.1986 00:00:00;   361
27.07.1986 00:00:00;   356
28.07.1986 00:00:00;   353
29.07.1986 00:00:00;   352
30.07.1986 00:00:00;   354
31.07.1986 00:00:00;   352
01.08.1986 00:00:00;   353
02.08.1986 00:00:00;   352
03.08.1986 00:00:00;   349
04.08.1986 00:00:00;   348
05.08.1986 00:00:00;   347
06.08.1986 00:00:00;   343
07.08.1986 00:00:00;   344
08.08.1986 00:00:00;   342
09.08.1986 00:00:00;   340
10.08.1986 00:00:00;   337
11.08.1986 00:00:00;   342
12.08.1986 00:00:00;   348
13.08.1986 00:00:00;   360
14.08.1986 00:00:00;   357
15.08.1986 00:00:00;   345
16.08.1986 00:00:00;   346
17.08.1986 00:00:00;   342
18.08.1986 00:00:00;   344
19.08.1986 00:00:00;   346
20.08.1986 00:00:00;   351
21.08.1986 00:00:00;   353
22.08.1986 00:00:00;   345
23.08.1986 00:00:00;   346
24.08.1986 00:00:00;   353
25.08.1986 00:00:00;   352
26.08.1986 00:00:00;   352
27.08.1986 00:00:00;   351
28.08.1986 00:00:00;   356
29.08.1986 00:00:00;   377
30.08.1986 00:00:00;   369
31.08.1986 00:00:00;   359
01.09.1986 00:00:00;   363
02.09.1986 00:00:00;   367
03.09.1986 00:00:00;   361
04.09.1986 00:00:00;   363
05.09.1986 00:00:00;   355
06.09.1986 00:00:00;   348
07.09.1986 00:00:00;   339
08.09.1986 00:00:00;   336
09.09.1986 00:00:00;   341
10.09.1986 00:00:00;   339
11.09.1986 00:00:00;   338
12.09.1986 00:00:00;   334
13.09.1986 00:00:00;   327
14.09.1986 00:00:00;   323
15.09.1986 00:00:00;   321
16.09.1986 00:00:00;   321
17.09.1986 00:00:00;   326
18.09.1986 00:00:00;   320
19.09.1986 00:00:00;   321
20.09.1986 00:00:00;   322
21.09.1986 00:00:00;   321
22.09.1986 00:00:00;   321
23.09.1986 00:00:00;   321
24.09.1986 00:00:00;   314
25.09.1986 00:00:00;   311
26.09.1986 00:00:00;   311
27.09.1986 00:00:00;   312
28.09.1986 00:00:00;   309
29.09.1986 00:00:00;   307
30.09.1986 00:00:00;   305
01.10.1986 00:00:00;   304
02.10.1986 00:00:00;   305
03.10.1986 00:00:00;   305
04.10.1986 00:00:00;   303
05.10.1986 00:00:00;   303
06.10.1986 00:00:00;   305
07.10.1986 00:00:00;   303
08.10.1986 00:00:00;   303
09.10.1986 00:00:00;   302
10.10.1986 00:00:00;   303
11.10.1986 00:00:00;   306
12.10.1986 00:00:00;   303
13.10.1986 00:00:00;   301
14.10.1986 00:00:00;   303
15.10.1986 00:00:00;   301
16.10.1986 00:00:00;   302
17.10.1986 00:00:00;   303
18.10.1986 00:00:00;   301
19.10.1986 00:00:00;   298
20.10.1986 00:00:00;   298
21.10.1986 00:00:00;   309
22.10.1986 00:00:00;   306
23.10.1986 00:00:00;   299
24.10.1986 00:00:00;   288
25.10.1986 00:00:00;   303
26.10.1986 00:00:00;   302
27.10.1986 00:00:00;   300
28.10.1986 00:00:00;   309
29.10.1986 00:00:00;   304
30.10.1986 00:00:00;   311
31.10.1986 00:00:00;   307
01.11.1986 00:00:00;   298
02.11.1986 00:00:00;   297
03.11.1986 00:00:00;   307
04.11.1986 00:00:00;   307
05.11.1986 00:00:00;   313
06.11.1986 00:00:00;   307
07.11.1986 00:00:00;   304
08.11.1986 00:00:00;   308
09.11.1986 00:00:00;   296
10.11.1986 00:00:00;   298
11.11.1986 00:00:00;   297
12.11.1986 00:00:00;   298
13.11.1986 00:00:00;   300
14.11.1986 00:00:00;   298
15.11.1986 00:00:00;   301
16.11.1986 00:00:00;   297
17.11.1986 00:00:00;   294
18.11.1986 00:00:00;   295
19.11.1986 00:00:00;   298
20.11.1986 00:00:00;   298
21.11.1986 00:00:00;   302
22.11.1986 00:00:00;   301
23.11.1986 00:00:00;   299
24.11.1986 00:00:00;   307
25.11.1986 00:00:00;   307
26.11.1986 00:00:00;   302
27.11.1986 00:00:00;   299
28.11.1986 00:00:00;   299
29.11.1986 00:00:00;   294
30.11.1986 00:00:00;   298
01.12.1986 00:00:00;   299
02.12.1986 00:00:00;   306
03.12.1986 00:00:00;   300
04.12.1986 00:00:00;   298
05.12.1986 00:00:00;   297
06.12.1986 00:00:00;   297
07.12.1986 00:00:00;   300
08.12.1986 00:00:00;   301
09.12.1986 00:00:00;   301
10.12.1986 00:00:00;   302
11.12.1986 00:00:00;   301
12.12.1986 00:00:00;   302
13.12.1986 00:00:00;   302
14.12.1986 00:00:00;   295
15.12.1986 00:00:00;   295
16.12.1986 00:00:00;   297
17.12.1986 00:00:00;   300
18.12.1986 00:00:00;   303
19.12.1986 00:00:00;   306
20.12.1986 00:00:00;   304
21.12.1986 00:00:00;   294
22.12.1986 00:00:00;   291
23.12.1986 00:00:00;   310
24.12.1986 00:00:00;   307
25.12.1986 00:00:00;   303
26.12.1986 00:00:00;   293
27.12.1986 00:00:00;   291
28.12.1986 00:00:00;   290
29.12.1986 00:00:00;   289
30.12.1986 00:00:00;   289
31.12.1986 00:00:00;   288
01.01.1987 00:00:00;   284
02.01.1987 00:00:00;   296
03.01.1987 00:00:00;   295
04.01.1987 00:00:00;   293
05.01.1987 00:00:00;   284
06.01.1987 00:00:00;   292
07.01.1987 00:00:00;   298
08.01.1987 00:00:00;   306
09.01.1987 00:00:00;   309
10.01.1987 00:00:00;   309
11.01.1987 00:00:00;   297
12.01.1987 00:00:00;   303
13.01.1987 00:00:00;   330
14.01.1987 00:00:00;   323
15.01.1987 00:00:00;   322
16.01.1987 00:00:00;   325
17.01.1987 00:00:00;   318
18.01.1987 00:00:00;   308
19.01.1987 00:00:00;   303
20.01.1987 00:00:00;   311
21.01.1987 00:00:00;   306
22.01.1987 00:00:00;   306
23.01.1987 00:00:00;   308
24.01.1987 00:00:00;   306
25.01.1987 00:00:00;   298
26.01.1987 00:00:00;   284
27.01.1987 00:00:00;   284
28.01.1987 00:00:00;   295
29.01.1987 00:00:00;   303
30.01.1987 00:00:00;   307
31.01.1987 00:00:00;   309
01.02.1987 00:00:00;   296
02.02.1987 00:00:00;   304
03.02.1987 00:00:00;   317
04.02.1987 00:00:00;   310
05.02.1987 00:00:00;   309
06.02.1987 00:00:00;   318
07.02.1987 00:00:00;   299
08.02.1987 00:00:00;   287
09.02.1987 00:00:00;   290
10.02.1987 00:00:00;   297
11.02.1987 00:00:00;   298
12.02.1987 00:00:00;   305
13.02.1987 00:00:00;   306
14.02.1987 00:00:00;   307
15.02.1987 00:00:00;   295
16.02.1987 00:00:00;   295
17.02.1987 00:00:00;   304
18.02.1987 00:00:00;   308
19.02.1987 00:00:00;   312
20.02.1987 00:00:00;   313
21.02.1987 00:00:00;   309
22.02.1987 00:00:00;   296
23.02.1987 00:00:00;   298
24.02.1987 00:00:00;   301
25.02.1987 00:00:00;   305
26.02.1987 00:00:00;   303
27.02.1987 00:00:00;   304
28.02.1987 00:00:00;   308
01.03.1987 00:00:00;   307
02.03.1987 00:00:00;   307
03.03.1987 00:00:00;   316
04.03.1987 00:00:00;   316
05.03.1987 00:00:00;   313
06.03.1987 00:00:00;   307
07.03.1987 00:00:00;   314
08.03.1987 00:00:00;   301
09.03.1987 00:00:00;   301
10.03.1987 00:00:00;   309
11.03.1987 00:00:00;   313
12.03.1987 00:00:00;   313
13.03.1987 00:00:00;   313
14.03.1987 00:00:00;   306
15.03.1987 00:00:00;   296
16.03.1987 00:00:00;   300
17.03.1987 00:00:00;   310
18.03.1987 00:00:00;   312
19.03.1987 00:00:00;   313
20.03.1987 00:00:00;   310
21.03.1987 00:00:00;   311
22.03.1987 00:00:00;   299
23.03.1987 00:00:00;   301
24.03.1987 00:00:00;   315
25.03.1987 00:00:00;   318
26.03.1987 00:00:00;   317
27.03.1987 00:00:00;   317
28.03.1987 00:00:00;   316
29.03.1987 00:00:00;   318
30.03.1987 00:00:00;   317
31.03.1987 00:00:00;   314
01.04.1987 00:00:00;   309
02.04.1987 00:00:00;   310
03.04.1987 00:00:00;   310
04.04.1987 00:00:00;   308
05.04.1987 00:00:00;   308
06.04.1987 00:00:00;   306
07.04.1987 00:00:00;   311
08.04.1987 00:00:00;   311
09.04.1987 00:00:00;   316
10.04.1987 00:00:00;   340
11.04.1987 00:00:00;   341
12.04.1987 00:00:00;   338
13.04.1987 00:00:00;   342
14.04.1987 00:00:00;   339
15.04.1987 00:00:00;   335
16.04.1987 00:00:00;   331
17.04.1987 00:00:00;   327
18.04.1987 00:00:00;   328
19.04.1987 00:00:00;   327
20.04.1987 00:00:00;   344
21.04.1987 00:00:00;   349
22.04.1987 00:00:00;   339
23.04.1987 00:00:00;   340
24.04.1987 00:00:00;   337
25.04.1987 00:00:00;   346
26.04.1987 00:00:00;   356
27.04.1987 00:00:00;   357
28.04.1987 00:00:00;   360
29.04.1987 00:00:00;   357
30.04.1987 00:00:00;   361
01.05.1987 00:00:00;   369
02.05.1987 00:00:00;   385
03.05.1987 00:00:00;   403
04.05.1987 00:00:00;   394
05.05.1987 00:00:00;   380
06.05.1987 00:00:00;   374
07.05.1987 00:00:00;   371
08.05.1987 00:00:00;   364
09.05.1987 00:00:00;   349
10.05.1987 00:00:00;   351
11.05.1987 00:00:00;   369
12.05.1987 00:00:00;   374
13.05.1987 00:00:00;   374
14.05.1987 00:00:00;   371
15.05.1987 00:00:00;   367
16.05.1987 00:00:00;   358
17.05.1987 00:00:00;   345
18.05.1987 00:00:00;   344
19.05.1987 00:00:00;   347
20.05.1987 00:00:00;   347
21.05.1987 00:00:00;   352
22.05.1987 00:00:00;   349
23.05.1987 00:00:00;   340
24.05.1987 00:00:00;   336
25.05.1987 00:00:00;   341
26.05.1987 00:00:00;   344
27.05.1987 00:00:00;   351
28.05.1987 00:00:00;   364
29.05.1987 00:00:00;   358
30.05.1987 00:00:00;   361
31.05.1987 00:00:00;   368
01.06.1987 00:00:00;   380
02.06.1987 00:00:00;   380
03.06.1987 00:00:00;   382
04.06.1987 00:00:00;   388
05.06.1987 00:00:00;   398
06.06.1987 00:00:00;   385
07.06.1987 00:00:00;   391
08.06.1987 00:00:00;   426
09.06.1987 00:00:00;   454
10.06.1987 00:00:00;   450
11.06.1987 00:00:00;   431
12.06.1987 00:00:00;   417
13.06.1987 00:00:00;   428
14.06.1987 00:00:00;   465
15.06.1987 00:00:00;   527
16.06.1987 00:00:00;   537
17.06.1987 00:00:00;   490
18.06.1987 00:00:00;   443
19.06.1987 00:00:00;   418
20.06.1987 00:00:00;   404
21.06.1987 00:00:00;   394
22.06.1987 00:00:00;   389
23.06.1987 00:00:00;   382
24.06.1987 00:00:00;   378
25.06.1987 00:00:00;   387
26.06.1987 00:00:00;   430
27.06.1987 00:00:00;   461
28.06.1987 00:00:00;   440
29.06.1987 00:00:00;   450
30.06.1987 00:00:00;   468
01.07.1987 00:00:00;   481
02.07.1987 00:00:00;   484
03.07.1987 00:00:00;   483
04.07.1987 00:00:00;   481
05.07.1987 00:00:00;   467
06.07.1987 00:00:00;   455
07.07.1987 00:00:00;   451
08.07.1987 00:00:00;   440
09.07.1987 00:00:00;   434
10.07.1987 00:00:00;   421
11.07.1987 00:00:00;   407
12.07.1987 00:00:00;   404
13.07.1987 00:00:00;   408
14.07.1987 00:00:00;   404
15.07.1987 00:00:00;   401
16.07.1987 00:00:00;   401
17.07.1987 00:00:00;   427
18.07.1987 00:00:00;   571
19.07.1987 00:00:00;   499
20.07.1987 00:00:00;   499
21.07.1987 00:00:00;   484
22.07.1987 00:00:00;   464
23.07.1987 00:00:00;   429
24.07.1987 00:00:00;   401
25.07.1987 00:00:00;   377
26.07.1987 00:00:00;   429
27.07.1987 00:00:00;   428
28.07.1987 00:00:00;   435
29.07.1987 00:00:00;   415
30.07.1987 00:00:00;   411
31.07.1987 00:00:00;   417
01.08.1987 00:00:00;   425
02.08.1987 00:00:00;   425
03.08.1987 00:00:00;   425
04.08.1987 00:00:00;   407
05.08.1987 00:00:00;   398
06.08.1987 00:00:00;   389
07.08.1987 00:00:00;   378
08.08.1987 00:00:00;   364
09.08.1987 00:00:00;   356
10.08.1987 00:00:00;   361
11.08.1987 00:00:00;   364
12.08.1987 00:00:00;   363
13.08.1987 00:00:00;   362
14.08.1987 00:00:00;   357
15.08.1987 00:00:00;   346
16.08.1987 00:00:00;   342
17.08.1987 00:00:00;   336
18.08.1987 00:00:00;   334
19.08.1987 00:00:00;   343
20.08.1987 00:00:00;   336
21.08.1987 00:00:00;   332
22.08.1987 00:00:00;   338
23.08.1987 00:00:00;   350
24.08.1987 00:00:00;   373
25.08.1987 00:00:00;   458
26.08.1987 00:00:00;   429
27.08.1987 00:00:00;   409
28.08.1987 00:00:00;   383
29.08.1987 00:00:00;   364
30.08.1987 00:00:00;   353
31.08.1987 00:00:00;   355
01.09.1987 00:00:00;   368
02.09.1987 00:00:00;   365
03.09.1987 00:00:00;   354
04.09.1987 00:00:00;   342
05.09.1987 00:00:00;   344
06.09.1987 00:00:00;   340
07.09.1987 00:00:00;   333
08.09.1987 00:00:00;   329
09.09.1987 00:00:00;   324
10.09.1987 00:00:00;   321
11.09.1987 00:00:00;   320
12.09.1987 00:00:00;   320
13.09.1987 00:00:00;   310
14.09.1987 00:00:00;   307
15.09.1987 00:00:00;   307
16.09.1987 00:00:00;   305
17.09.1987 00:00:00;   302
18.09.1987 00:00:00;   301
19.09.1987 00:00:00;   302
20.09.1987 00:00:00;   303
21.09.1987 00:00:00;   301
22.09.1987 00:00:00;   299
23.09.1987 00:00:00;   296
24.09.1987 00:00:00;   298
25.09.1987 00:00:00;   300
26.09.1987 00:00:00;   332
27.09.1987 00:00:00;   358
28.09.1987 00:00:00;   336
29.09.1987 00:00:00;   313
30.09.1987 00:00:00;   322
01.10.1987 00:00:00;   316
02.10.1987 00:00:00;   316
03.10.1987 00:00:00;   308
04.10.1987 00:00:00;   301
05.10.1987 00:00:00;   294
06.10.1987 00:00:00;   300
07.10.1987 00:00:00;   303
08.10.1987 00:00:00;   307
09.10.1987 00:00:00;   311
10.10.1987 00:00:00;   304
11.10.1987 00:00:00;   295
12.10.1987 00:00:00;   307
13.10.1987 00:00:00;   323
14.10.1987 00:00:00;   310
15.10.1987 00:00:00;   308
16.10.1987 00:00:00;   311
17.10.1987 00:00:00;   313
18.10.1987 00:00:00;   316
19.10.1987 00:00:00;   306
20.10.1987 00:00:00;   306
21.10.1987 00:00:00;   304
22.10.1987 00:00:00;   306
23.10.1987 00:00:00;   307
24.10.1987 00:00:00;   304
25.10.1987 00:00:00;   298
26.10.1987 00:00:00;   295
27.10.1987 00:00:00;   295
28.10.1987 00:00:00;   292
29.10.1987 00:00:00;   291
30.10.1987 00:00:00;   293
31.10.1987 00:00:00;   295
01.11.1987 00:00:00;   287
02.11.1987 00:00:00;   284
03.11.1987 00:00:00;   284
04.11.1987 00:00:00;   287
05.11.1987 00:00:00;   296
06.11.1987 00:00:00;   289
07.11.1987 00:00:00;   283
08.11.1987 00:00:00;   282
09.11.1987 00:00:00;   287
10.11.1987 00:00:00;   284
11.11.1987 00:00:00;   284
12.11.1987 00:00:00;   290
13.11.1987 00:00:00;   287
14.11.1987 00:00:00;   283
15.11.1987 00:00:00;   281
16.11.1987 00:00:00;   277
17.11.1987 00:00:00;   278
18.11.1987 00:00:00;   277
19.11.1987 00:00:00;   278
20.11.1987 00:00:00;   285
21.11.1987 00:00:00;   285
22.11.1987 00:00:00;   282
23.11.1987 00:00:00;   279
24.11.1987 00:00:00;   282
25.11.1987 00:00:00;   285
26.11.1987 00:00:00;   285
27.11.1987 00:00:00;   284
28.11.1987 00:00:00;   283
29.11.1987 00:00:00;   284
30.11.1987 00:00:00;   282
01.12.1987 00:00:00;   282
02.12.1987 00:00:00;   279
03.12.1987 00:00:00;   279
04.12.1987 00:00:00;   285
05.12.1987 00:00:00;   277
06.12.1987 00:00:00;   275
07.12.1987 00:00:00;   275
08.12.1987 00:00:00;   276
09.12.1987 00:00:00;   287
10.12.1987 00:00:00;   286
11.12.1987 00:00:00;   289
12.12.1987 00:00:00;   282
13.12.1987 00:00:00;   277
14.12.1987 00:00:00;   275
15.12.1987 00:00:00;   272
16.12.1987 00:00:00;   271
17.12.1987 00:00:00;   273
18.12.1987 00:00:00;   289
19.12.1987 00:00:00;   308
20.12.1987 00:00:00;   297
21.12.1987 00:00:00;   290
22.12.1987 00:00:00;   292
23.12.1987 00:00:00;   292
24.12.1987 00:00:00;   286
25.12.1987 00:00:00;   278
26.12.1987 00:00:00;   276
27.12.1987 00:00:00;   276
28.12.1987 00:00:00;   282
29.12.1987 00:00:00;   280
30.12.1987 00:00:00;   278
31.12.1987 00:00:00;   276
01.01.1988 00:00:00;   277
02.01.1988 00:00:00;   274
03.01.1988 00:00:00;   274
04.01.1988 00:00:00;   276
05.01.1988 00:00:00;   277
06.01.1988 00:00:00;   276
07.01.1988 00:00:00;   276
08.01.1988 00:00:00;   277
09.01.1988 00:00:00;   276
10.01.1988 00:00:00;   277
11.01.1988 00:00:00;   280
12.01.1988 00:00:00;   279
13.01.1988 00:00:00;   279
14.01.1988 00:00:00;   277
15.01.1988 00:00:00;   278
16.01.1988 00:00:00;   273
17.01.1988 00:00:00;   275
18.01.1988 00:00:00;   272
19.01.1988 00:00:00;   275
20.01.1988 00:00:00;   298
21.01.1988 00:00:00;   283
22.01.1988 00:00:00;   282
23.01.1988 00:00:00;   275
24.01.1988 00:00:00;   268
25.01.1988 00:00:00;   266
26.01.1988 00:00:00;   265
27.01.1988 00:00:00;   272
28.01.1988 00:00:00;   267
29.01.1988 00:00:00;   269
30.01.1988 00:00:00;   276
31.01.1988 00:00:00;   275
01.02.1988 00:00:00;   274
02.02.1988 00:00:00;   271
03.02.1988 00:00:00;   271
04.02.1988 00:00:00;   271
05.02.1988 00:00:00;   271
06.02.1988 00:00:00;   267
07.02.1988 00:00:00;   265
08.02.1988 00:00:00;   262
09.02.1988 00:00:00;   272
10.02.1988 00:00:00;   274
11.02.1988 00:00:00;   276
12.02.1988 00:00:00;   274
13.02.1988 00:00:00;   274
14.02.1988 00:00:00;   274
15.02.1988 00:00:00;   274
16.02.1988 00:00:00;   283
17.02.1988 00:00:00;   281
18.02.1988 00:00:00;   282
19.02.1988 00:00:00;   276
20.02.1988 00:00:00;   276
21.02.1988 00:00:00;   277
22.02.1988 00:00:00;   270
23.02.1988 00:00:00;   276
24.02.1988 00:00:00;   283
25.02.1988 00:00:00;   285
26.02.1988 00:00:00;   286
27.02.1988 00:00:00;   286
28.02.1988 00:00:00;   279
29.02.1988 00:00:00;   280
01.03.1988 00:00:00;   281
02.03.1988 00:00:00;   284
03.03.1988 00:00:00;   276
04.03.1988 00:00:00;   274
05.03.1988 00:00:00;   265
06.03.1988 00:00:00;   253
07.03.1988 00:00:00;   252
08.03.1988 00:00:00;   261
09.03.1988 00:00:00;   262
10.03.1988 00:00:00;   263
11.03.1988 00:00:00;   271
12.03.1988 00:00:00;   264
13.03.1988 00:00:00;   260
14.03.1988 00:00:00;   257
15.03.1988 00:00:00;   268
16.03.1988 00:00:00;   272
17.03.1988 00:00:00;   282
18.03.1988 00:00:00;   283
19.03.1988 00:00:00;   271
20.03.1988 00:00:00;   262
21.03.1988 00:00:00;   271
22.03.1988 00:00:00;   289
23.03.1988 00:00:00;   283
24.03.1988 00:00:00;   294
25.03.1988 00:00:00;   298
26.03.1988 00:00:00;   299
27.03.1988 00:00:00;   285
28.03.1988 00:00:00;   282
29.03.1988 00:00:00;   280
30.03.1988 00:00:00;   275
31.03.1988 00:00:00;   272
01.04.1988 00:00:00;   279
02.04.1988 00:00:00;   268
03.04.1988 00:00:00;   261
04.04.1988 00:00:00;   266
05.04.1988 00:00:00;   269
06.04.1988 00:00:00;   274
07.04.1988 00:00:00;   290
08.04.1988 00:00:00;   299
09.04.1988 00:00:00;   306
10.04.1988 00:00:00;   304
11.04.1988 00:00:00;   300
12.04.1988 00:00:00;   305
13.04.1988 00:00:00;   312
14.04.1988 00:00:00;   315
15.04.1988 00:00:00;   315
16.04.1988 00:00:00;   309
17.04.1988 00:00:00;   320
18.04.1988 00:00:00;   336
19.04.1988 00:00:00;   334
20.04.1988 00:00:00;   342
21.04.1988 00:00:00;   342
22.04.1988 00:00:00;   336
23.04.1988 00:00:00;   333
24.04.1988 00:00:00;   335
25.04.1988 00:00:00;   341
26.04.1988 00:00:00;   345
27.04.1988 00:00:00;   340
28.04.1988 00:00:00;   336
29.04.1988 00:00:00;   337
30.04.1988 00:00:00;   333
01.05.1988 00:00:00;   333
02.05.1988 00:00:00;   346
03.05.1988 00:00:00;   355
04.05.1988 00:00:00;   351
05.05.1988 00:00:00;   344
06.05.1988 00:00:00;   348
07.05.1988 00:00:00;   354
08.05.1988 00:00:00;   382
09.05.1988 00:00:00;   406
10.05.1988 00:00:00;   417
11.05.1988 00:00:00;   410
12.05.1988 00:00:00;   400
13.05.1988 00:00:00;   398
14.05.1988 00:00:00;   391
15.05.1988 00:00:00;   390
16.05.1988 00:00:00;   403
17.05.1988 00:00:00;   409
18.05.1988 00:00:00;   414
19.05.1988 00:00:00;   410
20.05.1988 00:00:00;   407
21.05.1988 00:00:00;   390
22.05.1988 00:00:00;   372
23.05.1988 00:00:00;   365
24.05.1988 00:00:00;   373
25.05.1988 00:00:00;   376
26.05.1988 00:00:00;   382
27.05.1988 00:00:00;   390
28.05.1988 00:00:00;   382
29.05.1988 00:00:00;   374
30.05.1988 00:00:00;   375
31.05.1988 00:00:00;   378
01.06.1988 00:00:00;   380
02.06.1988 00:00:00;   376
03.06.1988 00:00:00;   373
04.06.1988 00:00:00;   373
05.06.1988 00:00:00;   375
06.06.1988 00:00:00;   372
07.06.1988 00:00:00;   376
08.06.1988 00:00:00;   377
09.06.1988 00:00:00;   375
10.06.1988 00:00:00;   373
11.06.1988 00:00:00;   371
12.06.1988 00:00:00;   382
13.06.1988 00:00:00;   390
14.06.1988 00:00:00;   398
15.06.1988 00:00:00;   407
16.06.1988 00:00:00;   407
17.06.1988 00:00:00;   427
18.06.1988 00:00:00;   483
19.06.1988 00:00:00;   479
20.06.1988 00:00:00;   479
21.06.1988 00:00:00;   480
22.06.1988 00:00:00;   478
23.06.1988 00:00:00;   476
24.06.1988 00:00:00;   471
25.06.1988 00:00:00;   467
26.06.1988 00:00:00;   462
27.06.1988 00:00:00;   467
28.06.1988 00:00:00;   471
29.06.1988 00:00:00;   469
30.06.1988 00:00:00;   466
01.07.1988 00:00:00;   375
02.07.1988 00:00:00;   386
03.07.1988 00:00:00;   375
04.07.1988 00:00:00;   408
05.07.1988 00:00:00;   430
06.07.1988 00:00:00;   441
07.07.1988 00:00:00;   429
08.07.1988 00:00:00;   408
09.07.1988 00:00:00;   374
10.07.1988 00:00:00;   364
11.07.1988 00:00:00;   374
12.07.1988 00:00:00;   381
13.07.1988 00:00:00;   372
14.07.1988 00:00:00;   388
15.07.1988 00:00:00;   384
16.07.1988 00:00:00;   367
17.07.1988 00:00:00;   350
18.07.1988 00:00:00;   333
19.07.1988 00:00:00;   321
20.07.1988 00:00:00;   319
21.07.1988 00:00:00;   321
22.07.1988 00:00:00;   328
23.07.1988 00:00:00;   327
24.07.1988 00:00:00;   329
25.07.1988 00:00:00;   318
26.07.1988 00:00:00;   305
27.07.1988 00:00:00;   320
28.07.1988 00:00:00;   320
29.07.1988 00:00:00;   318
30.07.1988 00:00:00;   313
31.07.1988 00:00:00;   307
01.08.1988 00:00:00;   310
02.08.1988 00:00:00;   306
03.08.1988 00:00:00;   305
04.08.1988 00:00:00;   307
05.08.1988 00:00:00;   308
06.08.1988 00:00:00;   322
07.08.1988 00:00:00;   300
08.08.1988 00:00:00;   296
09.08.1988 00:00:00;   298
10.08.1988 00:00:00;   298
11.08.1988 00:00:00;   295
12.08.1988 00:00:00;   294
13.08.1988 00:00:00;   296
14.08.1988 00:00:00;   292
15.08.1988 00:00:00;   291
16.08.1988 00:00:00;   291
17.08.1988 00:00:00;   288
18.08.1988 00:00:00;   287
19.08.1988 00:00:00;   285
20.08.1988 00:00:00;   299
21.08.1988 00:00:00;   380
22.08.1988 00:00:00;   361
23.08.1988 00:00:00;   320
24.08.1988 00:00:00;   305
25.08.1988 00:00:00;   298
26.08.1988 00:00:00;   295
27.08.1988 00:00:00;   294
28.08.1988 00:00:00;   293
29.08.1988 00:00:00;   302
30.08.1988 00:00:00;   346
31.08.1988 00:00:00;   339
01.09.1988 00:00:00;   330
02.09.1988 00:00:00;   359
03.09.1988 00:00:00;   365
04.09.1988 00:00:00;   356
05.09.1988 00:00:00;   353
06.09.1988 00:00:00;   345
07.09.1988 00:00:00;   341
08.09.1988 00:00:00;   330
09.09.1988 00:00:00;   324
10.09.1988 00:00:00;   315
11.09.1988 00:00:00;   304
12.09.1988 00:00:00;   306
13.09.1988 00:00:00;   303
14.09.1988 00:00:00;   304
15.09.1988 00:00:00;   304
16.09.1988 00:00:00;   303
17.09.1988 00:00:00;   283
18.09.1988 00:00:00;   275
19.09.1988 00:00:00;   273
20.09.1988 00:00:00;   282
21.09.1988 00:00:00;   281
22.09.1988 00:00:00;   279
23.09.1988 00:00:00;   276
24.09.1988 00:00:00;   278
25.09.1988 00:00:00;   271
26.09.1988 00:00:00;   261
27.09.1988 00:00:00;   261
28.09.1988 00:00:00;   262
29.09.1988 00:00:00;   261
30.09.1988 00:00:00;   264
01.10.1988 00:00:00;   257
02.10.1988 00:00:00;   258
03.10.1988 00:00:00;   256
04.10.1988 00:00:00;   265
05.10.1988 00:00:00;   266
06.10.1988 00:00:00;   261
07.10.1988 00:00:00;   260
08.10.1988 00:00:00;   261
09.10.1988 00:00:00;   254
10.10.1988 00:00:00;   252
11.10.1988 00:00:00;   274
12.10.1988 00:00:00;   385
13.10.1988 00:00:00;   447
14.10.1988 00:00:00;   388
15.10.1988 00:00:00;   371
16.10.1988 00:00:00;   352
17.10.1988 00:00:00;   354
18.10.1988 00:00:00;   339
19.10.1988 00:00:00;   324
20.10.1988 00:00:00;   325
21.10.1988 00:00:00;   335
22.10.1988 00:00:00;   327
23.10.1988 00:00:00;   309
24.10.1988 00:00:00;   308
25.10.1988 00:00:00;   297
26.10.1988 00:00:00;   287
27.10.1988 00:00:00;   278
28.10.1988 00:00:00;   272
29.10.1988 00:00:00;   269
30.10.1988 00:00:00;   265
31.10.1988 00:00:00;   263
01.11.1988 00:00:00;   268
02.11.1988 00:00:00;   277
03.11.1988 00:00:00;   272
04.11.1988 00:00:00;   270
05.11.1988 00:00:00;   270
06.11.1988 00:00:00;   263
07.11.1988 00:00:00;   272
08.11.1988 00:00:00;   270
09.11.1988 00:00:00;   271
10.11.1988 00:00:00;   265
11.11.1988 00:00:00;   259
12.11.1988 00:00:00;   256
13.11.1988 00:00:00;   250
14.11.1988 00:00:00;   250
15.11.1988 00:00:00;   254
16.11.1988 00:00:00;   254
17.11.1988 00:00:00;   255
18.11.1988 00:00:00;   253
19.11.1988 00:00:00;   257
20.11.1988 00:00:00;   260
21.11.1988 00:00:00;   269
22.11.1988 00:00:00;   273
23.11.1988 00:00:00;   283
24.11.1988 00:00:00;   277
25.11.1988 00:00:00;   268
26.11.1988 00:00:00;   258
27.11.1988 00:00:00;   250
28.11.1988 00:00:00;   249
29.11.1988 00:00:00;   251
30.11.1988 00:00:00;   260
01.12.1988 00:00:00;   251
02.12.1988 00:00:00;   250
03.12.1988 00:00:00;   248
04.12.1988 00:00:00;   252
05.12.1988 00:00:00;   276
06.12.1988 00:00:00;   285
07.12.1988 00:00:00;   269
08.12.1988 00:00:00;   263
09.12.1988 00:00:00;   259
10.12.1988 00:00:00;   256
11.12.1988 00:00:00;   251
12.12.1988 00:00:00;   250
13.12.1988 00:00:00;   253
14.12.1988 00:00:00;   250
15.12.1988 00:00:00;   254
16.12.1988 00:00:00;   256
17.12.1988 00:00:00;   269
18.12.1988 00:00:00;   258
19.12.1988 00:00:00;   251
20.12.1988 00:00:00;   253
21.12.1988 00:00:00;   251
22.12.1988 00:00:00;   252
23.12.1988 00:00:00;   252
24.12.1988 00:00:00;   254
25.12.1988 00:00:00;   254
26.12.1988 00:00:00;   252
27.12.1988 00:00:00;   253
28.12.1988 00:00:00;   255
29.12.1988 00:00:00;   257
30.12.1988 00:00:00;   259
31.12.1988 00:00:00;   260
01.01.1989 00:00:00;   257
02.01.1989 00:00:00;   256
03.01.1989 00:00:00;   258
04.01.1989 00:00:00;   254
05.01.1989 00:00:00;   251
06.01.1989 00:00:00;   251
07.01.1989 00:00:00;   249
08.01.1989 00:00:00;   249
09.01.1989 00:00:00;   248
10.01.1989 00:00:00;   250
11.01.1989 00:00:00;   257
12.01.1989 00:00:00;   256
13.01.1989 00:00:00;   253
14.01.1989 00:00:00;   264
15.01.1989 00:00:00;   252
16.01.1989 00:00:00;   250
17.01.1989 00:00:00;   259
18.01.1989 00:00:00;   270
19.01.1989 00:00:00;   282
20.01.1989 00:00:00;   278
21.01.1989 00:00:00;   266
22.01.1989 00:00:00;   248
23.01.1989 00:00:00;   248
24.01.1989 00:00:00;   271
25.01.1989 00:00:00;   283
26.01.1989 00:00:00;   288
27.01.1989 00:00:00;   286
28.01.1989 00:00:00;   274
29.01.1989 00:00:00;   260
30.01.1989 00:00:00;   257
31.01.1989 00:00:00;   266
01.02.1989 00:00:00;   274
02.02.1989 00:00:00;   273
03.02.1989 00:00:00;   268
04.02.1989 00:00:00;   258
05.02.1989 00:00:00;   245
06.02.1989 00:00:00;   242
07.02.1989 00:00:00;   259
08.02.1989 00:00:00;   275
09.02.1989 00:00:00;   275
10.02.1989 00:00:00;   270
11.02.1989 00:00:00;   261
12.02.1989 00:00:00;   244
13.02.1989 00:00:00;   237
14.02.1989 00:00:00;   250
15.02.1989 00:00:00;   259
16.02.1989 00:00:00;   254
17.02.1989 00:00:00;   249
18.02.1989 00:00:00;   248
19.02.1989 00:00:00;   246
20.02.1989 00:00:00;   260
21.02.1989 00:00:00;   257
22.02.1989 00:00:00;   258
23.02.1989 00:00:00;   256
24.02.1989 00:00:00;   258
25.02.1989 00:00:00;   264
26.02.1989 00:00:00;   253
27.02.1989 00:00:00;   250
28.02.1989 00:00:00;   256
01.03.1989 00:00:00;   257
02.03.1989 00:00:00;   264
03.03.1989 00:00:00;   257
04.03.1989 00:00:00;   252
05.03.1989 00:00:00;   247
06.03.1989 00:00:00;   245
07.03.1989 00:00:00;   254
08.03.1989 00:00:00;   261
09.03.1989 00:00:00;   267
10.03.1989 00:00:00;   265
11.03.1989 00:00:00;   253
12.03.1989 00:00:00;   254
13.03.1989 00:00:00;   263
14.03.1989 00:00:00;   272
15.03.1989 00:00:00;   271
16.03.1989 00:00:00;   269
17.03.1989 00:00:00;   266
18.03.1989 00:00:00;   264
19.03.1989 00:00:00;   252
20.03.1989 00:00:00;   257
21.03.1989 00:00:00;   269
22.03.1989 00:00:00;   270
23.03.1989 00:00:00;   259
24.03.1989 00:00:00;   261
25.03.1989 00:00:00;   255
26.03.1989 00:00:00;   249
27.03.1989 00:00:00;   256
28.03.1989 00:00:00;   275
29.03.1989 00:00:00;   275
30.03.1989 00:00:00;   277
31.03.1989 00:00:00;   278
01.04.1989 00:00:00;   277
02.04.1989 00:00:00;   284
03.04.1989 00:00:00;   282
04.04.1989 00:00:00;   291
05.04.1989 00:00:00;   317
06.04.1989 00:00:00;   303
07.04.1989 00:00:00;   286
08.04.1989 00:00:00;   281
09.04.1989 00:00:00;   274
10.04.1989 00:00:00;   271
11.04.1989 00:00:00;   280
12.04.1989 00:00:00;   284
13.04.1989 00:00:00;   290
14.04.1989 00:00:00;   291
15.04.1989 00:00:00;   275
16.04.1989 00:00:00;   266
17.04.1989 00:00:00;   274
18.04.1989 00:00:00;   284
19.04.1989 00:00:00;   280
20.04.1989 00:00:00;   281
21.04.1989 00:00:00;   275
22.04.1989 00:00:00;   270
23.04.1989 00:00:00;   267
24.04.1989 00:00:00;   293
25.04.1989 00:00:00;   299
26.04.1989 00:00:00;   300
27.04.1989 00:00:00;   308
28.04.1989 00:00:00;   279
29.04.1989 00:00:00;   274
30.04.1989 00:00:00;   266
01.05.1989 00:00:00;   257
02.05.1989 00:00:00;   259
03.05.1989 00:00:00;   266
04.05.1989 00:00:00;   273
05.05.1989 00:00:00;   285
06.05.1989 00:00:00;   300
07.05.1989 00:00:00;   306
08.05.1989 00:00:00;   295
09.05.1989 00:00:00;   298
10.05.1989 00:00:00;   305
11.05.1989 00:00:00;   303
12.05.1989 00:00:00;   312
13.05.1989 00:00:00;   333
14.05.1989 00:00:00;   322
15.05.1989 00:00:00;   308
16.05.1989 00:00:00;   304
17.05.1989 00:00:00;   320
18.05.1989 00:00:00;   321
19.05.1989 00:00:00;   337
20.05.1989 00:00:00;   346
21.05.1989 00:00:00;   344
22.05.1989 00:00:00;   349
23.05.1989 00:00:00;   364
24.05.1989 00:00:00;   375
25.05.1989 00:00:00;   369
26.05.1989 00:00:00;   368
27.05.1989 00:00:00;   364
28.05.1989 00:00:00;   356
29.05.1989 00:00:00;   351
30.05.1989 00:00:00;   350
31.05.1989 00:00:00;   356
01.06.1989 00:00:00;   359
02.06.1989 00:00:00;   356
03.06.1989 00:00:00;   351
04.06.1989 00:00:00;   337
05.06.1989 00:00:00;   335
06.06.1989 00:00:00;   339
07.06.1989 00:00:00;   336
08.06.1989 00:00:00;   333
09.06.1989 00:00:00;   329
10.06.1989 00:00:00;   321
11.06.1989 00:00:00;   316
12.06.1989 00:00:00;   330
13.06.1989 00:00:00;   350
14.06.1989 00:00:00;   360
15.06.1989 00:00:00;   360
16.06.1989 00:00:00;   355
17.06.1989 00:00:00;   343
18.06.1989 00:00:00;   342
19.06.1989 00:00:00;   355
20.06.1989 00:00:00;   359
21.06.1989 00:00:00;   356
22.06.1989 00:00:00;   360
23.06.1989 00:00:00;   367
24.06.1989 00:00:00;   347
25.06.1989 00:00:00;   340
26.06.1989 00:00:00;   350
27.06.1989 00:00:00;   359
28.06.1989 00:00:00;   357
29.06.1989 00:00:00;   347
30.06.1989 00:00:00;   336
01.07.1989 00:00:00;   337
02.07.1989 00:00:00;   342
03.07.1989 00:00:00;   353
04.07.1989 00:00:00;   355
05.07.1989 00:00:00;   348
06.07.1989 00:00:00;   340
07.07.1989 00:00:00;   349
08.07.1989 00:00:00;   369
09.07.1989 00:00:00;   360
10.07.1989 00:00:00;   365
11.07.1989 00:00:00;   357
12.07.1989 00:00:00;   367
13.07.1989 00:00:00;   363
14.07.1989 00:00:00;   357
15.07.1989 00:00:00;   344
16.07.1989 00:00:00;   330
17.07.1989 00:00:00;   324
18.07.1989 00:00:00;   321
19.07.1989 00:00:00;   321
20.07.1989 00:00:00;   317
21.07.1989 00:00:00;   307
22.07.1989 00:00:00;   316
23.07.1989 00:00:00;   322
24.07.1989 00:00:00;   337
25.07.1989 00:00:00;   325
26.07.1989 00:00:00;   310
27.07.1989 00:00:00;   303
28.07.1989 00:00:00;   302
29.07.1989 00:00:00;   307
30.07.1989 00:00:00;   305
31.07.1989 00:00:00;   308
01.08.1989 00:00:00;   301
02.08.1989 00:00:00;   299
03.08.1989 00:00:00;   289
04.08.1989 00:00:00;   290
05.08.1989 00:00:00;   286
06.08.1989 00:00:00;   281
07.08.1989 00:00:00;   281
08.08.1989 00:00:00;   293
09.08.1989 00:00:00;   306
10.08.1989 00:00:00;   295
11.08.1989 00:00:00;   288
12.08.1989 00:00:00;   291
13.08.1989 00:00:00;   282
14.08.1989 00:00:00;   276
15.08.1989 00:00:00;   297
16.08.1989 00:00:00;   295
17.08.1989 00:00:00;   295
18.08.1989 00:00:00;   303
19.08.1989 00:00:00;   284
20.08.1989 00:00:00;   282
21.08.1989 00:00:00;   290
22.08.1989 00:00:00;   303
23.08.1989 00:00:00;   297
24.08.1989 00:00:00;   289
25.08.1989 00:00:00;   282
26.08.1989 00:00:00;   277
27.08.1989 00:00:00;   273
28.08.1989 00:00:00;   290
29.08.1989 00:00:00;   293
30.08.1989 00:00:00;   285
31.08.1989 00:00:00;   281
01.09.1989 00:00:00;   281
02.09.1989 00:00:00;   276
03.09.1989 00:00:00;   293
04.09.1989 00:00:00;   295
05.09.1989 00:00:00;   293
06.09.1989 00:00:00;   288
07.09.1989 00:00:00;   285
08.09.1989 00:00:00;   278
09.09.1989 00:00:00;   268
10.09.1989 00:00:00;   267
11.09.1989 00:00:00;   265
12.09.1989 00:00:00;   264
13.09.1989 00:00:00;   266
14.09.1989 00:00:00;   266
15.09.1989 00:00:00;   262
16.09.1989 00:00:00;   264
17.09.1989 00:00:00;   263
18.09.1989 00:00:00;   264
19.09.1989 00:00:00;   268
20.09.1989 00:00:00;   273
21.09.1989 00:00:00;   267
22.09.1989 00:00:00;   266
23.09.1989 00:00:00;   258
24.09.1989 00:00:00;   255
25.09.1989 00:00:00;   258
26.09.1989 00:00:00;   268
27.09.1989 00:00:00;   266
28.09.1989 00:00:00;   270
29.09.1989 00:00:00;   267
30.09.1989 00:00:00;   264
01.10.1989 00:00:00;   261
02.10.1989 00:00:00;   258
03.10.1989 00:00:00;   259
04.10.1989 00:00:00;   257
05.10.1989 00:00:00;   253
06.10.1989 00:00:00;   250
07.10.1989 00:00:00;   247
08.10.1989 00:00:00;   251
09.10.1989 00:00:00;   251
10.10.1989 00:00:00;   248
11.10.1989 00:00:00;   249
12.10.1989 00:00:00;   246
13.10.1989 00:00:00;   245
14.10.1989 00:00:00;   247
15.10.1989 00:00:00;   250
16.10.1989 00:00:00;   247
17.10.1989 00:00:00;   248
18.10.1989 00:00:00;   253
19.10.1989 00:00:00;   245
20.10.1989 00:00:00;   245
21.10.1989 00:00:00;   245
22.10.1989 00:00:00;   242
23.10.1989 00:00:00;   241
24.10.1989 00:00:00;   244
25.10.1989 00:00:00;   247
26.10.1989 00:00:00;   256
27.10.1989 00:00:00;   249
28.10.1989 00:00:00;   244
29.10.1989 00:00:00;   240
30.10.1989 00:00:00;   241
31.10.1989 00:00:00;   245
01.11.1989 00:00:00;   244
02.11.1989 00:00:00;   242
03.11.1989 00:00:00;   241
04.11.1989 00:00:00;   239
05.11.1989 00:00:00;   238
06.11.1989 00:00:00;   239
07.11.1989 00:00:00;   241
08.11.1989 00:00:00;   244
09.11.1989 00:00:00;   243
10.11.1989 00:00:00;   241
11.11.1989 00:00:00;   239
12.11.1989 00:00:00;   240
13.11.1989 00:00:00;   248
14.11.1989 00:00:00;   249
15.11.1989 00:00:00;   256
16.11.1989 00:00:00;   256
17.11.1989 00:00:00;   258
18.11.1989 00:00:00;   257
19.11.1989 00:00:00;   256
20.11.1989 00:00:00;   257
21.11.1989 00:00:00;   255
22.11.1989 00:00:00;   251
23.11.1989 00:00:00;   249
24.11.1989 00:00:00;   245
25.11.1989 00:00:00;   244
26.11.1989 00:00:00;   246
27.11.1989 00:00:00;   242
28.11.1989 00:00:00;   252
29.11.1989 00:00:00;   246
30.11.1989 00:00:00;   246
01.12.1989 00:00:00;   251
02.12.1989 00:00:00;   249
03.12.1989 00:00:00;   245
04.12.1989 00:00:00;   243
05.12.1989 00:00:00;   238
06.12.1989 00:00:00;   241
07.12.1989 00:00:00;   244
08.12.1989 00:00:00;   246
09.12.1989 00:00:00;   240
10.12.1989 00:00:00;   239
11.12.1989 00:00:00;   248
12.12.1989 00:00:00;   249
13.12.1989 00:00:00;   246
14.12.1989 00:00:00;   234
15.12.1989 00:00:00;   232
16.12.1989 00:00:00;   237
17.12.1989 00:00:00;   236
18.12.1989 00:00:00;   246
19.12.1989 00:00:00;   244
20.12.1989 00:00:00;   249
21.12.1989 00:00:00;   242
22.12.1989 00:00:00;   241
23.12.1989 00:00:00;   240
24.12.1989 00:00:00;   239
25.12.1989 00:00:00;   250
26.12.1989 00:00:00;   255
27.12.1989 00:00:00;   245
28.12.1989 00:00:00;   239
29.12.1989 00:00:00;   239
30.12.1989 00:00:00;   238
31.12.1989 00:00:00;   238
01.01.1990 00:00:00;   251
02.01.1990 00:00:00;   237
03.01.1990 00:00:00;   238
04.01.1990 00:00:00;   242
05.01.1990 00:00:00;   244
06.01.1990 00:00:00;   246
07.01.1990 00:00:00;   239
08.01.1990 00:00:00;   233
09.01.1990 00:00:00;   246
10.01.1990 00:00:00;   251
11.01.1990 00:00:00;   250
12.01.1990 00:00:00;   247
13.01.1990 00:00:00;   246
14.01.1990 00:00:00;   246
15.01.1990 00:00:00;   230
16.01.1990 00:00:00;   229
17.01.1990 00:00:00;   242
18.01.1990 00:00:00;   236
19.01.1990 00:00:00;   235
20.01.1990 00:00:00;   239
21.01.1990 00:00:00;   229
22.01.1990 00:00:00;   228
23.01.1990 00:00:00;   240
24.01.1990 00:00:00;   243
25.01.1990 00:00:00;   239
26.01.1990 00:00:00;   237
27.01.1990 00:00:00;   233
28.01.1990 00:00:00;   226
29.01.1990 00:00:00;   228
30.01.1990 00:00:00;   236
31.01.1990 00:00:00;   239
01.02.1990 00:00:00;   237
02.02.1990 00:00:00;   241
03.02.1990 00:00:00;   233
04.02.1990 00:00:00;   226
05.02.1990 00:00:00;   227
06.02.1990 00:00:00;   239
07.02.1990 00:00:00;   245
08.02.1990 00:00:00;   239
09.02.1990 00:00:00;   249
10.02.1990 00:00:00;   248
11.02.1990 00:00:00;   228
12.02.1990 00:00:00;   227
13.02.1990 00:00:00;   237
14.02.1990 00:00:00;   252
15.02.1990 00:00:00;   304
16.02.1990 00:00:00;   297
17.02.1990 00:00:00;   267
18.02.1990 00:00:00;   250
19.02.1990 00:00:00;   246
20.02.1990 00:00:00;   244
21.02.1990 00:00:00;   245
22.02.1990 00:00:00;   249
23.02.1990 00:00:00;   247
24.02.1990 00:00:00;   253
25.02.1990 00:00:00;   256
26.02.1990 00:00:00;   272
27.02.1990 00:00:00;   262
28.02.1990 00:00:00;   261
01.03.1990 00:00:00;   266
02.03.1990 00:00:00;   263
03.03.1990 00:00:00;   265
04.03.1990 00:00:00;   255
05.03.1990 00:00:00;   254
06.03.1990 00:00:00;   260
07.03.1990 00:00:00;   258
08.03.1990 00:00:00;   259
09.03.1990 00:00:00;   244
10.03.1990 00:00:00;   246
11.03.1990 00:00:00;   248
12.03.1990 00:00:00;   261
13.03.1990 00:00:00;   267
14.03.1990 00:00:00;   270
15.03.1990 00:00:00;   272
16.03.1990 00:00:00;   280
17.03.1990 00:00:00;   273
18.03.1990 00:00:00;   266
19.03.1990 00:00:00;   255
20.03.1990 00:00:00;   256
21.03.1990 00:00:00;   267
22.03.1990 00:00:00;   267
23.03.1990 00:00:00;   273
24.03.1990 00:00:00;   271
25.03.1990 00:00:00;   269
26.03.1990 00:00:00;   270
27.03.1990 00:00:00;   275
28.03.1990 00:00:00;   286
29.03.1990 00:00:00;   275
30.03.1990 00:00:00;   277
31.03.1990 00:00:00;   258
01.04.1990 00:00:00;   254
02.04.1990 00:00:00;   259
03.04.1990 00:00:00;   267
04.04.1990 00:00:00;   280
05.04.1990 00:00:00;   273
06.04.1990 00:00:00;   261
07.04.1990 00:00:00;   258
08.04.1990 00:00:00;   263
09.04.1990 00:00:00;   282
10.04.1990 00:00:00;   260
11.04.1990 00:00:00;   258
12.04.1990 00:00:00;   261
13.04.1990 00:00:00;   252
14.04.1990 00:00:00;   254
15.04.1990 00:00:00;   255
16.04.1990 00:00:00;   260
17.04.1990 00:00:00;   262
18.04.1990 00:00:00;   265
19.04.1990 00:00:00;   264
20.04.1990 00:00:00;   257
21.04.1990 00:00:00;   255
22.04.1990 00:00:00;   250
23.04.1990 00:00:00;   254
24.04.1990 00:00:00;   252
25.04.1990 00:00:00;   254
26.04.1990 00:00:00;   253
27.04.1990 00:00:00;   250
28.04.1990 00:00:00;   254
29.04.1990 00:00:00;   257
30.04.1990 00:00:00;   267
01.05.1990 00:00:00;   253
02.05.1990 00:00:00;   286
03.05.1990 00:00:00;   300
04.05.1990 00:00:00;   282
05.05.1990 00:00:00;   226
06.05.1990 00:00:00;   230
07.05.1990 00:00:00;   299
08.05.1990 00:00:00;   311
09.05.1990 00:00:00;   321
10.05.1990 00:00:00;   328
11.05.1990 00:00:00;   327
12.05.1990 00:00:00;   318
13.05.1990 00:00:00;   317
14.05.1990 00:00:00;   326
15.05.1990 00:00:00;   340
16.05.1990 00:00:00;   355
17.05.1990 00:00:00;   360
18.05.1990 00:00:00;   364
19.05.1990 00:00:00;   354
20.05.1990 00:00:00;   353
21.05.1990 00:00:00;   358
22.05.1990 00:00:00;   361
23.05.1990 00:00:00;   359
24.05.1990 00:00:00;   359
25.05.1990 00:00:00;   361
26.05.1990 00:00:00;   344
27.05.1990 00:00:00;   333
28.05.1990 00:00:00;   332
29.05.1990 00:00:00;   331
30.05.1990 00:00:00;   326
31.05.1990 00:00:00;   329
01.06.1990 00:00:00;   324
02.06.1990 00:00:00;   333
03.06.1990 00:00:00;   324
04.06.1990 00:00:00;   324
05.06.1990 00:00:00;   352
06.06.1990 00:00:00;   456
07.06.1990 00:00:00;   400
08.06.1990 00:00:00;   380
09.06.1990 00:00:00;   368
10.06.1990 00:00:00;   357
11.06.1990 00:00:00;   348
12.06.1990 00:00:00;   345
13.06.1990 00:00:00;   355
14.06.1990 00:00:00;   354
15.06.1990 00:00:00;   345
16.06.1990 00:00:00;   333
17.06.1990 00:00:00;   326
18.06.1990 00:00:00;   338
19.06.1990 00:00:00;   345
20.06.1990 00:00:00;   358
21.06.1990 00:00:00;   401
22.06.1990 00:00:00;   367
23.06.1990 00:00:00;   349
24.06.1990 00:00:00;   340
25.06.1990 00:00:00;   359
26.06.1990 00:00:00;   369
27.06.1990 00:00:00;   377
28.06.1990 00:00:00;   358
29.06.1990 00:00:00;   368
30.06.1990 00:00:00;   359
01.07.1990 00:00:00;   415
02.07.1990 00:00:00;   402
03.07.1990 00:00:00;   380
04.07.1990 00:00:00;   382
05.07.1990 00:00:00;   365
06.07.1990 00:00:00;   365
07.07.1990 00:00:00;   339
08.07.1990 00:00:00;   336
09.07.1990 00:00:00;   356
10.07.1990 00:00:00;   357
11.07.1990 00:00:00;   355
12.07.1990 00:00:00;   354
13.07.1990 00:00:00;   350
14.07.1990 00:00:00;   345
15.07.1990 00:00:00;   339
16.07.1990 00:00:00;   336
17.07.1990 00:00:00;   334
18.07.1990 00:00:00;   332
19.07.1990 00:00:00;   326
20.07.1990 00:00:00;   315
21.07.1990 00:00:00;   307
22.07.1990 00:00:00;   308
23.07.1990 00:00:00;   310
24.07.1990 00:00:00;   307
25.07.1990 00:00:00;   307
26.07.1990 00:00:00;   303
27.07.1990 00:00:00;   296
28.07.1990 00:00:00;   287
29.07.1990 00:00:00;   290
30.07.1990 00:00:00;   287
31.07.1990 00:00:00;   285
01.08.1990 00:00:00;   288
02.08.1990 00:00:00;   281
03.08.1990 00:00:00;   284
04.08.1990 00:00:00;   280
05.08.1990 00:00:00;   272
06.08.1990 00:00:00;   274
07.08.1990 00:00:00;   276
08.08.1990 00:00:00;   278
09.08.1990 00:00:00;   276
10.08.1990 00:00:00;   271
11.08.1990 00:00:00;   269
12.08.1990 00:00:00;   266
13.08.1990 00:00:00;   272
14.08.1990 00:00:00;   274
15.08.1990 00:00:00;   267
16.08.1990 00:00:00;   264
17.08.1990 00:00:00;   265
18.08.1990 00:00:00;   262
19.08.1990 00:00:00;   255
20.08.1990 00:00:00;   259
21.08.1990 00:00:00;   272
22.08.1990 00:00:00;   267
23.08.1990 00:00:00;   266
24.08.1990 00:00:00;   260
25.08.1990 00:00:00;   259
26.08.1990 00:00:00;   261
27.08.1990 00:00:00;   269
28.08.1990 00:00:00;   263
29.08.1990 00:00:00;   257
30.08.1990 00:00:00;   251
31.08.1990 00:00:00;   253
01.09.1990 00:00:00;   274
02.09.1990 00:00:00;   254
03.09.1990 00:00:00;   249
04.09.1990 00:00:00;   259
05.09.1990 00:00:00;   252
06.09.1990 00:00:00;   249
07.09.1990 00:00:00;   252
08.09.1990 00:00:00;   255
09.09.1990 00:00:00;   255
10.09.1990 00:00:00;   255
11.09.1990 00:00:00;   256
12.09.1990 00:00:00;   259
13.09.1990 00:00:00;   259
14.09.1990 00:00:00;   258
15.09.1990 00:00:00;   249
16.09.1990 00:00:00;   247
17.09.1990 00:00:00;   244
18.09.1990 00:00:00;   247
19.09.1990 00:00:00;   247
20.09.1990 00:00:00;   245
21.09.1990 00:00:00;   244
22.09.1990 00:00:00;   246
23.09.1990 00:00:00;   252
24.09.1990 00:00:00;   273
25.09.1990 00:00:00;   267
26.09.1990 00:00:00;   253
27.09.1990 00:00:00;   254
28.09.1990 00:00:00;   247
29.09.1990 00:00:00;   248
30.09.1990 00:00:00;   242
01.10.1990 00:00:00;   243
02.10.1990 00:00:00;   249
03.10.1990 00:00:00;   240
04.10.1990 00:00:00;   247
05.10.1990 00:00:00;   253
06.10.1990 00:00:00;   244
07.10.1990 00:00:00;   246
08.10.1990 00:00:00;   246
09.10.1990 00:00:00;   237
10.10.1990 00:00:00;   236
11.10.1990 00:00:00;   235
12.10.1990 00:00:00;   237
13.10.1990 00:00:00;   242
14.10.1990 00:00:00;   242
15.10.1990 00:00:00;   238
16.10.1990 00:00:00;   237
17.10.1990 00:00:00;   234
18.10.1990 00:00:00;   244
19.10.1990 00:00:00;   243
20.10.1990 00:00:00;   247
21.10.1990 00:00:00;   242
22.10.1990 00:00:00;   241
23.10.1990 00:00:00;   237
24.10.1990 00:00:00;   251
25.10.1990 00:00:00;   258
26.10.1990 00:00:00;   246
27.10.1990 00:00:00;   248
28.10.1990 00:00:00;   251
29.10.1990 00:00:00;   241
30.10.1990 00:00:00;   247
31.10.1990 00:00:00;   237
01.11.1990 00:00:00;   239
02.11.1990 00:00:00;   238
03.11.1990 00:00:00;   236
04.11.1990 00:00:00;   233
05.11.1990 00:00:00;   246
06.11.1990 00:00:00;   257
07.11.1990 00:00:00;   254
08.11.1990 00:00:00;   255
09.11.1990 00:00:00;   257
10.11.1990 00:00:00;   246
11.11.1990 00:00:00;   237
12.11.1990 00:00:00;   239
13.11.1990 00:00:00;   242
14.11.1990 00:00:00;   244
15.11.1990 00:00:00;   244
16.11.1990 00:00:00;   246
17.11.1990 00:00:00;   246
18.11.1990 00:00:00;   242
19.11.1990 00:00:00;   240
20.11.1990 00:00:00;   238
21.11.1990 00:00:00;   242
22.11.1990 00:00:00;   238
23.11.1990 00:00:00;   243
24.11.1990 00:00:00;   254
25.11.1990 00:00:00;   240
26.11.1990 00:00:00;   243
27.11.1990 00:00:00;   252
28.11.1990 00:00:00;   244
29.11.1990 00:00:00;   243
30.11.1990 00:00:00;   246
01.12.1990 00:00:00;   255
02.12.1990 00:00:00;   244
03.12.1990 00:00:00;   239
04.12.1990 00:00:00;   245
05.12.1990 00:00:00;   245
06.12.1990 00:00:00;   257
07.12.1990 00:00:00;   269
08.12.1990 00:00:00;   256
09.12.1990 00:00:00;   245
10.12.1990 00:00:00;   250
11.12.1990 00:00:00;   269
12.12.1990 00:00:00;   274
13.12.1990 00:00:00;   266
14.12.1990 00:00:00;   253
15.12.1990 00:00:00;   250
16.12.1990 00:00:00;   242
17.12.1990 00:00:00;   233
18.12.1990 00:00:00;   242
19.12.1990 00:00:00;   244
20.12.1990 00:00:00;   242
21.12.1990 00:00:00;   249
22.12.1990 00:00:00;   244
23.12.1990 00:00:00;   233
24.12.1990 00:00:00;   231
25.12.1990 00:00:00;   228
26.12.1990 00:00:00;   225
27.12.1990 00:00:00;   226
28.12.1990 00:00:00;   226
29.12.1990 00:00:00;   228
30.12.1990 00:00:00;   225
31.12.1990 00:00:00;   225
01.01.1991 00:00:00;   227
02.01.1991 00:00:00;   230
03.01.1991 00:00:00;   234
04.01.1991 00:00:00;   236
05.01.1991 00:00:00;   236
06.01.1991 00:00:00;   230
07.01.1991 00:00:00;   227
08.01.1991 00:00:00;   229
09.01.1991 00:00:00;   234
10.01.1991 00:00:00;   236
11.01.1991 00:00:00;   237
12.01.1991 00:00:00;   237
13.01.1991 00:00:00;   234
14.01.1991 00:00:00;   232
15.01.1991 00:00:00;   246
16.01.1991 00:00:00;   249
17.01.1991 00:00:00;   247
18.01.1991 00:00:00;   244
19.01.1991 00:00:00;   243
20.01.1991 00:00:00;   234
21.01.1991 00:00:00;   236
22.01.1991 00:00:00;   246
23.01.1991 00:00:00;   250
24.01.1991 00:00:00;   258
25.01.1991 00:00:00;   261
26.01.1991 00:00:00;   246
27.01.1991 00:00:00;   232
28.01.1991 00:00:00;   246
29.01.1991 00:00:00;   259
30.01.1991 00:00:00;   267
31.01.1991 00:00:00;   266
01.02.1991 00:00:00;   267
02.02.1991 00:00:00;   268
03.02.1991 00:00:00;   237
04.02.1991 00:00:00;   236
05.02.1991 00:00:00;   258
06.02.1991 00:00:00;   268
07.02.1991 00:00:00;   276
08.02.1991 00:00:00;   278
09.02.1991 00:00:00;   257
10.02.1991 00:00:00;   233
11.02.1991 00:00:00;   238
12.02.1991 00:00:00;   255
13.02.1991 00:00:00;   262
14.02.1991 00:00:00;   272
15.02.1991 00:00:00;   264
16.02.1991 00:00:00;   259
17.02.1991 00:00:00;   235
18.02.1991 00:00:00;   228
19.02.1991 00:00:00;   240
20.02.1991 00:00:00;   244
21.02.1991 00:00:00;   245
22.02.1991 00:00:00;   239
23.02.1991 00:00:00;   239
24.02.1991 00:00:00;   237
25.02.1991 00:00:00;   228
26.02.1991 00:00:00;   233
27.02.1991 00:00:00;   236
28.02.1991 00:00:00;   236
01.03.1991 00:00:00;   239
02.03.1991 00:00:00;   237
03.03.1991 00:00:00;   228
04.03.1991 00:00:00;   228
05.03.1991 00:00:00;   240
06.03.1991 00:00:00;   239
07.03.1991 00:00:00;   240
08.03.1991 00:00:00;   241
09.03.1991 00:00:00;   235
10.03.1991 00:00:00;   229
11.03.1991 00:00:00;   234
12.03.1991 00:00:00;   241
13.03.1991 00:00:00;   244
14.03.1991 00:00:00;   248
15.03.1991 00:00:00;   250
16.03.1991 00:00:00;   245
17.03.1991 00:00:00;   241
18.03.1991 00:00:00;   236
19.03.1991 00:00:00;   242
20.03.1991 00:00:00;   246
21.03.1991 00:00:00;   248
22.03.1991 00:00:00;   245
23.03.1991 00:00:00;   243
24.03.1991 00:00:00;   243
25.03.1991 00:00:00;   256
26.03.1991 00:00:00;   263
27.03.1991 00:00:00;   276
28.03.1991 00:00:00;   280
29.03.1991 00:00:00;   274
30.03.1991 00:00:00;   257
31.03.1991 00:00:00;   250
01.04.1991 00:00:00;   247
02.04.1991 00:00:00;   247
03.04.1991 00:00:00;   254
04.04.1991 00:00:00;   250
05.04.1991 00:00:00;   260
06.04.1991 00:00:00;   257
07.04.1991 00:00:00;   250
08.04.1991 00:00:00;   258
09.04.1991 00:00:00;   264
10.04.1991 00:00:00;   265
11.04.1991 00:00:00;   267
12.04.1991 00:00:00;   266
13.04.1991 00:00:00;   254
14.04.1991 00:00:00;   249
15.04.1991 00:00:00;   249
16.04.1991 00:00:00;   256
17.04.1991 00:00:00;   276
18.04.1991 00:00:00;   283
19.04.1991 00:00:00;   273
20.04.1991 00:00:00;   263
21.04.1991 00:00:00;   256
22.04.1991 00:00:00;   250
23.04.1991 00:00:00;   255
24.04.1991 00:00:00;   250
25.04.1991 00:00:00;   245
26.04.1991 00:00:00;   238
27.04.1991 00:00:00;   244
28.04.1991 00:00:00;   245
29.04.1991 00:00:00;   241
30.04.1991 00:00:00;   249
01.05.1991 00:00:00;   247
02.05.1991 00:00:00;   250
03.05.1991 00:00:00;   256
04.05.1991 00:00:00;   249
05.05.1991 00:00:00;   245
06.05.1991 00:00:00;   244
07.05.1991 00:00:00;   247
08.05.1991 00:00:00;   247
09.05.1991 00:00:00;   247
10.05.1991 00:00:00;   247
11.05.1991 00:00:00;   258
12.05.1991 00:00:00;   278
13.05.1991 00:00:00;   271
14.05.1991 00:00:00;   265
15.05.1991 00:00:00;   277
16.05.1991 00:00:00;   278
17.05.1991 00:00:00;   279
18.05.1991 00:00:00;   275
19.05.1991 00:00:00;   259
20.05.1991 00:00:00;   256
21.05.1991 00:00:00;   263
22.05.1991 00:00:00;   273
23.05.1991 00:00:00;   283
24.05.1991 00:00:00;   290
25.05.1991 00:00:00;   281
26.05.1991 00:00:00;   272
27.05.1991 00:00:00;   273
28.05.1991 00:00:00;   283
29.05.1991 00:00:00;   285
30.05.1991 00:00:00;   287
31.05.1991 00:00:00;   287
01.06.1991 00:00:00;   299
02.06.1991 00:00:00;   316
03.06.1991 00:00:00;   334
04.06.1991 00:00:00;   335
05.06.1991 00:00:00;   321
06.06.1991 00:00:00;   317
07.06.1991 00:00:00;   321
08.06.1991 00:00:00;   309
09.06.1991 00:00:00;   306
10.06.1991 00:00:00;   319
11.06.1991 00:00:00;   333
12.06.1991 00:00:00;   353
13.06.1991 00:00:00;   370
14.06.1991 00:00:00;   388
15.06.1991 00:00:00;   379
16.06.1991 00:00:00;   403
17.06.1991 00:00:00;   535
18.06.1991 00:00:00;   472
19.06.1991 00:00:00;   427
20.06.1991 00:00:00;   397
21.06.1991 00:00:00;   382
22.06.1991 00:00:00;   367
23.06.1991 00:00:00;   374
24.06.1991 00:00:00;   409
25.06.1991 00:00:00;   420
26.06.1991 00:00:00;   428
27.06.1991 00:00:00;   433
28.06.1991 00:00:00;   425
29.06.1991 00:00:00;   411
30.06.1991 00:00:00;   381
01.07.1991 00:00:00;   369
02.07.1991 00:00:00;   367
03.07.1991 00:00:00;   374
04.07.1991 00:00:00;   382
05.07.1991 00:00:00;   387
06.07.1991 00:00:00;   382
07.07.1991 00:00:00;   372
08.07.1991 00:00:00;   382
09.07.1991 00:00:00;   389
10.07.1991 00:00:00;   376
11.07.1991 00:00:00;   368
12.07.1991 00:00:00;   367
13.07.1991 00:00:00;   373
14.07.1991 00:00:00;   374
15.07.1991 00:00:00;   410
16.07.1991 00:00:00;   383
17.07.1991 00:00:00;   374
18.07.1991 00:00:00;   373
19.07.1991 00:00:00;   362
20.07.1991 00:00:00;   343
21.07.1991 00:00:00;   336
22.07.1991 00:00:00;   339
23.07.1991 00:00:00;   339
24.07.1991 00:00:00;   353
25.07.1991 00:00:00;   370
26.07.1991 00:00:00;   378
27.07.1991 00:00:00;   378
28.07.1991 00:00:00;   349
29.07.1991 00:00:00;   346
30.07.1991 00:00:00;   341
31.07.1991 00:00:00;   343
01.08.1991 00:00:00;   359
02.08.1991 00:00:00;   348
03.08.1991 00:00:00;   339
04.08.1991 00:00:00;   323
05.08.1991 00:00:00;   336
06.08.1991 00:00:00;   336
07.08.1991 00:00:00;   332
08.08.1991 00:00:00;   322
09.08.1991 00:00:00;   327
10.08.1991 00:00:00;   313
11.08.1991 00:00:00;   311
12.08.1991 00:00:00;   326
13.08.1991 00:00:00;   326
14.08.1991 00:00:00;   316
15.08.1991 00:00:00;   313
16.08.1991 00:00:00;   315
17.08.1991 00:00:00;   303
18.08.1991 00:00:00;   290
19.08.1991 00:00:00;   300
20.08.1991 00:00:00;   306
21.08.1991 00:00:00;   300
22.08.1991 00:00:00;   301
23.08.1991 00:00:00;   305
24.08.1991 00:00:00;   291
25.08.1991 00:00:00;   275
26.08.1991 00:00:00;   295
27.08.1991 00:00:00;   293
28.08.1991 00:00:00;   301
29.08.1991 00:00:00;   300
30.08.1991 00:00:00;   294
31.08.1991 00:00:00;   281
01.09.1991 00:00:00;   275
02.09.1991 00:00:00;   291
03.09.1991 00:00:00;   293
04.09.1991 00:00:00;   294
05.09.1991 00:00:00;   293
06.09.1991 00:00:00;   290
07.09.1991 00:00:00;   272
08.09.1991 00:00:00;   263
09.09.1991 00:00:00;   279
10.09.1991 00:00:00;   284
11.09.1991 00:00:00;   280
12.09.1991 00:00:00;   279
13.09.1991 00:00:00;   272
14.09.1991 00:00:00;   274
15.09.1991 00:00:00;   262
16.09.1991 00:00:00;   273
17.09.1991 00:00:00;   279
18.09.1991 00:00:00;   279
19.09.1991 00:00:00;   269
20.09.1991 00:00:00;   258
21.09.1991 00:00:00;   255
22.09.1991 00:00:00;   260
23.09.1991 00:00:00;   279
24.09.1991 00:00:00;   270
25.09.1991 00:00:00;   268
26.09.1991 00:00:00;   286
27.09.1991 00:00:00;   354
28.09.1991 00:00:00;   317
29.09.1991 00:00:00;   331
30.09.1991 00:00:00;   525
01.10.1991 00:00:00;   434
02.10.1991 00:00:00;   375
03.10.1991 00:00:00;   348
04.10.1991 00:00:00;   336
05.10.1991 00:00:00;   316
06.10.1991 00:00:00;   306
07.10.1991 00:00:00;   315
08.10.1991 00:00:00;   311
09.10.1991 00:00:00;   297
10.10.1991 00:00:00;   291
11.10.1991 00:00:00;   291
12.10.1991 00:00:00;   292
13.10.1991 00:00:00;   296
14.10.1991 00:00:00;   289
15.10.1991 00:00:00;   288
16.10.1991 00:00:00;   289
17.10.1991 00:00:00;   287
18.10.1991 00:00:00;   285
19.10.1991 00:00:00;   288
20.10.1991 00:00:00;   283
21.10.1991 00:00:00;   278
22.10.1991 00:00:00;   282
23.10.1991 00:00:00;   285
24.10.1991 00:00:00;   298
25.10.1991 00:00:00;   286
26.10.1991 00:00:00;   278
27.10.1991 00:00:00;   277
28.10.1991 00:00:00;   285
29.10.1991 00:00:00;   283
30.10.1991 00:00:00;   286
31.10.1991 00:00:00;   280
01.11.1991 00:00:00;   271
02.11.1991 00:00:00;   272
03.11.1991 00:00:00;   268
04.11.1991 00:00:00;   270
05.11.1991 00:00:00;   272
06.11.1991 00:00:00;   271
07.11.1991 00:00:00;   274
08.11.1991 00:00:00;   277
09.11.1991 00:00:00;   274
10.11.1991 00:00:00;   266
11.11.1991 00:00:00;   266
12.11.1991 00:00:00;   299
13.11.1991 00:00:00;   303
14.11.1991 00:00:00;   294
15.11.1991 00:00:00;   272
16.11.1991 00:00:00;   269
17.11.1991 00:00:00;   270
18.11.1991 00:00:00;   270
19.11.1991 00:00:00;   269
20.11.1991 00:00:00;   269
21.11.1991 00:00:00;   267
22.11.1991 00:00:00;   270
23.11.1991 00:00:00;   265
24.11.1991 00:00:00;   265
25.11.1991 00:00:00;   267
26.11.1991 00:00:00;   263
27.11.1991 00:00:00;   269
28.11.1991 00:00:00;   272
29.11.1991 00:00:00;   275
30.11.1991 00:00:00;   269
01.12.1991 00:00:00;   261
02.12.1991 00:00:00;   261
03.12.1991 00:00:00;   270
04.12.1991 00:00:00;   284
05.12.1991 00:00:00;   281
06.12.1991 00:00:00;   278
07.12.1991 00:00:00;   275
08.12.1991 00:00:00;   273
09.12.1991 00:00:00;   264
10.12.1991 00:00:00;   273
11.12.1991 00:00:00;   277
12.12.1991 00:00:00;   284
13.12.1991 00:00:00;   282
14.12.1991 00:00:00;   270
15.12.1991 00:00:00;   265
16.12.1991 00:00:00;   263
17.12.1991 00:00:00;   265
18.12.1991 00:00:00;   269
19.12.1991 00:00:00;   270
20.12.1991 00:00:00;   270
21.12.1991 00:00:00;   281
22.12.1991 00:00:00;   290
23.12.1991 00:00:00;   316
24.12.1991 00:00:00;   293
25.12.1991 00:00:00;   281
26.12.1991 00:00:00;   273
27.12.1991 00:00:00;   272
28.12.1991 00:00:00;   275
29.12.1991 00:00:00;   270
30.12.1991 00:00:00;   268
31.12.1991 00:00:00;   269
01.01.1992 00:00:00;   269
02.01.1992 00:00:00;   267
03.01.1992 00:00:00;   266
04.01.1992 00:00:00;   262
05.01.1992 00:00:00;   258
06.01.1992 00:00:00;   258
07.01.1992 00:00:00;   267
08.01.1992 00:00:00;   268
09.01.1992 00:00:00;   269
10.01.1992 00:00:00;   269
11.01.1992 00:00:00;   275
12.01.1992 00:00:00;   272
13.01.1992 00:00:00;   268
14.01.1992 00:00:00;   266
15.01.1992 00:00:00;   266
16.01.1992 00:00:00;   267
17.01.1992 00:00:00;   269
18.01.1992 00:00:00;   277
19.01.1992 00:00:00;   262
20.01.1992 00:00:00;   262
21.01.1992 00:00:00;   269
22.01.1992 00:00:00;   282
23.01.1992 00:00:00;   281
24.01.1992 00:00:00;   284
25.01.1992 00:00:00;   280
26.01.1992 00:00:00;   276
27.01.1992 00:00:00;   266
28.01.1992 00:00:00;   271
29.01.1992 00:00:00;   276
30.01.1992 00:00:00;   277
31.01.1992 00:00:00;   274
01.02.1992 00:00:00;   267
02.02.1992 00:00:00;   260
03.02.1992 00:00:00;   260
04.02.1992 00:00:00;   271
05.02.1992 00:00:00;   274
06.02.1992 00:00:00;   270
07.02.1992 00:00:00;   267
08.02.1992 00:00:00;   273
09.02.1992 00:00:00;   270
10.02.1992 00:00:00;   267
11.02.1992 00:00:00;   262
12.02.1992 00:00:00;   263
13.02.1992 00:00:00;   265
14.02.1992 00:00:00;   265
15.02.1992 00:00:00;   262
16.02.1992 00:00:00;   261
17.02.1992 00:00:00;   260
18.02.1992 00:00:00;   260
19.02.1992 00:00:00;   272
20.02.1992 00:00:00;   271
21.02.1992 00:00:00;   274
22.02.1992 00:00:00;   267
23.02.1992 00:00:00;   255
24.02.1992 00:00:00;   252
25.02.1992 00:00:00;   258
26.02.1992 00:00:00;   258
27.02.1992 00:00:00;   259
28.02.1992 00:00:00;   261
29.02.1992 00:00:00;   259
01.03.1992 00:00:00;   255
02.03.1992 00:00:00;   255
03.03.1992 00:00:00;   257
04.03.1992 00:00:00;   261
05.03.1992 00:00:00;   265
06.03.1992 00:00:00;   266
07.03.1992 00:00:00;   263
08.03.1992 00:00:00;   265
09.03.1992 00:00:00;   261
10.03.1992 00:00:00;   264
11.03.1992 00:00:00;   265
12.03.1992 00:00:00;   266
13.03.1992 00:00:00;   265
14.03.1992 00:00:00;   270
15.03.1992 00:00:00;   281
16.03.1992 00:00:00;   292
17.03.1992 00:00:00;   284
18.03.1992 00:00:00;   270
19.03.1992 00:00:00;   270
20.03.1992 00:00:00;   273
21.03.1992 00:00:00;   271
22.03.1992 00:00:00;   277
23.03.1992 00:00:00;   293
24.03.1992 00:00:00;   302
25.03.1992 00:00:00;   305
26.03.1992 00:00:00;   292
27.03.1992 00:00:00;   282
28.03.1992 00:00:00;   272
29.03.1992 00:00:00;   278
30.03.1992 00:00:00;   280
31.03.1992 00:00:00;   281
01.04.1992 00:00:00;   301
02.04.1992 00:00:00;   295
03.04.1992 00:00:00;   283
04.04.1992 00:00:00;   269
05.04.1992 00:00:00;   269
06.04.1992 00:00:00;   284
07.04.1992 00:00:00;   285
08.04.1992 00:00:00;   286
09.04.1992 00:00:00;   295
10.04.1992 00:00:00;   299
11.04.1992 00:00:00;   293
12.04.1992 00:00:00;   288
13.04.1992 00:00:00;   293
14.04.1992 00:00:00;   295
15.04.1992 00:00:00;   296
16.04.1992 00:00:00;   293
17.04.1992 00:00:00;   284
18.04.1992 00:00:00;   282
19.04.1992 00:00:00;   270
20.04.1992 00:00:00;   273
21.04.1992 00:00:00;   280
22.04.1992 00:00:00;   282
23.04.1992 00:00:00;   293
24.04.1992 00:00:00;   297
25.04.1992 00:00:00;   299
26.04.1992 00:00:00;   265
27.04.1992 00:00:00;   264
28.04.1992 00:00:00;   285
29.04.1992 00:00:00;   378
30.04.1992 00:00:00;   364
01.05.1992 00:00:00;   327
02.05.1992 00:00:00;   329
03.05.1992 00:00:00;   333
04.05.1992 00:00:00;   343
05.05.1992 00:00:00;   358
06.05.1992 00:00:00;   365
07.05.1992 00:00:00;   364
08.05.1992 00:00:00;   364
09.05.1992 00:00:00;   363
10.05.1992 00:00:00;   375
11.05.1992 00:00:00;   407
12.05.1992 00:00:00;   408
13.05.1992 00:00:00;   397
14.05.1992 00:00:00;   404
15.05.1992 00:00:00;   423
16.05.1992 00:00:00;   427
17.05.1992 00:00:00;   421
18.05.1992 00:00:00;   432
19.05.1992 00:00:00;   427
20.05.1992 00:00:00;   419
21.05.1992 00:00:00;   393
22.05.1992 00:00:00;   373
23.05.1992 00:00:00;   363
24.05.1992 00:00:00;   356
25.05.1992 00:00:00;   358
26.05.1992 00:00:00;   367
27.05.1992 00:00:00;   375
28.05.1992 00:00:00;   373
29.05.1992 00:00:00;   374
30.05.1992 00:00:00;   377
31.05.1992 00:00:00;   378
01.06.1992 00:00:00;   389
02.06.1992 00:00:00;   413
03.06.1992 00:00:00;   429
04.06.1992 00:00:00;   418
05.06.1992 00:00:00;   407
06.06.1992 00:00:00;   381
07.06.1992 00:00:00;   355
08.06.1992 00:00:00;   348
09.06.1992 00:00:00;   343
10.06.1992 00:00:00;   345
11.06.1992 00:00:00;   345
12.06.1992 00:00:00;   345
13.06.1992 00:00:00;   343
14.06.1992 00:00:00;   335
15.06.1992 00:00:00;   347
16.06.1992 00:00:00;   355
17.06.1992 00:00:00;   365
18.06.1992 00:00:00;   363
19.06.1992 00:00:00;   361
20.06.1992 00:00:00;   352
21.06.1992 00:00:00;   337
22.06.1992 00:00:00;   343
23.06.1992 00:00:00;   351
24.06.1992 00:00:00;   356
25.06.1992 00:00:00;   351
26.06.1992 00:00:00;   347
27.06.1992 00:00:00;   341
28.06.1992 00:00:00;   333
29.06.1992 00:00:00;   332
30.06.1992 00:00:00;   335
01.07.1992 00:00:00;   342
02.07.1992 00:00:00;   335
03.07.1992 00:00:00;   330
04.07.1992 00:00:00;   336
05.07.1992 00:00:00;   347
06.07.1992 00:00:00;   339
07.07.1992 00:00:00;   336
08.07.1992 00:00:00;   332
09.07.1992 00:00:00;   335
10.07.1992 00:00:00;   338
11.07.1992 00:00:00;   353
12.07.1992 00:00:00;   344
13.07.1992 00:00:00;   344
14.07.1992 00:00:00;   333
15.07.1992 00:00:00;   334
16.07.1992 00:00:00;   330
17.07.1992 00:00:00;   334
18.07.1992 00:00:00;   328
19.07.1992 00:00:00;   328
20.07.1992 00:00:00;   333
21.07.1992 00:00:00;   338
22.07.1992 00:00:00;   334
23.07.1992 00:00:00;   336
24.07.1992 00:00:00;   334
25.07.1992 00:00:00;   332
26.07.1992 00:00:00;   329
27.07.1992 00:00:00;   328
28.07.1992 00:00:00;   330
29.07.1992 00:00:00;   329
30.07.1992 00:00:00;   327
31.07.1992 00:00:00;   325
01.08.1992 00:00:00;   304
02.08.1992 00:00:00;   299
03.08.1992 00:00:00;   303
04.08.1992 00:00:00;   303
05.08.1992 00:00:00;   291
06.08.1992 00:00:00;   291
07.08.1992 00:00:00;   294
08.08.1992 00:00:00;   287
09.08.1992 00:00:00;   287
10.08.1992 00:00:00;   314
11.08.1992 00:00:00;   320
12.08.1992 00:00:00;   306
13.08.1992 00:00:00;   294
14.08.1992 00:00:00;   272
15.08.1992 00:00:00;   269
16.08.1992 00:00:00;   267
17.08.1992 00:00:00;   265
18.08.1992 00:00:00;   271
19.08.1992 00:00:00;   277
20.08.1992 00:00:00;   273
21.08.1992 00:00:00;   270
22.08.1992 00:00:00;   273
23.08.1992 00:00:00;   266
24.08.1992 00:00:00;   256
25.08.1992 00:00:00;   255
26.08.1992 00:00:00;   258
27.08.1992 00:00:00;   256
28.08.1992 00:00:00;   269
29.08.1992 00:00:00;   280
30.08.1992 00:00:00;   326
31.08.1992 00:00:00;   296
01.09.1992 00:00:00;   379
02.09.1992 00:00:00;   328
03.09.1992 00:00:00;   304
04.09.1992 00:00:00;   297
05.09.1992 00:00:00;   293
06.09.1992 00:00:00;   283
07.09.1992 00:00:00;   290
08.09.1992 00:00:00;   286
09.09.1992 00:00:00;   286
10.09.1992 00:00:00;   287
11.09.1992 00:00:00;   301
12.09.1992 00:00:00;   288
13.09.1992 00:00:00;   286
14.09.1992 00:00:00;   283
15.09.1992 00:00:00;   272
16.09.1992 00:00:00;   270
17.09.1992 00:00:00;   270
18.09.1992 00:00:00;   261
19.09.1992 00:00:00;   263
20.09.1992 00:00:00;   257
21.09.1992 00:00:00;   253
22.09.1992 00:00:00;   256
23.09.1992 00:00:00;   282
24.09.1992 00:00:00;   283
25.09.1992 00:00:00;   267
26.09.1992 00:00:00;   260
27.09.1992 00:00:00;   253
28.09.1992 00:00:00;   277
29.09.1992 00:00:00;   279
30.09.1992 00:00:00;   264
01.10.1992 00:00:00;   254
02.10.1992 00:00:00;   254
03.10.1992 00:00:00;   260
04.10.1992 00:00:00;   249
05.10.1992 00:00:00;   251
06.10.1992 00:00:00;   252
07.10.1992 00:00:00;   255
08.10.1992 00:00:00;   253
09.10.1992 00:00:00;   248
10.10.1992 00:00:00;   250
11.10.1992 00:00:00;   243
12.10.1992 00:00:00;   244
13.10.1992 00:00:00;   261
14.10.1992 00:00:00;   264
15.10.1992 00:00:00;   252
16.10.1992 00:00:00;   246
17.10.1992 00:00:00;   253
18.10.1992 00:00:00;   253
19.10.1992 00:00:00;   250
20.10.1992 00:00:00;   245
21.10.1992 00:00:00;   246
22.10.1992 00:00:00;   266
23.10.1992 00:00:00;   249
24.10.1992 00:00:00;   254
25.10.1992 00:00:00;   252
26.10.1992 00:00:00;   252
27.10.1992 00:00:00;   255
28.10.1992 00:00:00;   252
29.10.1992 00:00:00;   252
30.10.1992 00:00:00;   250
31.10.1992 00:00:00;   249
01.11.1992 00:00:00;   242
02.11.1992 00:00:00;   250
03.11.1992 00:00:00;   252
04.11.1992 00:00:00;   255
05.11.1992 00:00:00;   255
06.11.1992 00:00:00;   252
07.11.1992 00:00:00;   250
08.11.1992 00:00:00;   252
09.11.1992 00:00:00;   249
10.11.1992 00:00:00;   247
11.11.1992 00:00:00;   246
12.11.1992 00:00:00;   248
13.11.1992 00:00:00;   252
14.11.1992 00:00:00;   244
15.11.1992 00:00:00;   238
16.11.1992 00:00:00;   245
17.11.1992 00:00:00;   249
18.11.1992 00:00:00;   252
19.11.1992 00:00:00;   261
20.11.1992 00:00:00;   256
21.11.1992 00:00:00;   280
22.11.1992 00:00:00;   297
23.11.1992 00:00:00;   293
24.11.1992 00:00:00;   282
25.11.1992 00:00:00;   273
26.11.1992 00:00:00;   275
27.11.1992 00:00:00;   266
28.11.1992 00:00:00;   268
29.11.1992 00:00:00;   268
30.11.1992 00:00:00;   264
01.12.1992 00:00:00;   274
02.12.1992 00:00:00;   268
03.12.1992 00:00:00;   267
04.12.1992 00:00:00;   268
05.12.1992 00:00:00;   264
06.12.1992 00:00:00;   256
07.12.1992 00:00:00;   251
08.12.1992 00:00:00;   255
09.12.1992 00:00:00;   259
10.12.1992 00:00:00;   256
11.12.1992 00:00:00;   253
12.12.1992 00:00:00;   253
13.12.1992 00:00:00;   249
14.12.1992 00:00:00;   246
15.12.1992 00:00:00;   247
16.12.1992 00:00:00;   255
17.12.1992 00:00:00;   257
18.12.1992 00:00:00;   253
19.12.1992 00:00:00;   242
20.12.1992 00:00:00;   244
21.12.1992 00:00:00;   241
22.12.1992 00:00:00;   244
23.12.1992 00:00:00;   248
24.12.1992 00:00:00;   239
25.12.1992 00:00:00;   237
26.12.1992 00:00:00;   238
27.12.1992 00:00:00;   234
28.12.1992 00:00:00;   236
29.12.1992 00:00:00;   246
30.12.1992 00:00:00;   250
31.12.1992 00:00:00;   244
01.01.1993 00:00:00;   248
02.01.1993 00:00:00;   235
03.01.1993 00:00:00;   245
04.01.1993 00:00:00;   239
05.01.1993 00:00:00;   260
06.01.1993 00:00:00;   252
07.01.1993 00:00:00;   245
08.01.1993 00:00:00;   243
09.01.1993 00:00:00;   237
10.01.1993 00:00:00;   236
11.01.1993 00:00:00;   233
12.01.1993 00:00:00;   234
13.01.1993 00:00:00;   242
14.01.1993 00:00:00;   237
15.01.1993 00:00:00;   239
16.01.1993 00:00:00;   243
17.01.1993 00:00:00;   232
18.01.1993 00:00:00;   232
19.01.1993 00:00:00;   238
20.01.1993 00:00:00;   235
21.01.1993 00:00:00;   241
22.01.1993 00:00:00;   238
23.01.1993 00:00:00;   235
24.01.1993 00:00:00;   225
25.01.1993 00:00:00;   226
26.01.1993 00:00:00;   253
27.01.1993 00:00:00;   243
28.01.1993 00:00:00;   239
29.01.1993 00:00:00;   239
30.01.1993 00:00:00;   234
31.01.1993 00:00:00;   238
01.02.1993 00:00:00;   243
02.02.1993 00:00:00;   232
03.02.1993 00:00:00;   231
04.02.1993 00:00:00;   235
05.02.1993 00:00:00;   230
06.02.1993 00:00:00;   242
07.02.1993 00:00:00;   228
08.02.1993 00:00:00;   226
09.02.1993 00:00:00;   240
10.02.1993 00:00:00;   243
11.02.1993 00:00:00;   239
12.02.1993 00:00:00;   240
13.02.1993 00:00:00;   229
14.02.1993 00:00:00;   227
15.02.1993 00:00:00;   232
16.02.1993 00:00:00;   235
17.02.1993 00:00:00;   244
18.02.1993 00:00:00;   233
19.02.1993 00:00:00;   237
20.02.1993 00:00:00;   236
21.02.1993 00:00:00;   227
22.02.1993 00:00:00;   239
23.02.1993 00:00:00;   245
24.02.1993 00:00:00;   258
25.02.1993 00:00:00;   255
26.02.1993 00:00:00;   257
27.02.1993 00:00:00;   257
28.02.1993 00:00:00;   242
01.03.1993 00:00:00;   235
02.03.1993 00:00:00;   251
03.03.1993 00:00:00;   241
04.03.1993 00:00:00;   247
05.03.1993 00:00:00;   272
06.03.1993 00:00:00;   238
07.03.1993 00:00:00;   235
08.03.1993 00:00:00;   234
09.03.1993 00:00:00;   240
10.03.1993 00:00:00;   239
11.03.1993 00:00:00;   238
12.03.1993 00:00:00;   233
13.03.1993 00:00:00;   230
14.03.1993 00:00:00;   225
15.03.1993 00:00:00;   225
16.03.1993 00:00:00;   235
17.03.1993 00:00:00;   233
18.03.1993 00:00:00;   243
19.03.1993 00:00:00;   244
20.03.1993 00:00:00;   242
21.03.1993 00:00:00;   238
22.03.1993 00:00:00;   237
23.03.1993 00:00:00;   242
24.03.1993 00:00:00;   252
25.03.1993 00:00:00;   247
26.03.1993 00:00:00;   240
27.03.1993 00:00:00;   245
28.03.1993 00:00:00;   236
29.03.1993 00:00:00;   250
30.03.1993 00:00:00;   251
31.03.1993 00:00:00;   239
01.04.1993 00:00:00;   248
02.04.1993 00:00:00;   254
03.04.1993 00:00:00;   241
04.04.1993 00:00:00;   231
05.04.1993 00:00:00;   242
06.04.1993 00:00:00;   235
07.04.1993 00:00:00;   247
08.04.1993 00:00:00;   261
09.04.1993 00:00:00;   245
10.04.1993 00:00:00;   239
11.04.1993 00:00:00;   244
12.04.1993 00:00:00;   243
13.04.1993 00:00:00;   246
14.04.1993 00:00:00;   249
15.04.1993 00:00:00;   252
16.04.1993 00:00:00;   257
17.04.1993 00:00:00;   249
18.04.1993 00:00:00;   242
19.04.1993 00:00:00;   253
20.04.1993 00:00:00;   264
21.04.1993 00:00:00;   274
22.04.1993 00:00:00;   282
23.04.1993 00:00:00;   287
24.04.1993 00:00:00;   292
25.04.1993 00:00:00;   281
26.04.1993 00:00:00;   291
27.04.1993 00:00:00;   302
28.04.1993 00:00:00;   309
29.04.1993 00:00:00;   313
30.04.1993 00:00:00;   317
01.05.1993 00:00:00;   287
02.05.1993 00:00:00;   287
03.05.1993 00:00:00;   280
04.05.1993 00:00:00;   302
05.05.1993 00:00:00;   305
06.05.1993 00:00:00;   310
07.05.1993 00:00:00;   306
08.05.1993 00:00:00;   299
09.05.1993 00:00:00;   294
10.05.1993 00:00:00;   297
11.05.1993 00:00:00;   303
12.05.1993 00:00:00;   314
13.05.1993 00:00:00;   311
14.05.1993 00:00:00;   307
15.05.1993 00:00:00;   298
16.05.1993 00:00:00;   300
17.05.1993 00:00:00;   309
18.05.1993 00:00:00;   311
19.05.1993 00:00:00;   313
20.05.1993 00:00:00;   310
21.05.1993 00:00:00;   317
22.05.1993 00:00:00;   309
23.05.1993 00:00:00;   295
24.05.1993 00:00:00;   300
25.05.1993 00:00:00;   317
26.05.1993 00:00:00;   339
27.05.1993 00:00:00;   354
28.05.1993 00:00:00;   401
29.05.1993 00:00:00;   357
30.05.1993 00:00:00;   336
31.05.1993 00:00:00;   338
01.06.1993 00:00:00;   344
02.06.1993 00:00:00;   342
03.06.1993 00:00:00;   351
04.06.1993 00:00:00;   340
05.06.1993 00:00:00;   327
06.06.1993 00:00:00;   329
07.06.1993 00:00:00;   346
08.06.1993 00:00:00;   351
09.06.1993 00:00:00;   350
10.06.1993 00:00:00;   353
11.06.1993 00:00:00;   351
12.06.1993 00:00:00;   358
13.06.1993 00:00:00;   335
14.06.1993 00:00:00;   329
15.06.1993 00:00:00;   332
16.06.1993 00:00:00;   333
17.06.1993 00:00:00;   331
18.06.1993 00:00:00;   341
19.06.1993 00:00:00;   332
20.06.1993 00:00:00;   330
21.06.1993 00:00:00;   334
22.06.1993 00:00:00;   332
23.06.1993 00:00:00;   345
24.06.1993 00:00:00;   388
25.06.1993 00:00:00;   353
26.06.1993 00:00:00;   331
27.06.1993 00:00:00;   326
28.06.1993 00:00:00;   330
29.06.1993 00:00:00;   327
30.06.1993 00:00:00;   325
01.07.1993 00:00:00;   319
02.07.1993 00:00:00;   331
03.07.1993 00:00:00;   331
04.07.1993 00:00:00;   304
05.07.1993 00:00:00;   313
06.07.1993 00:00:00;   321
07.07.1993 00:00:00;   307
08.07.1993 00:00:00;   303
09.07.1993 00:00:00;   301
10.07.1993 00:00:00;   291
11.07.1993 00:00:00;   374
12.07.1993 00:00:00;   336
13.07.1993 00:00:00;   325
14.07.1993 00:00:00;   318
15.07.1993 00:00:00;   352
16.07.1993 00:00:00;   343
17.07.1993 00:00:00;   332
18.07.1993 00:00:00;   328
19.07.1993 00:00:00;   339
20.07.1993 00:00:00;   350
21.07.1993 00:00:00;   342
22.07.1993 00:00:00;   329
23.07.1993 00:00:00;   326
24.07.1993 00:00:00;   314
25.07.1993 00:00:00;   312
26.07.1993 00:00:00;   311
27.07.1993 00:00:00;   301
28.07.1993 00:00:00;   297
29.07.1993 00:00:00;   301
30.07.1993 00:00:00;   294
31.07.1993 00:00:00;   290
01.08.1993 00:00:00;   284
02.08.1993 00:00:00;   292
03.08.1993 00:00:00;   281
04.08.1993 00:00:00;   284
05.08.1993 00:00:00;   294
06.08.1993 00:00:00;   286
07.08.1993 00:00:00;   276
08.08.1993 00:00:00;   267
09.08.1993 00:00:00;   272
10.08.1993 00:00:00;   274
11.08.1993 00:00:00;   280
12.08.1993 00:00:00;   276
13.08.1993 00:00:00;   273
14.08.1993 00:00:00;   266
15.08.1993 00:00:00;   263
16.08.1993 00:00:00;   263
17.08.1993 00:00:00;   266
18.08.1993 00:00:00;   269
19.08.1993 00:00:00;   263
20.08.1993 00:00:00;   258
21.08.1993 00:00:00;   262
22.08.1993 00:00:00;   253
23.08.1993 00:00:00;   291
24.08.1993 00:00:00;   284
25.08.1993 00:00:00;   321
26.08.1993 00:00:00;   288
27.08.1993 00:00:00;   280
28.08.1993 00:00:00;   342
29.08.1993 00:00:00;   309
30.08.1993 00:00:00;   290
31.08.1993 00:00:00;   299
01.09.1993 00:00:00;   288
02.09.1993 00:00:00;   284
03.09.1993 00:00:00;   283
04.09.1993 00:00:00;   272
05.09.1993 00:00:00;   274
06.09.1993 00:00:00;   278
07.09.1993 00:00:00;   282
08.09.1993 00:00:00;   284
09.09.1993 00:00:00;   283
10.09.1993 00:00:00;   329
11.09.1993 00:00:00;   299
12.09.1993 00:00:00;   296
13.09.1993 00:00:00;   285
14.09.1993 00:00:00;   379
15.09.1993 00:00:00;   320
16.09.1993 00:00:00;   309
17.09.1993 00:00:00;   301
18.09.1993 00:00:00;   292
19.09.1993 00:00:00;   276
20.09.1993 00:00:00;   281
21.09.1993 00:00:00;   283
22.09.1993 00:00:00;   282
23.09.1993 00:00:00;   332
24.09.1993 00:00:00;   346
25.09.1993 00:00:00;   416
26.09.1993 00:00:00;   385
27.09.1993 00:00:00;   353
28.09.1993 00:00:00;   333
29.09.1993 00:00:00;   336
30.09.1993 00:00:00;   330
01.10.1993 00:00:00;   307
02.10.1993 00:00:00;   318
03.10.1993 00:00:00;   357
04.10.1993 00:00:00;   354
05.10.1993 00:00:00;   332
06.10.1993 00:00:00;   343
07.10.1993 00:00:00;   414
08.10.1993 00:00:00;   387
09.10.1993 00:00:00;   486
10.10.1993 00:00:00;   403
11.10.1993 00:00:00;   390
12.10.1993 00:00:00;   426
13.10.1993 00:00:00;   531
14.10.1993 00:00:00;   520
15.10.1993 00:00:00;   476
16.10.1993 00:00:00;   429
17.10.1993 00:00:00;   408
18.10.1993 00:00:00;   396
19.10.1993 00:00:00;   385
20.10.1993 00:00:00;   373
21.10.1993 00:00:00;   361
22.10.1993 00:00:00;   362
23.10.1993 00:00:00;   346
24.10.1993 00:00:00;   327
25.10.1993 00:00:00;   325
26.10.1993 00:00:00;   310
27.10.1993 00:00:00;   311
28.10.1993 00:00:00;   307
29.10.1993 00:00:00;   312
30.10.1993 00:00:00;   305
31.10.1993 00:00:00;   299
01.11.1993 00:00:00;   289
02.11.1993 00:00:00;   288
03.11.1993 00:00:00;   289
04.11.1993 00:00:00;   283
05.11.1993 00:00:00;   283
06.11.1993 00:00:00;   297
07.11.1993 00:00:00;   294
08.11.1993 00:00:00;   289
09.11.1993 00:00:00;   279
10.11.1993 00:00:00;   284
11.11.1993 00:00:00;   289
12.11.1993 00:00:00;   289
13.11.1993 00:00:00;   291
14.11.1993 00:00:00;   275
15.11.1993 00:00:00;   273
16.11.1993 00:00:00;   290
17.11.1993 00:00:00;   293
18.11.1993 00:00:00;   293
19.11.1993 00:00:00;   292
20.11.1993 00:00:00;   288
21.11.1993 00:00:00;   278
22.11.1993 00:00:00;   285
23.11.1993 00:00:00;   288
24.11.1993 00:00:00;   281
25.11.1993 00:00:00;   285
26.11.1993 00:00:00;   277
27.11.1993 00:00:00;   279
28.11.1993 00:00:00;   269
29.11.1993 00:00:00;   288
30.11.1993 00:00:00;   291
01.12.1993 00:00:00;   284
02.12.1993 00:00:00;   277
03.12.1993 00:00:00;   272
04.12.1993 00:00:00;   274
05.12.1993 00:00:00;   266
06.12.1993 00:00:00;   263
07.12.1993 00:00:00;   263
08.12.1993 00:00:00;   264
09.12.1993 00:00:00;   262
10.12.1993 00:00:00;   265
11.12.1993 00:00:00;   272
12.12.1993 00:00:00;   261
13.12.1993 00:00:00;   261
14.12.1993 00:00:00;   261
15.12.1993 00:00:00;   265
16.12.1993 00:00:00;   263
17.12.1993 00:00:00;   263
18.12.1993 00:00:00;   265
19.12.1993 00:00:00;   259
20.12.1993 00:00:00;   270
21.12.1993 00:00:00;   276
22.12.1993 00:00:00;   270
23.12.1993 00:00:00;   267
24.12.1993 00:00:00;   261
25.12.1993 00:00:00;   266
26.12.1993 00:00:00;   257
27.12.1993 00:00:00;   257
28.12.1993 00:00:00;   261
29.12.1993 00:00:00;   261
30.12.1993 00:00:00;   263
31.12.1993 00:00:00;   256
01.01.1994 00:00:00;   260
02.01.1994 00:00:00;   254
03.01.1994 00:00:00;   259
04.01.1994 00:00:00;   261
05.01.1994 00:00:00;   263
06.01.1994 00:00:00;   261
07.01.1994 00:00:00;   262
08.01.1994 00:00:00;   267
09.01.1994 00:00:00;   266
10.01.1994 00:00:00;   259
11.01.1994 00:00:00;   266
12.01.1994 00:00:00;   262
13.01.1994 00:00:00;   263
14.01.1994 00:00:00;   257
15.01.1994 00:00:00;   263
16.01.1994 00:00:00;   262
17.01.1994 00:00:00;   261
18.01.1994 00:00:00;   269
19.01.1994 00:00:00;   275
20.01.1994 00:00:00;   270
21.01.1994 00:00:00;   276
22.01.1994 00:00:00;   269
23.01.1994 00:00:00;   259
24.01.1994 00:00:00;   254
25.01.1994 00:00:00;   260
26.01.1994 00:00:00;   266
27.01.1994 00:00:00;   267
28.01.1994 00:00:00;   267
29.01.1994 00:00:00;   269
30.01.1994 00:00:00;   257
31.01.1994 00:00:00;   259
01.02.1994 00:00:00;   262
02.02.1994 00:00:00;   261
03.02.1994 00:00:00;   262
04.02.1994 00:00:00;   260
05.02.1994 00:00:00;   259
06.02.1994 00:00:00;   257
07.02.1994 00:00:00;   255
08.02.1994 00:00:00;   267
09.02.1994 00:00:00;   262
10.02.1994 00:00:00;   259
11.02.1994 00:00:00;   262
12.02.1994 00:00:00;   260
13.02.1994 00:00:00;   256
14.02.1994 00:00:00;   260
15.02.1994 00:00:00;   270
16.02.1994 00:00:00;   275
17.02.1994 00:00:00;   270
18.02.1994 00:00:00;   266
19.02.1994 00:00:00;   266
20.02.1994 00:00:00;   255
21.02.1994 00:00:00;   251
22.02.1994 00:00:00;   264
23.02.1994 00:00:00;   260
24.02.1994 00:00:00;   260
25.02.1994 00:00:00;   260
26.02.1994 00:00:00;   257
27.02.1994 00:00:00;   255
28.02.1994 00:00:00;   255
01.03.1994 00:00:00;   260
02.03.1994 00:00:00;   262
03.03.1994 00:00:00;   263
04.03.1994 00:00:00;   264
05.03.1994 00:00:00;   265
06.03.1994 00:00:00;   258
07.03.1994 00:00:00;   257
08.03.1994 00:00:00;   259
09.03.1994 00:00:00;   262
10.03.1994 00:00:00;   268
11.03.1994 00:00:00;   271
12.03.1994 00:00:00;   275
13.03.1994 00:00:00;   272
14.03.1994 00:00:00;   269
15.03.1994 00:00:00;   268
16.03.1994 00:00:00;   270
17.03.1994 00:00:00;   280
18.03.1994 00:00:00;   281
19.03.1994 00:00:00;   265
20.03.1994 00:00:00;   265
21.03.1994 00:00:00;   261
22.03.1994 00:00:00;   271
23.03.1994 00:00:00;   273
24.03.1994 00:00:00;   272
25.03.1994 00:00:00;   279
26.03.1994 00:00:00;   283
27.03.1994 00:00:00;   277
28.03.1994 00:00:00;   284
29.03.1994 00:00:00;   278
30.03.1994 00:00:00;   281
31.03.1994 00:00:00;   286
01.04.1994 00:00:00;   271
02.04.1994 00:00:00;   279
03.04.1994 00:00:00;   275
04.04.1994 00:00:00;   274
05.04.1994 00:00:00;   277
06.04.1994 00:00:00;   287
07.04.1994 00:00:00;   284
08.04.1994 00:00:00;   280
09.04.1994 00:00:00;   270
10.04.1994 00:00:00;   265
11.04.1994 00:00:00;   270
12.04.1994 00:00:00;   276
13.04.1994 00:00:00;   272
14.04.1994 00:00:00;   274
15.04.1994 00:00:00;   275
16.04.1994 00:00:00;   270
17.04.1994 00:00:00;   266
18.04.1994 00:00:00;   283
19.04.1994 00:00:00;   277
20.04.1994 00:00:00;   276
21.04.1994 00:00:00;   273
22.04.1994 00:00:00;   279
23.04.1994 00:00:00;   282
24.04.1994 00:00:00;   279
25.04.1994 00:00:00;   274
26.04.1994 00:00:00;   285
27.04.1994 00:00:00;   281
28.04.1994 00:00:00;   276
29.04.1994 00:00:00;   283
30.04.1994 00:00:00;   294
01.05.1994 00:00:00;   300
02.05.1994 00:00:00;   310
03.05.1994 00:00:00;   322
04.05.1994 00:00:00;   316
05.05.1994 00:00:00;   324
06.05.1994 00:00:00;   311
07.05.1994 00:00:00;   315
08.05.1994 00:00:00;   304
09.05.1994 00:00:00;   317
10.05.1994 00:00:00;   333
11.05.1994 00:00:00;   335
12.05.1994 00:00:00;   316
13.05.1994 00:00:00;   311
14.05.1994 00:00:00;   315
15.05.1994 00:00:00;   320
16.05.1994 00:00:00;   335
17.05.1994 00:00:00;   344
18.05.1994 00:00:00;   378
19.05.1994 00:00:00;   382
20.05.1994 00:00:00;   368
21.05.1994 00:00:00;   359
22.05.1994 00:00:00;   338
23.05.1994 00:00:00;   339
24.05.1994 00:00:00;   374
25.05.1994 00:00:00;   382
26.05.1994 00:00:00;   382
27.05.1994 00:00:00;   394
28.05.1994 00:00:00;   378
29.05.1994 00:00:00;   384
30.05.1994 00:00:00;   365
31.05.1994 00:00:00;   359
01.06.1994 00:00:00;   365
02.06.1994 00:00:00;   372
03.06.1994 00:00:00;   390
04.06.1994 00:00:00;   397
05.06.1994 00:00:00;   377
06.06.1994 00:00:00;   370
07.06.1994 00:00:00;   374
08.06.1994 00:00:00;   362
09.06.1994 00:00:00;   433
10.06.1994 00:00:00;   394
11.06.1994 00:00:00;   349
12.06.1994 00:00:00;   344
13.06.1994 00:00:00;   343
14.06.1994 00:00:00;   339
15.06.1994 00:00:00;   344
16.06.1994 00:00:00;   347
17.06.1994 00:00:00;   340
18.06.1994 00:00:00;   343
19.06.1994 00:00:00;   349
20.06.1994 00:00:00;   356
21.06.1994 00:00:00;   359
22.06.1994 00:00:00;   357
23.06.1994 00:00:00;   357
24.06.1994 00:00:00;   365
25.06.1994 00:00:00;   378
26.06.1994 00:00:00;   366
27.06.1994 00:00:00;   388
28.06.1994 00:00:00;   387
29.06.1994 00:00:00;   375
30.06.1994 00:00:00;   374
01.07.1994 00:00:00;   369
02.07.1994 00:00:00;   357
03.07.1994 00:00:00;   365
04.07.1994 00:00:00;   355
05.07.1994 00:00:00;   355
06.07.1994 00:00:00;   349
07.07.1994 00:00:00;   347
08.07.1994 00:00:00;   345
09.07.1994 00:00:00;   333
10.07.1994 00:00:00;   326
11.07.1994 00:00:00;   333
12.07.1994 00:00:00;   331
13.07.1994 00:00:00;   325
14.07.1994 00:00:00;   322
15.07.1994 00:00:00;   319
16.07.1994 00:00:00;   317
17.07.1994 00:00:00;   313
18.07.1994 00:00:00;   311
19.07.1994 00:00:00;   318
20.07.1994 00:00:00;   320
21.07.1994 00:00:00;   311
22.07.1994 00:00:00;   309
23.07.1994 00:00:00;   305
24.07.1994 00:00:00;   315
25.07.1994 00:00:00;   304
26.07.1994 00:00:00;   309
27.07.1994 00:00:00;   303
28.07.1994 00:00:00;   309
29.07.1994 00:00:00;   308
30.07.1994 00:00:00;   300
31.07.1994 00:00:00;   289
01.08.1994 00:00:00;   280
02.08.1994 00:00:00;   292
03.08.1994 00:00:00;   272
04.08.1994 00:00:00;   272
05.08.1994 00:00:00;   270
06.08.1994 00:00:00;   273
07.08.1994 00:00:00;   294
08.08.1994 00:00:00;   284
09.08.1994 00:00:00;   281
10.08.1994 00:00:00;   260
11.08.1994 00:00:00;   386
12.08.1994 00:00:00;   305
13.08.1994 00:00:00;   290
14.08.1994 00:00:00;   299
15.08.1994 00:00:00;   292
16.08.1994 00:00:00;   284
17.08.1994 00:00:00;   289
18.08.1994 00:00:00;   294
19.08.1994 00:00:00;   282
20.08.1994 00:00:00;   277
21.08.1994 00:00:00;   274
22.08.1994 00:00:00;   298
23.08.1994 00:00:00;   306
24.08.1994 00:00:00;   291
25.08.1994 00:00:00;   308
26.08.1994 00:00:00;   297
27.08.1994 00:00:00;   280
28.08.1994 00:00:00;   285
29.08.1994 00:00:00;   287
30.08.1994 00:00:00;   267
31.08.1994 00:00:00;   287
01.09.1994 00:00:00;   324
02.09.1994 00:00:00;   335
03.09.1994 00:00:00;   326
04.09.1994 00:00:00;   312
05.09.1994 00:00:00;   292
06.09.1994 00:00:00;   299
07.09.1994 00:00:00;   290
08.09.1994 00:00:00;   292
09.09.1994 00:00:00;   388
10.09.1994 00:00:00;   303
11.09.1994 00:00:00;   292
12.09.1994 00:00:00;   287
13.09.1994 00:00:00;   346
14.09.1994 00:00:00;   393
15.09.1994 00:00:00;   450
16.09.1994 00:00:00;   390
17.09.1994 00:00:00;   367
18.09.1994 00:00:00;   340
19.09.1994 00:00:00;   358
20.09.1994 00:00:00;   333
21.09.1994 00:00:00;   331
22.09.1994 00:00:00;   324
23.09.1994 00:00:00;   313
24.09.1994 00:00:00;   321
25.09.1994 00:00:00;   305
26.09.1994 00:00:00;   310
27.09.1994 00:00:00;   320
28.09.1994 00:00:00;   324
29.09.1994 00:00:00;   322
30.09.1994 00:00:00;   312
01.10.1994 00:00:00;   300
02.10.1994 00:00:00;   289
03.10.1994 00:00:00;   279
04.10.1994 00:00:00;   290
05.10.1994 00:00:00;   292
06.10.1994 00:00:00;   284
07.10.1994 00:00:00;   282
08.10.1994 00:00:00;   281
09.10.1994 00:00:00;   272
10.10.1994 00:00:00;   274
11.10.1994 00:00:00;   276
12.10.1994 00:00:00;   265
13.10.1994 00:00:00;   263
14.10.1994 00:00:00;   263
15.10.1994 00:00:00;   261
16.10.1994 00:00:00;   250
17.10.1994 00:00:00;   243
18.10.1994 00:00:00;   246
19.10.1994 00:00:00;   245
20.10.1994 00:00:00;   246
21.10.1994 00:00:00;   245
22.10.1994 00:00:00;   250
23.10.1994 00:00:00;   240
24.10.1994 00:00:00;   241
25.10.1994 00:00:00;   244
26.10.1994 00:00:00;   247
27.10.1994 00:00:00;   243
28.10.1994 00:00:00;   257
29.10.1994 00:00:00;   249
30.10.1994 00:00:00;   243
31.10.1994 00:00:00;   233
01.11.1994 00:00:00;   225
02.11.1994 00:00:00;   234
03.11.1994 00:00:00;   234
04.11.1994 00:00:00;   234
05.11.1994 00:00:00;   238
06.11.1994 00:00:00;   247
07.11.1994 00:00:00;   232
08.11.1994 00:00:00;   238
09.11.1994 00:00:00;   232
10.11.1994 00:00:00;   233
11.11.1994 00:00:00;   243
12.11.1994 00:00:00;   245
13.11.1994 00:00:00;   232
14.11.1994 00:00:00;   230
15.11.1994 00:00:00;   258
16.11.1994 00:00:00;   248
17.11.1994 00:00:00;   236
18.11.1994 00:00:00;   236
19.11.1994 00:00:00;   237
20.11.1994 00:00:00;   258
21.11.1994 00:00:00;   250
22.11.1994 00:00:00;   241
23.11.1994 00:00:00;   243
24.11.1994 00:00:00;   237
25.11.1994 00:00:00;   235
26.11.1994 00:00:00;   236
27.11.1994 00:00:00;   234
28.11.1994 00:00:00;   236
29.11.1994 00:00:00;   244
30.11.1994 00:00:00;   239
01.12.1994 00:00:00;   241
02.12.1994 00:00:00;   240
03.12.1994 00:00:00;   242
04.12.1994 00:00:00;   228
05.12.1994 00:00:00;   227
06.12.1994 00:00:00;   233
07.12.1994 00:00:00;   240
08.12.1994 00:00:00;   233
09.12.1994 00:00:00;   240
10.12.1994 00:00:00;   236
11.12.1994 00:00:00;   234
12.12.1994 00:00:00;   231
13.12.1994 00:00:00;   230
14.12.1994 00:00:00;   231
15.12.1994 00:00:00;   250
16.12.1994 00:00:00;   250
17.12.1994 00:00:00;   237
18.12.1994 00:00:00;   228
19.12.1994 00:00:00;   246
20.12.1994 00:00:00;   248
21.12.1994 00:00:00;   237
22.12.1994 00:00:00;   231
23.12.1994 00:00:00;   232
24.12.1994 00:00:00;   230
25.12.1994 00:00:00;   245
26.12.1994 00:00:00;   230
27.12.1994 00:00:00;   235
28.12.1994 00:00:00;   232
29.12.1994 00:00:00;   229
30.12.1994 00:00:00;   228
31.12.1994 00:00:00;   227
01.01.1995 00:00:00;   225
02.01.1995 00:00:00;   225
03.01.1995 00:00:00;   225
04.01.1995 00:00:00;   232
05.01.1995 00:00:00;   240
06.01.1995 00:00:00;   243
07.01.1995 00:00:00;   236
08.01.1995 00:00:00;   225
09.01.1995 00:00:00;   225
10.01.1995 00:00:00;   234
11.01.1995 00:00:00;   242
12.01.1995 00:00:00;   234
13.01.1995 00:00:00;   246
14.01.1995 00:00:00;   244
15.01.1995 00:00:00;   226
16.01.1995 00:00:00;   262
17.01.1995 00:00:00;   236
18.01.1995 00:00:00;   234
19.01.1995 00:00:00;   227
20.01.1995 00:00:00;   233
21.01.1995 00:00:00;   229
22.01.1995 00:00:00;   225
23.01.1995 00:00:00;   225
24.01.1995 00:00:00;   239
25.01.1995 00:00:00;   237
26.01.1995 00:00:00;   236
27.01.1995 00:00:00;   236
28.01.1995 00:00:00;   245
29.01.1995 00:00:00;   226
30.01.1995 00:00:00;   225
31.01.1995 00:00:00;   243
01.02.1995 00:00:00;   239
02.02.1995 00:00:00;   237
03.02.1995 00:00:00;   227
04.02.1995 00:00:00;   225
05.02.1995 00:00:00;   225
06.02.1995 00:00:00;   226
07.02.1995 00:00:00;   229
08.02.1995 00:00:00;   225
09.02.1995 00:00:00;   227
10.02.1995 00:00:00;   225
11.02.1995 00:00:00;   231
12.02.1995 00:00:00;   225
13.02.1995 00:00:00;   225
14.02.1995 00:00:00;   225
15.02.1995 00:00:00;   241
16.02.1995 00:00:00;   231
17.02.1995 00:00:00;   235
18.02.1995 00:00:00;   242
19.02.1995 00:00:00;   233
20.02.1995 00:00:00;   244
21.02.1995 00:00:00;   226
22.02.1995 00:00:00;   228
23.02.1995 00:00:00;   248
24.02.1995 00:00:00;   250
25.02.1995 00:00:00;   236
26.02.1995 00:00:00;   232
27.02.1995 00:00:00;   240
28.02.1995 00:00:00;   246
01.03.1995 00:00:00;   249
02.03.1995 00:00:00;   250
03.03.1995 00:00:00;   250
04.03.1995 00:00:00;   250
05.03.1995 00:00:00;   227
06.03.1995 00:00:00;   226
07.03.1995 00:00:00;   261
08.03.1995 00:00:00;   249
09.03.1995 00:00:00;   241
10.03.1995 00:00:00;   236
11.03.1995 00:00:00;   229
12.03.1995 00:00:00;   225
13.03.1995 00:00:00;   224
14.03.1995 00:00:00;   234
15.03.1995 00:00:00;   243
16.03.1995 00:00:00;   249
17.03.1995 00:00:00;   245
18.03.1995 00:00:00;   226
19.03.1995 00:00:00;   225
20.03.1995 00:00:00;   253
21.03.1995 00:00:00;   229
22.03.1995 00:00:00;   239
23.03.1995 00:00:00;   229
24.03.1995 00:00:00;   227
25.03.1995 00:00:00;   226
26.03.1995 00:00:00;   226
27.03.1995 00:00:00;   227
28.03.1995 00:00:00;   248
29.03.1995 00:00:00;   241
30.03.1995 00:00:00;   235
31.03.1995 00:00:00;   247
01.04.1995 00:00:00;   236
02.04.1995 00:00:00;   238
03.04.1995 00:00:00;   239
04.04.1995 00:00:00;   261
05.04.1995 00:00:00;   275
06.04.1995 00:00:00;   297
07.04.1995 00:00:00;   294
08.04.1995 00:00:00;   299
09.04.1995 00:00:00;   309
10.04.1995 00:00:00;   285
11.04.1995 00:00:00;   279
12.04.1995 00:00:00;   273
13.04.1995 00:00:00;   266
14.04.1995 00:00:00;   257
15.04.1995 00:00:00;   259
16.04.1995 00:00:00;   241
17.04.1995 00:00:00;   239
18.04.1995 00:00:00;   251
19.04.1995 00:00:00;   263
20.04.1995 00:00:00;   276
21.04.1995 00:00:00;   266
22.04.1995 00:00:00;   277
23.04.1995 00:00:00;   316
24.04.1995 00:00:00;   320
25.04.1995 00:00:00;   312
26.04.1995 00:00:00;   355
27.04.1995 00:00:00;   333
28.04.1995 00:00:00;   337
29.04.1995 00:00:00;   318
30.04.1995 00:00:00;   319
01.05.1995 00:00:00;   305
02.05.1995 00:00:00;   315
03.05.1995 00:00:00;   334
04.05.1995 00:00:00;   337
05.05.1995 00:00:00;   340
06.05.1995 00:00:00;   329
07.05.1995 00:00:00;   332
08.05.1995 00:00:00;   349
09.05.1995 00:00:00;   363
10.05.1995 00:00:00;   357
11.05.1995 00:00:00;   342
12.05.1995 00:00:00;   338
13.05.1995 00:00:00;   347
14.05.1995 00:00:00;   327
15.05.1995 00:00:00;   317
16.05.1995 00:00:00;   316
17.05.1995 00:00:00;   311
18.05.1995 00:00:00;   308
19.05.1995 00:00:00;   320
20.05.1995 00:00:00;   312
21.05.1995 00:00:00;   291
22.05.1995 00:00:00;   289
23.05.1995 00:00:00;   300
24.05.1995 00:00:00;   308
25.05.1995 00:00:00;   313
26.05.1995 00:00:00;   332
27.05.1995 00:00:00;   354
28.05.1995 00:00:00;   346
29.05.1995 00:00:00;   365
30.05.1995 00:00:00;   418
31.05.1995 00:00:00;   440
01.06.1995 00:00:00;   439
02.06.1995 00:00:00;   410
03.06.1995 00:00:00;   372
04.06.1995 00:00:00;   347
05.06.1995 00:00:00;   342
06.06.1995 00:00:00;   353
07.06.1995 00:00:00;   349
08.06.1995 00:00:00;   346
09.06.1995 00:00:00;   336
10.06.1995 00:00:00;   337
11.06.1995 00:00:00;   373
12.06.1995 00:00:00;   366
13.06.1995 00:00:00;   379
14.06.1995 00:00:00;   381
15.06.1995 00:00:00;   363
16.06.1995 00:00:00;   353
17.06.1995 00:00:00;   350
18.06.1995 00:00:00;   335
19.06.1995 00:00:00;   353
20.06.1995 00:00:00;   364
21.06.1995 00:00:00;   387
22.06.1995 00:00:00;   403
23.06.1995 00:00:00;   393
24.06.1995 00:00:00;   371
25.06.1995 00:00:00;   340
26.06.1995 00:00:00;   336
27.06.1995 00:00:00;   344
28.06.1995 00:00:00;   366
29.06.1995 00:00:00;   379
30.06.1995 00:00:00;   392
01.07.1995 00:00:00;   387
02.07.1995 00:00:00;   378
03.07.1995 00:00:00;   398
04.07.1995 00:00:00;   418
05.07.1995 00:00:00;   374
06.07.1995 00:00:00;   379
07.07.1995 00:00:00;   368
08.07.1995 00:00:00;   366
09.07.1995 00:00:00;   361
10.07.1995 00:00:00;   366
11.07.1995 00:00:00;   370
12.07.1995 00:00:00;   369
13.07.1995 00:00:00;   370
14.07.1995 00:00:00;   369
15.07.1995 00:00:00;   362
16.07.1995 00:00:00;   341
17.07.1995 00:00:00;   346
18.07.1995 00:00:00;   336
19.07.1995 00:00:00;   331
20.07.1995 00:00:00;   331
21.07.1995 00:00:00;   331
22.07.1995 00:00:00;   321
23.07.1995 00:00:00;   325
24.07.1995 00:00:00;   334
25.07.1995 00:00:00;   323
26.07.1995 00:00:00;   321
27.07.1995 00:00:00;   320
28.07.1995 00:00:00;   319
29.07.1995 00:00:00;   304
30.07.1995 00:00:00;   292
31.07.1995 00:00:00;   301
01.08.1995 00:00:00;   287
02.08.1995 00:00:00;   294
03.08.1995 00:00:00;   280
04.08.1995 00:00:00;   280
05.08.1995 00:00:00;   270
06.08.1995 00:00:00;   269
07.08.1995 00:00:00;   278
08.08.1995 00:00:00;   276
09.08.1995 00:00:00;   291
10.08.1995 00:00:00;   271
11.08.1995 00:00:00;   267
12.08.1995 00:00:00;   268
13.08.1995 00:00:00;   269
14.08.1995 00:00:00;   269
15.08.1995 00:00:00;   265
16.08.1995 00:00:00;   266
17.08.1995 00:00:00;   275
18.08.1995 00:00:00;   271
19.08.1995 00:00:00;   252
20.08.1995 00:00:00;   256
21.08.1995 00:00:00;   266
22.08.1995 00:00:00;   278
23.08.1995 00:00:00;   271
24.08.1995 00:00:00;   269
25.08.1995 00:00:00;   275
26.08.1995 00:00:00;   261
27.08.1995 00:00:00;   255
28.08.1995 00:00:00;   281
29.08.1995 00:00:00;   310
30.08.1995 00:00:00;   309
31.08.1995 00:00:00;   293
01.09.1995 00:00:00;   237
02.09.1995 00:00:00;   224
03.09.1995 00:00:00;   216
04.09.1995 00:00:00;   228
05.09.1995 00:00:00;   286
06.09.1995 00:00:00;   280
07.09.1995 00:00:00;   267
08.09.1995 00:00:00;   319
09.09.1995 00:00:00;   248
10.09.1995 00:00:00;   236
11.09.1995 00:00:00;   286
12.09.1995 00:00:00;   291
13.09.1995 00:00:00;   376
14.09.1995 00:00:00;   363
15.09.1995 00:00:00;   342
16.09.1995 00:00:00;   315
17.09.1995 00:00:00;   306
18.09.1995 00:00:00;   306
19.09.1995 00:00:00;   292
20.09.1995 00:00:00;   303
21.09.1995 00:00:00;   292
22.09.1995 00:00:00;   289
23.09.1995 00:00:00;   285
24.09.1995 00:00:00;   274
25.09.1995 00:00:00;   269
26.09.1995 00:00:00;   315
27.09.1995 00:00:00;   300
28.09.1995 00:00:00;   301
29.09.1995 00:00:00;   288
30.09.1995 00:00:00;   273
01.10.1995 00:00:00;   260
02.10.1995 00:00:00;   261
03.10.1995 00:00:00;   259
04.10.1995 00:00:00;   248
05.10.1995 00:00:00;   249
06.10.1995 00:00:00;   243
07.10.1995 00:00:00;   245
08.10.1995 00:00:00;   237
09.10.1995 00:00:00;   228
10.10.1995 00:00:00;   235
11.10.1995 00:00:00;   237
12.10.1995 00:00:00;   241
13.10.1995 00:00:00;   237
14.10.1995 00:00:00;   239
15.10.1995 00:00:00;   226
16.10.1995 00:00:00;   225
17.10.1995 00:00:00;   229
18.10.1995 00:00:00;   230
19.10.1995 00:00:00;   231
20.10.1995 00:00:00;   246
21.10.1995 00:00:00;   229
22.10.1995 00:00:00;   225
23.10.1995 00:00:00;   227
24.10.1995 00:00:00;   229
25.10.1995 00:00:00;   221
26.10.1995 00:00:00;   224
27.10.1995 00:00:00;   220
28.10.1995 00:00:00;   220
29.10.1995 00:00:00;   215
30.10.1995 00:00:00;   216
31.10.1995 00:00:00;   214
01.11.1995 00:00:00;   214
02.11.1995 00:00:00;   212
03.11.1995 00:00:00;   213
04.11.1995 00:00:00;   212
05.11.1995 00:00:00;   219
06.11.1995 00:00:00;   211
07.11.1995 00:00:00;   227
08.11.1995 00:00:00;   225
09.11.1995 00:00:00;   215
10.11.1995 00:00:00;   217
11.11.1995 00:00:00;   216
12.11.1995 00:00:00;   207
13.11.1995 00:00:00;   209
14.11.1995 00:00:00;   213
15.11.1995 00:00:00;   212
16.11.1995 00:00:00;   212
17.11.1995 00:00:00;   211
18.11.1995 00:00:00;   223
19.11.1995 00:00:00;   209
20.11.1995 00:00:00;   221
21.11.1995 00:00:00;   222
22.11.1995 00:00:00;   218
23.11.1995 00:00:00;   217
24.11.1995 00:00:00;   217
25.11.1995 00:00:00;   225
26.11.1995 00:00:00;   212
27.11.1995 00:00:00;   209
28.11.1995 00:00:00;   220
29.11.1995 00:00:00;   219
30.11.1995 00:00:00;   218
01.12.1995 00:00:00;   218
02.12.1995 00:00:00;   219
03.12.1995 00:00:00;   214
04.12.1995 00:00:00;   213
05.12.1995 00:00:00;   233
06.12.1995 00:00:00;   233
07.12.1995 00:00:00;   236
08.12.1995 00:00:00;   226
09.12.1995 00:00:00;   215
10.12.1995 00:00:00;   210
11.12.1995 00:00:00;   219
12.12.1995 00:00:00;   286
13.12.1995 00:00:00;   225
14.12.1995 00:00:00;   227
15.12.1995 00:00:00;   222
16.12.1995 00:00:00;   221
17.12.1995 00:00:00;   210
18.12.1995 00:00:00;   209
19.12.1995 00:00:00;   213
20.12.1995 00:00:00;   213
21.12.1995 00:00:00;   215
22.12.1995 00:00:00;   215
23.12.1995 00:00:00;   213
24.12.1995 00:00:00;   208
25.12.1995 00:00:00;   207
26.12.1995 00:00:00;   220
27.12.1995 00:00:00;   216
28.12.1995 00:00:00;   216
29.12.1995 00:00:00;   216
30.12.1995 00:00:00;   216
31.12.1995 00:00:00;   216
01.01.1996 00:00:00;   517
02.01.1996 00:00:00;   509
03.01.1996 00:00:00;   513
04.01.1996 00:00:00;   522
05.01.1996 00:00:00;   520
06.01.1996 00:00:00;   518
07.01.1996 00:00:00;   507
08.01.1996 00:00:00;   512
09.01.1996 00:00:00;   519
10.01.1996 00:00:00;   522
11.01.1996 00:00:00;   518
12.01.1996 00:00:00;   523
13.01.1996 00:00:00;   518
14.01.1996 00:00:00;   508
15.01.1996 00:00:00;   509
16.01.1996 00:00:00;   521
17.01.1996 00:00:00;   521
18.01.1996 00:00:00;   521
19.01.1996 00:00:00;   526
20.01.1996 00:00:00;   521
21.01.1996 00:00:00;   509
22.01.1996 00:00:00;   515
23.01.1996 00:00:00;   525
24.01.1996 00:00:00;   527
25.01.1996 00:00:00;   532
26.01.1996 00:00:00;   541
27.01.1996 00:00:00;   525
28.01.1996 00:00:00;   502
29.01.1996 00:00:00;   507
30.01.1996 00:00:00;   529
31.01.1996 00:00:00;   535
01.02.1996 00:00:00;   539
02.02.1996 00:00:00;   538
03.02.1996 00:00:00;   522
04.02.1996 00:00:00;   501
05.02.1996 00:00:00;   512
06.02.1996 00:00:00;   540
07.02.1996 00:00:00;   546
08.02.1996 00:00:00;   546
09.02.1996 00:00:00;   541
10.02.1996 00:00:00;   523
11.02.1996 00:00:00;   505
12.02.1996 00:00:00;   515
13.02.1996 00:00:00;   540
14.02.1996 00:00:00;   538
15.02.1996 00:00:00;   534
16.02.1996 00:00:00;   538
17.02.1996 00:00:00;   521
18.02.1996 00:00:00;   506
19.02.1996 00:00:00;   513
20.02.1996 00:00:00;   526
21.02.1996 00:00:00;   530
22.02.1996 00:00:00;   543
23.02.1996 00:00:00;   551
24.02.1996 00:00:00;   527
25.02.1996 00:00:00;   506
26.02.1996 00:00:00;   514
27.02.1996 00:00:00;   528
28.02.1996 00:00:00;   531
29.02.1996 00:00:00;   533
01.03.1996 00:00:00;   530
02.03.1996 00:00:00;   518
03.03.1996 00:00:00;   506
04.03.1996 00:00:00;   541
05.03.1996 00:00:00;   533
06.03.1996 00:00:00;   533
07.03.1996 00:00:00;   528
08.03.1996 00:00:00;   527
09.03.1996 00:00:00;   511
10.03.1996 00:00:00;   501
11.03.1996 00:00:00;   505
12.03.1996 00:00:00;   529
13.03.1996 00:00:00;   532
14.03.1996 00:00:00;   537
15.03.1996 00:00:00;   528
16.03.1996 00:00:00;   516
17.03.1996 00:00:00;   501
18.03.1996 00:00:00;   507
19.03.1996 00:00:00;   516
20.03.1996 00:00:00;   521
21.03.1996 00:00:00;   508
22.03.1996 00:00:00;   528
23.03.1996 00:00:00;   508
24.03.1996 00:00:00;   507
25.03.1996 00:00:00;   511
26.03.1996 00:00:00;   512
27.03.1996 00:00:00;   520
28.03.1996 00:00:00;   519
29.03.1996 00:00:00;   514
30.03.1996 00:00:00;   512
31.03.1996 00:00:00;   507
01.04.1996 00:00:00;   512
02.04.1996 00:00:00;   529
03.04.1996 00:00:00;   532
04.04.1996 00:00:00;   534
05.04.1996 00:00:00;   512
06.04.1996 00:00:00;   512
07.04.1996 00:00:00;   511
08.04.1996 00:00:00;   509
09.04.1996 00:00:00;   521
10.04.1996 00:00:00;   523
11.04.1996 00:00:00;   529
12.04.1996 00:00:00;   530
13.04.1996 00:00:00;   522
14.04.1996 00:00:00;   516
15.04.1996 00:00:00;   519
16.04.1996 00:00:00;   521
17.04.1996 00:00:00;   528
18.04.1996 00:00:00;   526
19.04.1996 00:00:00;   526
20.04.1996 00:00:00;   518
21.04.1996 00:00:00;   521
22.04.1996 00:00:00;   534
23.04.1996 00:00:00;   530
24.04.1996 00:00:00;   546
25.04.1996 00:00:00;   539
26.04.1996 00:00:00;   533
27.04.1996 00:00:00;   528
28.04.1996 00:00:00;   522
29.04.1996 00:00:00;   549
30.04.1996 00:00:00;   570
01.05.1996 00:00:00;   553
02.05.1996 00:00:00;   561
03.05.1996 00:00:00;   569
04.05.1996 00:00:00;   543
05.05.1996 00:00:00;   527
06.05.1996 00:00:00;   550
07.05.1996 00:00:00;   555
08.05.1996 00:00:00;   558
09.05.1996 00:00:00;   582
10.05.1996 00:00:00;   586
11.05.1996 00:00:00;   555
12.05.1996 00:00:00;   548
13.05.1996 00:00:00;   580
14.05.1996 00:00:00;   578
15.05.1996 00:00:00;   571
16.05.1996 00:00:00;   567
17.05.1996 00:00:00;   586
18.05.1996 00:00:00;   589
19.05.1996 00:00:00;   650
20.05.1996 00:00:00;   682
21.05.1996 00:00:00;   639
22.05.1996 00:00:00;   625
23.05.1996 00:00:00;   621
24.05.1996 00:00:00;   615
25.05.1996 00:00:00;   609
26.05.1996 00:00:00;   612
27.05.1996 00:00:00;   627
28.05.1996 00:00:00;   651
29.05.1996 00:00:00;   627
30.05.1996 00:00:00;   617
31.05.1996 00:00:00;   620
01.06.1996 00:00:00;   629
02.06.1996 00:00:00;   626
03.06.1996 00:00:00;   631
04.06.1996 00:00:00;   629
05.06.1996 00:00:00;   632
06.06.1996 00:00:00;   637
07.06.1996 00:00:00;   644
08.06.1996 00:00:00;   649
09.06.1996 00:00:00;   630
10.06.1996 00:00:00;   633
11.06.1996 00:00:00;   632
12.06.1996 00:00:00;   632
13.06.1996 00:00:00;   638
14.06.1996 00:00:00;   628
15.06.1996 00:00:00;   606
16.06.1996 00:00:00;   586
17.06.1996 00:00:00;   593
18.06.1996 00:00:00;   599
19.06.1996 00:00:00;   598
20.06.1996 00:00:00;   594
21.06.1996 00:00:00;   596
22.06.1996 00:00:00;   631
23.06.1996 00:00:00;   606
24.06.1996 00:00:00;   598
25.06.1996 00:00:00;   596
26.06.1996 00:00:00;   595
27.06.1996 00:00:00;   584
28.06.1996 00:00:00;   584
29.06.1996 00:00:00;   573
30.06.1996 00:00:00;   565
01.07.1996 00:00:00;   586
02.07.1996 00:00:00;   599
03.07.1996 00:00:00;   599
04.07.1996 00:00:00;   584
05.07.1996 00:00:00;   588
06.07.1996 00:00:00;   655
07.07.1996 00:00:00;   630
08.07.1996 00:00:00;   717
09.07.1996 00:00:00;   702
10.07.1996 00:00:00;   667
11.07.1996 00:00:00;   667
12.07.1996 00:00:00;   647
13.07.1996 00:00:00;   637
14.07.1996 00:00:00;   622
15.07.1996 00:00:00;   629
16.07.1996 00:00:00;   629
17.07.1996 00:00:00;   623
18.07.1996 00:00:00;   621
19.07.1996 00:00:00;   604
20.07.1996 00:00:00;   590
21.07.1996 00:00:00;   580
22.07.1996 00:00:00;   586
23.07.1996 00:00:00;   585
24.07.1996 00:00:00;   594
25.07.1996 00:00:00;   596
26.07.1996 00:00:00;   584
27.07.1996 00:00:00;   574
28.07.1996 00:00:00;   563
29.07.1996 00:00:00;   576
30.07.1996 00:00:00;   584
31.07.1996 00:00:00;   579
01.08.1996 00:00:00;   567
02.08.1996 00:00:00;   574
03.08.1996 00:00:00;   568
04.08.1996 00:00:00;   556
05.08.1996 00:00:00;   562
06.08.1996 00:00:00;   566
07.08.1996 00:00:00;   571
08.08.1996 00:00:00;   565
09.08.1996 00:00:00;   556
10.08.1996 00:00:00;   552
11.08.1996 00:00:00;   579
12.08.1996 00:00:00;   614
13.08.1996 00:00:00;   607
14.08.1996 00:00:00;   595
15.08.1996 00:00:00;   585
16.08.1996 00:00:00;   577
17.08.1996 00:00:00;   559
18.08.1996 00:00:00;   551
19.08.1996 00:00:00;   562
20.08.1996 00:00:00;   562
21.08.1996 00:00:00;   565
22.08.1996 00:00:00;   570
23.08.1996 00:00:00;   563
24.08.1996 00:00:00;   553
25.08.1996 00:00:00;   557
26.08.1996 00:00:00;   560
27.08.1996 00:00:00;   576
28.08.1996 00:00:00;   650
29.08.1996 00:00:00;   630
30.08.1996 00:00:00;   616
31.08.1996 00:00:00;   593
01.09.1996 00:00:00;   584
02.09.1996 00:00:00;   591
03.09.1996 00:00:00;   592
04.09.1996 00:00:00;   586
05.09.1996 00:00:00;   577
06.09.1996 00:00:00;   570
07.09.1996 00:00:00;   554
08.09.1996 00:00:00;   546
09.09.1996 00:00:00;   561
10.09.1996 00:00:00;   560
11.09.1996 00:00:00;   561
12.09.1996 00:00:00;   552
13.09.1996 00:00:00;   557
14.09.1996 00:00:00;   557
15.09.1996 00:00:00;   543
16.09.1996 00:00:00;   553
17.09.1996 00:00:00;   559
18.09.1996 00:00:00;   557
19.09.1996 00:00:00;   555
20.09.1996 00:00:00;   556
21.09.1996 00:00:00;   547
22.09.1996 00:00:00;   538
23.09.1996 00:00:00;   555
24.09.1996 00:00:00;   563
25.09.1996 00:00:00;   559
26.09.1996 00:00:00;   548
27.09.1996 00:00:00;   549
28.09.1996 00:00:00;   546
29.09.1996 00:00:00;   536
30.09.1996 00:00:00;   540
01.10.1996 00:00:00;   545
02.10.1996 00:00:00;   563
03.10.1996 00:00:00;   552
04.10.1996 00:00:00;   547
05.10.1996 00:00:00;   538
06.10.1996 00:00:00;   533
07.10.1996 00:00:00;   544
08.10.1996 00:00:00;   551
09.10.1996 00:00:00;   554
10.10.1996 00:00:00;   553
11.10.1996 00:00:00;   551
12.10.1996 00:00:00;   535
13.10.1996 00:00:00;   524
14.10.1996 00:00:00;   536
15.10.1996 00:00:00;   543
16.10.1996 00:00:00;   561
17.10.1996 00:00:00;   572
18.10.1996 00:00:00;   569
19.10.1996 00:00:00;   547
20.10.1996 00:00:00;   539
21.10.1996 00:00:00;   568
22.10.1996 00:00:00;   612
23.10.1996 00:00:00;   587
24.10.1996 00:00:00;   578
25.10.1996 00:00:00;   574
26.10.1996 00:00:00;   561
27.10.1996 00:00:00;   545
28.10.1996 00:00:00;   560
29.10.1996 00:00:00;   558
30.10.1996 00:00:00;   556
31.10.1996 00:00:00;   549
01.11.1996 00:00:00;   545
02.11.1996 00:00:00;   536
03.11.1996 00:00:00;   530
04.11.1996 00:00:00;   542
05.11.1996 00:00:00;   541
06.11.1996 00:00:00;   548
07.11.1996 00:00:00;   547
08.11.1996 00:00:00;   547
09.11.1996 00:00:00;   534
10.11.1996 00:00:00;   525
11.11.1996 00:00:00;   532
12.11.1996 00:00:00;   575
13.11.1996 00:00:00;   628
14.11.1996 00:00:00;   635
15.11.1996 00:00:00;   606
16.11.1996 00:00:00;   587
17.11.1996 00:00:00;   579
18.11.1996 00:00:00;   591
19.11.1996 00:00:00;   589
20.11.1996 00:00:00;   584
21.11.1996 00:00:00;   582
22.11.1996 00:00:00;   565
23.11.1996 00:00:00;   545
24.11.1996 00:00:00;   543
25.11.1996 00:00:00;   563
26.11.1996 00:00:00;   572
27.11.1996 00:00:00;   567
28.11.1996 00:00:00;   573
29.11.1996 00:00:00;   574
30.11.1996 00:00:00;   554
01.12.1996 00:00:00;   532
02.12.1996 00:00:00;   548
03.12.1996 00:00:00;   574
04.12.1996 00:00:00;   563
05.12.1996 00:00:00;   558
06.12.1996 00:00:00;   561
07.12.1996 00:00:00;   544
08.12.1996 00:00:00;   514
09.12.1996 00:00:00;   536
10.12.1996 00:00:00;   562
11.12.1996 00:00:00;   567
12.12.1996 00:00:00;   566
13.12.1996 00:00:00;   562
14.12.1996 00:00:00;   542
15.12.1996 00:00:00;   526
16.12.1996 00:00:00;   543
17.12.1996 00:00:00;   561
18.12.1996 00:00:00;   551
19.12.1996 00:00:00;   551
20.12.1996 00:00:00;   547
21.12.1996 00:00:00;   532
22.12.1996 00:00:00;   518
23.12.1996 00:00:00;   533
24.12.1996 00:00:00;   540
25.12.1996 00:00:00;   528
26.12.1996 00:00:00;   523
27.12.1996 00:00:00;   528
28.12.1996 00:00:00;   529
29.12.1996 00:00:00;   522
30.12.1996 00:00:00;   517
31.12.1996 00:00:00;   536
01.01.1997 00:00:00;   531
02.01.1997 00:00:00;   525
03.01.1997 00:00:00;   542
04.01.1997 00:00:00;   537
05.01.1997 00:00:00;   532
06.01.1997 00:00:00;   534
07.01.1997 00:00:00;   553
08.01.1997 00:00:00;   558
09.01.1997 00:00:00;   563
10.01.1997 00:00:00;   564
11.01.1997 00:00:00;   544
12.01.1997 00:00:00;   519
13.01.1997 00:00:00;   548
14.01.1997 00:00:00;   570
15.01.1997 00:00:00;   571
16.01.1997 00:00:00;   575
17.01.1997 00:00:00;   568
18.01.1997 00:00:00;   537
19.01.1997 00:00:00;   514
20.01.1997 00:00:00;   536
21.01.1997 00:00:00;   551
22.01.1997 00:00:00;   550
23.01.1997 00:00:00;   541
24.01.1997 00:00:00;   539
25.01.1997 00:00:00;   524
26.01.1997 00:00:00;   512
27.01.1997 00:00:00;   533
28.01.1997 00:00:00;   554
29.01.1997 00:00:00;   554
30.01.1997 00:00:00;   546
31.01.1997 00:00:00;   544
01.02.1997 00:00:00;   526
02.02.1997 00:00:00;   517
03.02.1997 00:00:00;   540
04.02.1997 00:00:00;   554
05.02.1997 00:00:00;   555
06.02.1997 00:00:00;   554
07.02.1997 00:00:00;   546
08.02.1997 00:00:00;   528
09.02.1997 00:00:00;   517
10.02.1997 00:00:00;   528
11.02.1997 00:00:00;   537
12.02.1997 00:00:00;   544
13.02.1997 00:00:00;   544
14.02.1997 00:00:00;   547
15.02.1997 00:00:00;   528
16.02.1997 00:00:00;   519
17.02.1997 00:00:00;   534
18.02.1997 00:00:00;   541
19.02.1997 00:00:00;   539
20.02.1997 00:00:00;   536
21.02.1997 00:00:00;   538
22.02.1997 00:00:00;   522
23.02.1997 00:00:00;   517
24.02.1997 00:00:00;   529
25.02.1997 00:00:00;   538
26.02.1997 00:00:00;   538
27.02.1997 00:00:00;   535
28.02.1997 00:00:00;   534
01.03.1997 00:00:00;   523
02.03.1997 00:00:00;   517
03.03.1997 00:00:00;   527
04.03.1997 00:00:00;   542
05.03.1997 00:00:00;   540
06.03.1997 00:00:00;   553
07.03.1997 00:00:00;   537
08.03.1997 00:00:00;   524
09.03.1997 00:00:00;   520
10.03.1997 00:00:00;   539
11.03.1997 00:00:00;   556
12.03.1997 00:00:00;   552
13.03.1997 00:00:00;   558
14.03.1997 00:00:00;   559
15.03.1997 00:00:00;   536
16.03.1997 00:00:00;   518
17.03.1997 00:00:00;   538
18.03.1997 00:00:00;   546
19.03.1997 00:00:00;   544
20.03.1997 00:00:00;   547
21.03.1997 00:00:00;   544
22.03.1997 00:00:00;   524
23.03.1997 00:00:00;   518
24.03.1997 00:00:00;   531
25.03.1997 00:00:00;   538
26.03.1997 00:00:00;   533
27.03.1997 00:00:00;   527
28.03.1997 00:00:00;   523
29.03.1997 00:00:00;   523
30.03.1997 00:00:00;   522
31.03.1997 00:00:00;   521
01.04.1997 00:00:00;   534
02.04.1997 00:00:00;   543
03.04.1997 00:00:00;   551
04.04.1997 00:00:00;   555
05.04.1997 00:00:00;   531
06.04.1997 00:00:00;   529
07.04.1997 00:00:00;   540
08.04.1997 00:00:00;   544
09.04.1997 00:00:00;   537
10.04.1997 00:00:00;   541
11.04.1997 00:00:00;   555
12.04.1997 00:00:00;   535
13.04.1997 00:00:00;   519
14.04.1997 00:00:00;   533
15.04.1997 00:00:00;   539
16.04.1997 00:00:00;   547
17.04.1997 00:00:00;   539
18.04.1997 00:00:00;   542
19.04.1997 00:00:00;   523
20.04.1997 00:00:00;   522
21.04.1997 00:00:00;   548
22.04.1997 00:00:00;   552
23.04.1997 00:00:00;   547
24.04.1997 00:00:00;   548
25.04.1997 00:00:00;   539
26.04.1997 00:00:00;   529
27.04.1997 00:00:00;   544
28.04.1997 00:00:00;   562
29.04.1997 00:00:00;   577
30.04.1997 00:00:00;   579
01.05.1997 00:00:00;   550
02.05.1997 00:00:00;   550
03.05.1997 00:00:00;   548
04.05.1997 00:00:00;   562
05.05.1997 00:00:00;   596
06.05.1997 00:00:00;   602
07.05.1997 00:00:00;   608
08.05.1997 00:00:00;   567
09.05.1997 00:00:00;   573
10.05.1997 00:00:00;   557
11.05.1997 00:00:00;   546
12.05.1997 00:00:00;   579
13.05.1997 00:00:00;   587
14.05.1997 00:00:00;   605
15.05.1997 00:00:00;   633
16.05.1997 00:00:00;   650
17.05.1997 00:00:00;   647
18.05.1997 00:00:00;   651
19.05.1997 00:00:00;   645
20.05.1997 00:00:00;   656
21.05.1997 00:00:00;   661
22.05.1997 00:00:00;   650
23.05.1997 00:00:00;   635
24.05.1997 00:00:00;   617
25.05.1997 00:00:00;   609
26.05.1997 00:00:00;   633
27.05.1997 00:00:00;   645
28.05.1997 00:00:00;   652
29.05.1997 00:00:00;   635
30.05.1997 00:00:00;   632
31.05.1997 00:00:00;   623
01.06.1997 00:00:00;   619
02.06.1997 00:00:00;   630
03.06.1997 00:00:00;   624
04.06.1997 00:00:00;   629
05.06.1997 00:00:00;   634
06.06.1997 00:00:00;   635
07.06.1997 00:00:00;   629
08.06.1997 00:00:00;   637
09.06.1997 00:00:00;   669
10.06.1997 00:00:00;   673
11.06.1997 00:00:00;   677
12.06.1997 00:00:00;   687
13.06.1997 00:00:00;   693
14.06.1997 00:00:00;   675
15.06.1997 00:00:00;   647
16.06.1997 00:00:00;   658
17.06.1997 00:00:00;   668
18.06.1997 00:00:00;   671
19.06.1997 00:00:00;   662
20.06.1997 00:00:00;   674
21.06.1997 00:00:00;   642
22.06.1997 00:00:00;   696
23.06.1997 00:00:00;   708
24.06.1997 00:00:00;   668
25.06.1997 00:00:00;   656
26.06.1997 00:00:00;   647
27.06.1997 00:00:00;   652
28.06.1997 00:00:00;   744
29.06.1997 00:00:00;   750
30.06.1997 00:00:00;   758
01.07.1997 00:00:00;   713
02.07.1997 00:00:00;   689
03.07.1997 00:00:00;   682
04.07.1997 00:00:00;   682
05.07.1997 00:00:00;   737
06.07.1997 00:00:00;   731
07.07.1997 00:00:00;   715
08.07.1997 00:00:00;   698
09.07.1997 00:00:00;   688
10.07.1997 00:00:00;   691
11.07.1997 00:00:00;   694
12.07.1997 00:00:00;   671
13.07.1997 00:00:00;   658
14.07.1997 00:00:00;   667
15.07.1997 00:00:00;   673
16.07.1997 00:00:00;   666
17.07.1997 00:00:00;   666
18.07.1997 00:00:00;   698
19.07.1997 00:00:00;   670
20.07.1997 00:00:00;   653
21.07.1997 00:00:00;   655
22.07.1997 00:00:00;   649
23.07.1997 00:00:00;   647
24.07.1997 00:00:00;   646
25.07.1997 00:00:00;   650
26.07.1997 00:00:00;   655
27.07.1997 00:00:00;   643
28.07.1997 00:00:00;   648
29.07.1997 00:00:00;   656
30.07.1997 00:00:00;   653
31.07.1997 00:00:00;   650
01.08.1997 00:00:00;   646
02.08.1997 00:00:00;   631
03.08.1997 00:00:00;   626
04.08.1997 00:00:00;   636
05.08.1997 00:00:00;   643
06.08.1997 00:00:00;   647
07.08.1997 00:00:00;   644
08.08.1997 00:00:00;   649
09.08.1997 00:00:00;   632
10.08.1997 00:00:00;   615
11.08.1997 00:00:00;   626
12.08.1997 00:00:00;   630
13.08.1997 00:00:00;   627
14.08.1997 00:00:00;   624
15.08.1997 00:00:00;   619
16.08.1997 00:00:00;   607
17.08.1997 00:00:00;   604
18.08.1997 00:00:00;   611
19.08.1997 00:00:00;   607
20.08.1997 00:00:00;   608
21.08.1997 00:00:00;   605
22.08.1997 00:00:00;   604
23.08.1997 00:00:00;   588
24.08.1997 00:00:00;   580
25.08.1997 00:00:00;   602
26.08.1997 00:00:00;   611
27.08.1997 00:00:00;   606
28.08.1997 00:00:00;   607
29.08.1997 00:00:00;   650
30.08.1997 00:00:00;   600
31.08.1997 00:00:00;   591
01.09.1997 00:00:00;   605
02.09.1997 00:00:00;   607
03.09.1997 00:00:00;   606
04.09.1997 00:00:00;   597
05.09.1997 00:00:00;   595
06.09.1997 00:00:00;   584
07.09.1997 00:00:00;   580
08.09.1997 00:00:00;   590
09.09.1997 00:00:00;   594
10.09.1997 00:00:00;   592
11.09.1997 00:00:00;   588
12.09.1997 00:00:00;   590
13.09.1997 00:00:00;   579
14.09.1997 00:00:00;   572
15.09.1997 00:00:00;   575
16.09.1997 00:00:00;   573
17.09.1997 00:00:00;   567
18.09.1997 00:00:00;   567
19.09.1997 00:00:00;   572
20.09.1997 00:00:00;   563
21.09.1997 00:00:00;   556
22.09.1997 00:00:00;   568
23.09.1997 00:00:00;   569
24.09.1997 00:00:00;   574
25.09.1997 00:00:00;   570
26.09.1997 00:00:00;   574
27.09.1997 00:00:00;   562
28.09.1997 00:00:00;   554
29.09.1997 00:00:00;   561
30.09.1997 00:00:00;   568
01.10.1997 00:00:00;   569
02.10.1997 00:00:00;   566
03.10.1997 00:00:00;   557
04.10.1997 00:00:00;   548
05.10.1997 00:00:00;   543
06.10.1997 00:00:00;   557
07.10.1997 00:00:00;   561
08.10.1997 00:00:00;   566
09.10.1997 00:00:00;   564
10.10.1997 00:00:00;   574
11.10.1997 00:00:00;   567
12.10.1997 00:00:00;   562
13.10.1997 00:00:00;   569
14.10.1997 00:00:00;   572
15.10.1997 00:00:00;   572
16.10.1997 00:00:00;   576
17.10.1997 00:00:00;   571
18.10.1997 00:00:00;   561
19.10.1997 00:00:00;   552
20.10.1997 00:00:00;   567
21.10.1997 00:00:00;   577
22.10.1997 00:00:00;   578
23.10.1997 00:00:00;   574
24.10.1997 00:00:00;   577
25.10.1997 00:00:00;   563
26.10.1997 00:00:00;   550
27.10.1997 00:00:00;   560
28.10.1997 00:00:00;   572
29.10.1997 00:00:00;   578
30.10.1997 00:00:00;   579
31.10.1997 00:00:00;   575
01.11.1997 00:00:00;   550
02.11.1997 00:00:00;   535
03.11.1997 00:00:00;   560
04.11.1997 00:00:00;   573
05.11.1997 00:00:00;   566
06.11.1997 00:00:00;   556
07.11.1997 00:00:00;   602
08.11.1997 00:00:00;   571
09.11.1997 00:00:00;   561
10.11.1997 00:00:00;   563
11.11.1997 00:00:00;   559
12.11.1997 00:00:00;   568
13.11.1997 00:00:00;   572
14.11.1997 00:00:00;   567
15.11.1997 00:00:00;   559
16.11.1997 00:00:00;   545
17.11.1997 00:00:00;   552
18.11.1997 00:00:00;   555
19.11.1997 00:00:00;   555
20.11.1997 00:00:00;   554
21.11.1997 00:00:00;   551
22.11.1997 00:00:00;   544
23.11.1997 00:00:00;   536
24.11.1997 00:00:00;   544
25.11.1997 00:00:00;   556
26.11.1997 00:00:00;   556
27.11.1997 00:00:00;   557
28.11.1997 00:00:00;   556
29.11.1997 00:00:00;   538
30.11.1997 00:00:00;   530
01.12.1997 00:00:00;   541
02.12.1997 00:00:00;   554
03.12.1997 00:00:00;   565
04.12.1997 00:00:00;   566
05.12.1997 00:00:00;   561
06.12.1997 00:00:00;   549
07.12.1997 00:00:00;   539
08.12.1997 00:00:00;   550
09.12.1997 00:00:00;   565
10.12.1997 00:00:00;   567
11.12.1997 00:00:00;   565
12.12.1997 00:00:00;   566
13.12.1997 00:00:00;   555
14.12.1997 00:00:00;   537
15.12.1997 00:00:00;   550
16.12.1997 00:00:00;   561
17.12.1997 00:00:00;   565
18.12.1997 00:00:00;   560
19.12.1997 00:00:00;   560
20.12.1997 00:00:00;   549
21.12.1997 00:00:00;   542
22.12.1997 00:00:00;   544
23.12.1997 00:00:00;   545
24.12.1997 00:00:00;   541
25.12.1997 00:00:00;   533
26.12.1997 00:00:00;   531
27.12.1997 00:00:00;   534
28.12.1997 00:00:00;   530
29.12.1997 00:00:00;   532
30.12.1997 00:00:00;   535
31.12.1997 00:00:00;   534
01.01.1998 00:00:00;   532
02.01.1998 00:00:00;   532
03.01.1998 00:00:00;   531
04.01.1998 00:00:00;   532
05.01.1998 00:00:00;   535
06.01.1998 00:00:00;   541
07.01.1998 00:00:00;   541
08.01.1998 00:00:00;   543
09.01.1998 00:00:00;   546
10.01.1998 00:00:00;   538
11.01.1998 00:00:00;   530
12.01.1998 00:00:00;   538
13.01.1998 00:00:00;   549
14.01.1998 00:00:00;   544
15.01.1998 00:00:00;   548
16.01.1998 00:00:00;   547
17.01.1998 00:00:00;   539
18.01.1998 00:00:00;   529
19.01.1998 00:00:00;   539
20.01.1998 00:00:00;   547
21.01.1998 00:00:00;   548
22.01.1998 00:00:00;   548
23.01.1998 00:00:00;   554
24.01.1998 00:00:00;   541
25.01.1998 00:00:00;   524
26.01.1998 00:00:00;   540
27.01.1998 00:00:00;   560
28.01.1998 00:00:00;   553
29.01.1998 00:00:00;   554
30.01.1998 00:00:00;   558
31.01.1998 00:00:00;   534
01.02.1998 00:00:00;   524
02.02.1998 00:00:00;   542
03.02.1998 00:00:00;   555
04.02.1998 00:00:00;   556
05.02.1998 00:00:00;   554
06.02.1998 00:00:00;   558
07.02.1998 00:00:00;   537
08.02.1998 00:00:00;   523
09.02.1998 00:00:00;   533
10.02.1998 00:00:00;   542
11.02.1998 00:00:00;   540
12.02.1998 00:00:00;   539
13.02.1998 00:00:00;   539
14.02.1998 00:00:00;   532
15.02.1998 00:00:00;   526
16.02.1998 00:00:00;   539
17.02.1998 00:00:00;   551
18.02.1998 00:00:00;   547
19.02.1998 00:00:00;   539
20.02.1998 00:00:00;   539
21.02.1998 00:00:00;   528
22.02.1998 00:00:00;   525
23.02.1998 00:00:00;   539
24.02.1998 00:00:00;   538
25.02.1998 00:00:00;   539
26.02.1998 00:00:00;   539
27.02.1998 00:00:00;   540
28.02.1998 00:00:00;   532
01.03.1998 00:00:00;   528
02.03.1998 00:00:00;   534
03.03.1998 00:00:00;   539
04.03.1998 00:00:00;   539
05.03.1998 00:00:00;   542
06.03.1998 00:00:00;   544
07.03.1998 00:00:00;   535
08.03.1998 00:00:00;   530
09.03.1998 00:00:00;   538
10.03.1998 00:00:00;   554
11.03.1998 00:00:00;   551
12.03.1998 00:00:00;   550
13.03.1998 00:00:00;   550
14.03.1998 00:00:00;   534
15.03.1998 00:00:00;   530
16.03.1998 00:00:00;   541
17.03.1998 00:00:00;   538
18.03.1998 00:00:00;   541
19.03.1998 00:00:00;   542
20.03.1998 00:00:00;   539
21.03.1998 00:00:00;   536
22.03.1998 00:00:00;   526
23.03.1998 00:00:00;   552
24.03.1998 00:00:00;   567
25.03.1998 00:00:00;   562
26.03.1998 00:00:00;   554
27.03.1998 00:00:00;   551
28.03.1998 00:00:00;   535
29.03.1998 00:00:00;   527
30.03.1998 00:00:00;   543
31.03.1998 00:00:00;   550
01.04.1998 00:00:00;   559
02.04.1998 00:00:00;   560
03.04.1998 00:00:00;   558
04.04.1998 00:00:00;   554
05.04.1998 00:00:00;   562
06.04.1998 00:00:00;   575
07.04.1998 00:00:00;   568
08.04.1998 00:00:00;   569
09.04.1998 00:00:00;   559
10.04.1998 00:00:00;   545
11.04.1998 00:00:00;   544
12.04.1998 00:00:00;   543
13.04.1998 00:00:00;   543
14.04.1998 00:00:00;   566
15.04.1998 00:00:00;   572
16.04.1998 00:00:00;   567
17.04.1998 00:00:00;   562
18.04.1998 00:00:00;   554
19.04.1998 00:00:00;   538
20.04.1998 00:00:00;   551
21.04.1998 00:00:00;   561
22.04.1998 00:00:00;   566
23.04.1998 00:00:00;   567
24.04.1998 00:00:00;   577
25.04.1998 00:00:00;   564
26.04.1998 00:00:00;   566
27.04.1998 00:00:00;   613
28.04.1998 00:00:00;   632
29.04.1998 00:00:00;   608
30.04.1998 00:00:00;   599
01.05.1998 00:00:00;   581
02.05.1998 00:00:00;   578
03.05.1998 00:00:00;   565
04.05.1998 00:00:00;   592
05.05.1998 00:00:00;   597
06.05.1998 00:00:00;   596
07.05.1998 00:00:00;   596
08.05.1998 00:00:00;   604
09.05.1998 00:00:00;   602
10.05.1998 00:00:00;   599
11.05.1998 00:00:00;   638
12.05.1998 00:00:00;   649
13.05.1998 00:00:00;   657
14.05.1998 00:00:00;   671
15.05.1998 00:00:00;   669
16.05.1998 00:00:00;   652
17.05.1998 00:00:00;   628
18.05.1998 00:00:00;   628
19.05.1998 00:00:00;   624
20.05.1998 00:00:00;   617
21.05.1998 00:00:00;   598
22.05.1998 00:00:00;   608
23.05.1998 00:00:00;   600
24.05.1998 00:00:00;   594
25.05.1998 00:00:00;   611
26.05.1998 00:00:00;   620
27.05.1998 00:00:00;   619
28.05.1998 00:00:00;   621
29.05.1998 00:00:00;   626
30.05.1998 00:00:00;   610
31.05.1998 00:00:00;   599
01.06.1998 00:00:00;   595
02.06.1998 00:00:00;   613
03.06.1998 00:00:00;   633
04.06.1998 00:00:00;   653
05.06.1998 00:00:00;   663
06.06.1998 00:00:00;   668
07.06.1998 00:00:00;   676
08.06.1998 00:00:00;   721
09.06.1998 00:00:00;   670
10.06.1998 00:00:00;   658
11.06.1998 00:00:00;   683
12.06.1998 00:00:00;   677
13.06.1998 00:00:00;   649
14.06.1998 00:00:00;   627
15.06.1998 00:00:00;   646
16.06.1998 00:00:00;   648
17.06.1998 00:00:00;   640
18.06.1998 00:00:00;   633
19.06.1998 00:00:00;   631
20.06.1998 00:00:00;   621
21.06.1998 00:00:00;   618
22.06.1998 00:00:00;   641
23.06.1998 00:00:00;   659
24.06.1998 00:00:00;   659
25.06.1998 00:00:00;   652
26.06.1998 00:00:00;   661
27.06.1998 00:00:00;   652
28.06.1998 00:00:00;   634
29.06.1998 00:00:00;   640
30.06.1998 00:00:00;   645
01.07.1998 00:00:00;   643
02.07.1998 00:00:00;   649
03.07.1998 00:00:00;   664
04.07.1998 00:00:00;   644
05.07.1998 00:00:00;   619
06.07.1998 00:00:00;   629
07.07.1998 00:00:00;   634
08.07.1998 00:00:00;   643
09.07.1998 00:00:00;   633
10.07.1998 00:00:00;   622
11.07.1998 00:00:00;   609
12.07.1998 00:00:00;   597
13.07.1998 00:00:00;   615
14.07.1998 00:00:00;   623
15.07.1998 00:00:00;   621
16.07.1998 00:00:00;   612
17.07.1998 00:00:00;   613
18.07.1998 00:00:00;   593
19.07.1998 00:00:00;   583
20.07.1998 00:00:00;   602
21.07.1998 00:00:00;   606
22.07.1998 00:00:00;   609
23.07.1998 00:00:00;   600
24.07.1998 00:00:00;   599
25.07.1998 00:00:00;   582
26.07.1998 00:00:00;   569
27.07.1998 00:00:00;   593
28.07.1998 00:00:00;   629
29.07.1998 00:00:00;   598
30.07.1998 00:00:00;   595
31.07.1998 00:00:00;   593
01.08.1998 00:00:00;   586
02.08.1998 00:00:00;   646
03.08.1998 00:00:00;   628
04.08.1998 00:00:00;   628
05.08.1998 00:00:00;   619
06.08.1998 00:00:00;   606
07.08.1998 00:00:00;   599
08.08.1998 00:00:00;   578
09.08.1998 00:00:00;   571
10.08.1998 00:00:00;   586
11.08.1998 00:00:00;   589
12.08.1998 00:00:00;   588
13.08.1998 00:00:00;   586
14.08.1998 00:00:00;   583
15.08.1998 00:00:00;   562
16.08.1998 00:00:00;   557
17.08.1998 00:00:00;   579
18.08.1998 00:00:00;   590
19.08.1998 00:00:00;   584
20.08.1998 00:00:00;   584
21.08.1998 00:00:00;   577
22.08.1998 00:00:00;   563
23.08.1998 00:00:00;   578
24.08.1998 00:00:00;   578
25.08.1998 00:00:00;   576
26.08.1998 00:00:00;   567
27.08.1998 00:00:00;   562
28.08.1998 00:00:00;   559
29.08.1998 00:00:00;   540
30.08.1998 00:00:00;   534
31.08.1998 00:00:00;   548
01.09.1998 00:00:00;   550
02.09.1998 00:00:00;   554
03.09.1998 00:00:00;   564
04.09.1998 00:00:00;   562
05.09.1998 00:00:00;   632
06.09.1998 00:00:00;   600
07.09.1998 00:00:00;   587
08.09.1998 00:00:00;   578
09.09.1998 00:00:00;   569
10.09.1998 00:00:00;   563
11.09.1998 00:00:00;   581
12.09.1998 00:00:00;   702
13.09.1998 00:00:00;   652
14.09.1998 00:00:00;   629
15.09.1998 00:00:00;   626
16.09.1998 00:00:00;   618
17.09.1998 00:00:00;   613
18.09.1998 00:00:00;   607
19.09.1998 00:00:00;   591
20.09.1998 00:00:00;   577
21.09.1998 00:00:00;   590
22.09.1998 00:00:00;   590
23.09.1998 00:00:00;   586
24.09.1998 00:00:00;   580
25.09.1998 00:00:00;   580
26.09.1998 00:00:00;   569
27.09.1998 00:00:00;   568
28.09.1998 00:00:00;   578
29.09.1998 00:00:00;   586
30.09.1998 00:00:00;   583
01.10.1998 00:00:00;   584
02.10.1998 00:00:00;   600
03.10.1998 00:00:00;   575
04.10.1998 00:00:00;   570
05.10.1998 00:00:00;   596
06.10.1998 00:00:00;   603
07.10.1998 00:00:00;   612
08.10.1998 00:00:00;   610
09.10.1998 00:00:00;   599
10.10.1998 00:00:00;   576
11.10.1998 00:00:00;   565
12.10.1998 00:00:00;   582
13.10.1998 00:00:00;   580
14.10.1998 00:00:00;   578
15.10.1998 00:00:00;   578
16.10.1998 00:00:00;   571
17.10.1998 00:00:00;   559
18.10.1998 00:00:00;   551
19.10.1998 00:00:00;   575
20.10.1998 00:00:00;   578
21.10.1998 00:00:00;   571
22.10.1998 00:00:00;   567
23.10.1998 00:00:00;   568
24.10.1998 00:00:00;   552
25.10.1998 00:00:00;   558
26.10.1998 00:00:00;   569
27.10.1998 00:00:00;   572
28.10.1998 00:00:00;   570
29.10.1998 00:00:00;   583
30.10.1998 00:00:00;   582
31.10.1998 00:00:00;   569
01.11.1998 00:00:00;   567
02.11.1998 00:00:00;   586
03.11.1998 00:00:00;   580
04.11.1998 00:00:00;   582
05.11.1998 00:00:00;   582
06.11.1998 00:00:00;   581
07.11.1998 00:00:00;   558
08.11.1998 00:00:00;   546
09.11.1998 00:00:00;   556
10.11.1998 00:00:00;   572
11.11.1998 00:00:00;   574
12.11.1998 00:00:00;   570
13.11.1998 00:00:00;   562
14.11.1998 00:00:00;   548
15.11.1998 00:00:00;   542
16.11.1998 00:00:00;   559
17.11.1998 00:00:00;   564
18.11.1998 00:00:00;   565
19.11.1998 00:00:00;   561
20.11.1998 00:00:00;   565
21.11.1998 00:00:00;   556
22.11.1998 00:00:00;   544
23.11.1998 00:00:00;   555
24.11.1998 00:00:00;   566
25.11.1998 00:00:00;   563
26.11.1998 00:00:00;   563
27.11.1998 00:00:00;   563
28.11.1998 00:00:00;   546
29.11.1998 00:00:00;   534
30.11.1998 00:00:00;   548
01.12.1998 00:00:00;   555
02.12.1998 00:00:00;   553
03.12.1998 00:00:00;   557
04.12.1998 00:00:00;   562
05.12.1998 00:00:00;   549
06.12.1998 00:00:00;   530
07.12.1998 00:00:00;   555
08.12.1998 00:00:00;   563
09.12.1998 00:00:00;   573
10.12.1998 00:00:00;   571
11.12.1998 00:00:00;   563
12.12.1998 00:00:00;   540
13.12.1998 00:00:00;   527
14.12.1998 00:00:00;   540
15.12.1998 00:00:00;   552
16.12.1998 00:00:00;   547
17.12.1998 00:00:00;   549
18.12.1998 00:00:00;   555
19.12.1998 00:00:00;   537
20.12.1998 00:00:00;   527
21.12.1998 00:00:00;   546
22.12.1998 00:00:00;   557
23.12.1998 00:00:00;   552
24.12.1998 00:00:00;   540
25.12.1998 00:00:00;   523
26.12.1998 00:00:00;   522
27.12.1998 00:00:00;   522
28.12.1998 00:00:00;   523
29.12.1998 00:00:00;   524
30.12.1998 00:00:00;   522
31.12.1998 00:00:00;   523
01.01.1999 00:00:00;   519
02.01.1999 00:00:00;   519
03.01.1999 00:00:00;   519
04.01.1999 00:00:00;   518
05.01.1999 00:00:00;   521
06.01.1999 00:00:00;   515
07.01.1999 00:00:00;   517
08.01.1999 00:00:00;   522
09.01.1999 00:00:00;   515
10.01.1999 00:00:00;   512
11.01.1999 00:00:00;   540
12.01.1999 00:00:00;   547
13.01.1999 00:00:00;   546
14.01.1999 00:00:00;   538
15.01.1999 00:00:00;   535
16.01.1999 00:00:00;   520
17.01.1999 00:00:00;   507
18.01.1999 00:00:00;   529
19.01.1999 00:00:00;   539
20.01.1999 00:00:00;   535
21.01.1999 00:00:00;   535
22.01.1999 00:00:00;   536
23.01.1999 00:00:00;   529
24.01.1999 00:00:00;   512
25.01.1999 00:00:00;   532
26.01.1999 00:00:00;   535
27.01.1999 00:00:00;   537
28.01.1999 00:00:00;   536
29.01.1999 00:00:00;   539
30.01.1999 00:00:00;   519
31.01.1999 00:00:00;   508
01.02.1999 00:00:00;   527
02.02.1999 00:00:00;   542
03.02.1999 00:00:00;   539
04.02.1999 00:00:00;   536
05.02.1999 00:00:00;   528
06.02.1999 00:00:00;   518
07.02.1999 00:00:00;   507
08.02.1999 00:00:00;   521
09.02.1999 00:00:00;   538
10.02.1999 00:00:00;   545
11.02.1999 00:00:00;   535
12.02.1999 00:00:00;   533
13.02.1999 00:00:00;   518
14.02.1999 00:00:00;   506
15.02.1999 00:00:00;   519
16.02.1999 00:00:00;   530
17.02.1999 00:00:00;   539
18.02.1999 00:00:00;   537
19.02.1999 00:00:00;   531
20.02.1999 00:00:00;   522
21.02.1999 00:00:00;   521
22.02.1999 00:00:00;   561
23.02.1999 00:00:00;   558
24.02.1999 00:00:00;   549
25.02.1999 00:00:00;   541
26.02.1999 00:00:00;   537
27.02.1999 00:00:00;   524
28.02.1999 00:00:00;   511
01.03.1999 00:00:00;   534
02.03.1999 00:00:00;   545
03.03.1999 00:00:00;   547
04.03.1999 00:00:00;   551
05.03.1999 00:00:00;   556
06.03.1999 00:00:00;   533
07.03.1999 00:00:00;   524
08.03.1999 00:00:00;   535
09.03.1999 00:00:00;   550
10.03.1999 00:00:00;   541
11.03.1999 00:00:00;   538
12.03.1999 00:00:00;   550
13.03.1999 00:00:00;   546
14.03.1999 00:00:00;   546
15.03.1999 00:00:00;   560
16.03.1999 00:00:00;   576
17.03.1999 00:00:00;   571
18.03.1999 00:00:00;   570
19.03.1999 00:00:00;   568
20.03.1999 00:00:00;   541
21.03.1999 00:00:00;   526
22.03.1999 00:00:00;   544
23.03.1999 00:00:00;   560
24.03.1999 00:00:00;   556
25.03.1999 00:00:00;   553
26.03.1999 00:00:00;   550
27.03.1999 00:00:00;   545
28.03.1999 00:00:00;   539
29.03.1999 00:00:00;   557
30.03.1999 00:00:00;   557
31.03.1999 00:00:00;   554
01.04.1999 00:00:00;   558
02.04.1999 00:00:00;   555
03.04.1999 00:00:00;   551
04.04.1999 00:00:00;   558
05.04.1999 00:00:00;   566
06.04.1999 00:00:00;   589
07.04.1999 00:00:00;   607
08.04.1999 00:00:00;   609
09.04.1999 00:00:00;   589
10.04.1999 00:00:00;   565
11.04.1999 00:00:00;   555
12.04.1999 00:00:00;   573
13.04.1999 00:00:00;   577
14.04.1999 00:00:00;   579
15.04.1999 00:00:00;   579
16.04.1999 00:00:00;   583
17.04.1999 00:00:00;   559
18.04.1999 00:00:00;   546
19.04.1999 00:00:00;   562
20.04.1999 00:00:00;   572
21.04.1999 00:00:00;   572
22.04.1999 00:00:00;   570
23.04.1999 00:00:00;   579
24.04.1999 00:00:00;   570
25.04.1999 00:00:00;   560
26.04.1999 00:00:00;   579
27.04.1999 00:00:00;   593
28.04.1999 00:00:00;   602
29.04.1999 00:00:00;   605
30.04.1999 00:00:00;   638
01.05.1999 00:00:00;   626
02.05.1999 00:00:00;   631
03.05.1999 00:00:00;   659
04.05.1999 00:00:00;   684
05.05.1999 00:00:00;   688
06.05.1999 00:00:00;   682
07.05.1999 00:00:00;   680
08.05.1999 00:00:00;   685
09.05.1999 00:00:00;   686
10.05.1999 00:00:00;   700
11.05.1999 00:00:00;   708
12.05.1999 00:00:00;   734
13.05.1999 00:00:00;   744
14.05.1999 00:00:00;   755
15.05.1999 00:00:00;   743
16.05.1999 00:00:00;   707
17.05.1999 00:00:00;   706
18.05.1999 00:00:00;   707
19.05.1999 00:00:00;   726
20.05.1999 00:00:00;   722
21.05.1999 00:00:00;   728
22.05.1999 00:00:00;   782
23.05.1999 00:00:00;   725
24.05.1999 00:00:00;   704
25.05.1999 00:00:00;   723
26.05.1999 00:00:00;   726
27.05.1999 00:00:00;   732
28.05.1999 00:00:00;   744
29.05.1999 00:00:00;   743
30.05.1999 00:00:00;   737
31.05.1999 00:00:00;   745
01.06.1999 00:00:00;   752
02.06.1999 00:00:00;   760
03.06.1999 00:00:00;   812
04.06.1999 00:00:00;   797
05.06.1999 00:00:00;   756
06.06.1999 00:00:00;   727
07.06.1999 00:00:00;   770
08.06.1999 00:00:00;   803
09.06.1999 00:00:00;   780
10.06.1999 00:00:00;   751
11.06.1999 00:00:00;   749
12.06.1999 00:00:00;   727
13.06.1999 00:00:00;   715
14.06.1999 00:00:00;   727
15.06.1999 00:00:00;   723
16.06.1999 00:00:00;   724
17.06.1999 00:00:00;   722
18.06.1999 00:00:00;   720
19.06.1999 00:00:00;   713
20.06.1999 00:00:00;   693
21.06.1999 00:00:00;   700
22.06.1999 00:00:00;   698
23.06.1999 00:00:00;   685
24.06.1999 00:00:00;   677
25.06.1999 00:00:00;   677
26.06.1999 00:00:00;   677
27.06.1999 00:00:00;   674
28.06.1999 00:00:00;   703
29.06.1999 00:00:00;   702
30.06.1999 00:00:00;   702
01.07.1999 00:00:00;   706
02.07.1999 00:00:00;   703
03.07.1999 00:00:00;   698
04.07.1999 00:00:00;   692
05.07.1999 00:00:00;   709
06.07.1999 00:00:00;   738
07.07.1999 00:00:00;   727
08.07.1999 00:00:00;   708
09.07.1999 00:00:00;   694
10.07.1999 00:00:00;   675
11.07.1999 00:00:00;   663
12.07.1999 00:00:00;   692
13.07.1999 00:00:00;   692
14.07.1999 00:00:00;   695
15.07.1999 00:00:00;   687
16.07.1999 00:00:00;   682
17.07.1999 00:00:00;   668
18.07.1999 00:00:00;   657
19.07.1999 00:00:00;   671
20.07.1999 00:00:00;   671
21.07.1999 00:00:00;   670
22.07.1999 00:00:00;   670
23.07.1999 00:00:00;   669
24.07.1999 00:00:00;   651
25.07.1999 00:00:00;   639
26.07.1999 00:00:00;   650
27.07.1999 00:00:00;   657
28.07.1999 00:00:00;   665
29.07.1999 00:00:00;   654
30.07.1999 00:00:00;   646
31.07.1999 00:00:00;   634
01.08.1999 00:00:00;   627
02.08.1999 00:00:00;   631
03.08.1999 00:00:00;   625
04.08.1999 00:00:00;   625
05.08.1999 00:00:00;   626
06.08.1999 00:00:00;   631
07.08.1999 00:00:00;   634
08.08.1999 00:00:00;   640
09.08.1999 00:00:00;   648
10.08.1999 00:00:00;   686
11.08.1999 00:00:00;   675
12.08.1999 00:00:00;   660
13.08.1999 00:00:00;   661
14.08.1999 00:00:00;   641
15.08.1999 00:00:00;   629
16.08.1999 00:00:00;   652
17.08.1999 00:00:00;   654
18.08.1999 00:00:00;   641
19.08.1999 00:00:00;   641
20.08.1999 00:00:00;   660
21.08.1999 00:00:00;   652
22.08.1999 00:00:00;   628
23.08.1999 00:00:00;   642
24.08.1999 00:00:00;   656
25.08.1999 00:00:00;   648
26.08.1999 00:00:00;   644
27.08.1999 00:00:00;   687
28.08.1999 00:00:00;   666
29.08.1999 00:00:00;   649
30.08.1999 00:00:00;   651
31.08.1999 00:00:00;   652
01.09.1999 00:00:00;   651
02.09.1999 00:00:00;   646
03.09.1999 00:00:00;   639
04.09.1999 00:00:00;   622
05.09.1999 00:00:00;   615
06.09.1999 00:00:00;   622
07.09.1999 00:00:00;   631
08.09.1999 00:00:00;   629
09.09.1999 00:00:00;   625
10.09.1999 00:00:00;   627
11.09.1999 00:00:00;   608
12.09.1999 00:00:00;   598
13.09.1999 00:00:00;   616
14.09.1999 00:00:00;   616
15.09.1999 00:00:00;   618
16.09.1999 00:00:00;   619
17.09.1999 00:00:00;   618
18.09.1999 00:00:00;   608
19.09.1999 00:00:00;   591
20.09.1999 00:00:00;   663
21.09.1999 00:00:00;   714
22.09.1999 00:00:00;   658
23.09.1999 00:00:00;   646
24.09.1999 00:00:00;   639
25.09.1999 00:00:00;   618
26.09.1999 00:00:00;   764
27.09.1999 00:00:00;   786
28.09.1999 00:00:00;   746
29.09.1999 00:00:00;   728
30.09.1999 00:00:00;   704
01.10.1999 00:00:00;   722
02.10.1999 00:00:00;   690
03.10.1999 00:00:00;   683
04.10.1999 00:00:00;   731
05.10.1999 00:00:00;   702
06.10.1999 00:00:00;   685
07.10.1999 00:00:00;   671
08.10.1999 00:00:00;   652
09.10.1999 00:00:00;   641
10.10.1999 00:00:00;   632
11.10.1999 00:00:00;   640
12.10.1999 00:00:00;   645
13.10.1999 00:00:00;   646
14.10.1999 00:00:00;   643
15.10.1999 00:00:00;   638
16.10.1999 00:00:00;   624
17.10.1999 00:00:00;   612
18.10.1999 00:00:00;   632
19.10.1999 00:00:00;   635
20.10.1999 00:00:00;   631
21.10.1999 00:00:00;   620
22.10.1999 00:00:00;   616
23.10.1999 00:00:00;   603
24.10.1999 00:00:00;   603
25.10.1999 00:00:00;   631
26.10.1999 00:00:00;   660
27.10.1999 00:00:00;   632
28.10.1999 00:00:00;   628
29.10.1999 00:00:00;   619
30.10.1999 00:00:00;   609
31.10.1999 00:00:00;   603
01.11.1999 00:00:00;   603
02.11.1999 00:00:00;   612
03.11.1999 00:00:00;   615
04.11.1999 00:00:00;   616
05.11.1999 00:00:00;   611
06.11.1999 00:00:00;   601
07.11.1999 00:00:00;   587
08.11.1999 00:00:00;   602
09.11.1999 00:00:00;   610
10.11.1999 00:00:00;   612
11.11.1999 00:00:00;   608
12.11.1999 00:00:00;   607
13.11.1999 00:00:00;   597
14.11.1999 00:00:00;   586
15.11.1999 00:00:00;   607
16.11.1999 00:00:00;   616
17.11.1999 00:00:00;   616
18.11.1999 00:00:00;   620
19.11.1999 00:00:00;   620
20.11.1999 00:00:00;   596
21.11.1999 00:00:00;   585
22.11.1999 00:00:00;   605
23.11.1999 00:00:00;   620
24.11.1999 00:00:00;   609
25.11.1999 00:00:00;   610
26.11.1999 00:00:00;   612
27.11.1999 00:00:00;   589
28.11.1999 00:00:00;   571
29.11.1999 00:00:00;   587
30.11.1999 00:00:00;   604
01.12.1999 00:00:00;   610
02.12.1999 00:00:00;   602
03.12.1999 00:00:00;   596
04.12.1999 00:00:00;   580
05.12.1999 00:00:00;   568
06.12.1999 00:00:00;   585
07.12.1999 00:00:00;   601
08.12.1999 00:00:00;   597
09.12.1999 00:00:00;   597
10.12.1999 00:00:00;   600
11.12.1999 00:00:00;   583
12.12.1999 00:00:00;   565
13.12.1999 00:00:00;   580
14.12.1999 00:00:00;   596
15.12.1999 00:00:00;   596
16.12.1999 00:00:00;   596
17.12.1999 00:00:00;   596
18.12.1999 00:00:00;   580
19.12.1999 00:00:00;   575
20.12.1999 00:00:00;   587
21.12.1999 00:00:00;   594
22.12.1999 00:00:00;   597
23.12.1999 00:00:00;   595
24.12.1999 00:00:00;   579
25.12.1999 00:00:00;   563
26.12.1999 00:00:00;   566
27.12.1999 00:00:00;   572
28.12.1999 00:00:00;   570
29.12.1999 00:00:00;   570
30.12.1999 00:00:00;   568
31.12.1999 00:00:00;   564
01.01.2000 00:00:00;   571
02.01.2000 00:00:00;   557
03.01.2000 00:00:00;   569
04.01.2000 00:00:00;   578
05.01.2000 00:00:00;   582
06.01.2000 00:00:00;   573
07.01.2000 00:00:00;   566
08.01.2000 00:00:00;   563
09.01.2000 00:00:00;   558
10.01.2000 00:00:00;   577
11.01.2000 00:00:00;   587
12.01.2000 00:00:00;   593
13.01.2000 00:00:00;   591
14.01.2000 00:00:00;   593
15.01.2000 00:00:00;   576
16.01.2000 00:00:00;   561
17.01.2000 00:00:00;   589
18.01.2000 00:00:00;   601
19.01.2000 00:00:00;   600
20.01.2000 00:00:00;   598
21.01.2000 00:00:00;   598
22.01.2000 00:00:00;   576
23.01.2000 00:00:00;   560
24.01.2000 00:00:00;   579
25.01.2000 00:00:00;   605
26.01.2000 00:00:00;   612
27.01.2000 00:00:00;   611
28.01.2000 00:00:00;   604
29.01.2000 00:00:00;   577
30.01.2000 00:00:00;   563
31.01.2000 00:00:00;   578
01.02.2000 00:00:00;   583
02.02.2000 00:00:00;   581
03.02.2000 00:00:00;   585
04.02.2000 00:00:00;   590
05.02.2000 00:00:00;   569
06.02.2000 00:00:00;   558
07.02.2000 00:00:00;   574
08.02.2000 00:00:00;   591
09.02.2000 00:00:00;   604
10.02.2000 00:00:00;   597
11.02.2000 00:00:00;   595
12.02.2000 00:00:00;   579
13.02.2000 00:00:00;   566
14.02.2000 00:00:00;   581
15.02.2000 00:00:00;   593
16.02.2000 00:00:00;   596
17.02.2000 00:00:00;   597
18.02.2000 00:00:00;   596
19.02.2000 00:00:00;   580
20.02.2000 00:00:00;   567
21.02.2000 00:00:00;   581
22.02.2000 00:00:00;   595
23.02.2000 00:00:00;   598
24.02.2000 00:00:00;   597
25.02.2000 00:00:00;   595
26.02.2000 00:00:00;   576
27.02.2000 00:00:00;   562
28.02.2000 00:00:00;   575
29.02.2000 00:00:00;   579
01.03.2000 00:00:00;   587
02.03.2000 00:00:00;   592
03.03.2000 00:00:00;   584
04.03.2000 00:00:00;   572
05.03.2000 00:00:00;   561
06.03.2000 00:00:00;   569
07.03.2000 00:00:00;   577
08.03.2000 00:00:00;   582
09.03.2000 00:00:00;   601
10.03.2000 00:00:00;   608
11.03.2000 00:00:00;   590
12.03.2000 00:00:00;   582
13.03.2000 00:00:00;   594
14.03.2000 00:00:00;   603
15.03.2000 00:00:00;   606
16.03.2000 00:00:00;   604
17.03.2000 00:00:00;   605
18.03.2000 00:00:00;   598
19.03.2000 00:00:00;   583
20.03.2000 00:00:00;   598
21.03.2000 00:00:00;   602
22.03.2000 00:00:00;   596
23.03.2000 00:00:00;   591
24.03.2000 00:00:00;   591
25.03.2000 00:00:00;   589
26.03.2000 00:00:00;   588
27.03.2000 00:00:00;   600
28.03.2000 00:00:00;   603
29.03.2000 00:00:00;   604
30.03.2000 00:00:00;   611
31.03.2000 00:00:00;   607
01.04.2000 00:00:00;   585
02.04.2000 00:00:00;   574
03.04.2000 00:00:00;   583
04.04.2000 00:00:00;   592
05.04.2000 00:00:00;   597
06.04.2000 00:00:00;   603
07.04.2000 00:00:00;   590
08.04.2000 00:00:00;   579
09.04.2000 00:00:00;   571
10.04.2000 00:00:00;   589
11.04.2000 00:00:00;   585
12.04.2000 00:00:00;   597
13.04.2000 00:00:00;   598
14.04.2000 00:00:00;   596
15.04.2000 00:00:00;   587
16.04.2000 00:00:00;   580
17.04.2000 00:00:00;   591
18.04.2000 00:00:00;   608
19.04.2000 00:00:00;   606
20.04.2000 00:00:00;   604
21.04.2000 00:00:00;   606
22.04.2000 00:00:00;   625
23.04.2000 00:00:00;   644
24.04.2000 00:00:00;   661
25.04.2000 00:00:00;   649
26.04.2000 00:00:00;   652
27.04.2000 00:00:00;   662
28.04.2000 00:00:00;   662
29.04.2000 00:00:00;   671
30.04.2000 00:00:00;   667
01.05.2000 00:00:00;   672
02.05.2000 00:00:00;   687
03.05.2000 00:00:00;   684
04.05.2000 00:00:00;   693
05.05.2000 00:00:00;   692
06.05.2000 00:00:00;   677
07.05.2000 00:00:00;   662
08.05.2000 00:00:00;   679
09.05.2000 00:00:00;   684
10.05.2000 00:00:00;   698
11.05.2000 00:00:00;   718
12.05.2000 00:00:00;   723
13.05.2000 00:00:00;   705
14.05.2000 00:00:00;   686
15.05.2000 00:00:00;   700
16.05.2000 00:00:00;   711
17.05.2000 00:00:00;   715
18.05.2000 00:00:00;   718
19.05.2000 00:00:00;   709
20.05.2000 00:00:00;   685
21.05.2000 00:00:00;   665
22.05.2000 00:00:00;   677
23.05.2000 00:00:00;   663
24.05.2000 00:00:00;   661
25.05.2000 00:00:00;   665
26.05.2000 00:00:00;   674
27.05.2000 00:00:00;   678
28.05.2000 00:00:00;   667
29.05.2000 00:00:00;   683
30.05.2000 00:00:00;   676
31.05.2000 00:00:00;   677
01.06.2000 00:00:00;   660
02.06.2000 00:00:00;   668
03.06.2000 00:00:00;   676
04.06.2000 00:00:00;   680
05.06.2000 00:00:00;   695
06.06.2000 00:00:00;   702
07.06.2000 00:00:00;   694
08.06.2000 00:00:00;   681
09.06.2000 00:00:00;   680
10.06.2000 00:00:00;   675
11.06.2000 00:00:00;   668
12.06.2000 00:00:00;   669
13.06.2000 00:00:00;   678
14.06.2000 00:00:00;   682
15.06.2000 00:00:00;   693
16.06.2000 00:00:00;   685
17.06.2000 00:00:00;   661
18.06.2000 00:00:00;   645
19.06.2000 00:00:00;   655
20.06.2000 00:00:00;   657
21.06.2000 00:00:00;   661
22.06.2000 00:00:00;   652
23.06.2000 00:00:00;   656
24.06.2000 00:00:00;   642
25.06.2000 00:00:00;   632
26.06.2000 00:00:00;   633
27.06.2000 00:00:00;   627
28.06.2000 00:00:00;   632
29.06.2000 00:00:00;   637
30.06.2000 00:00:00;   627
01.07.2000 00:00:00;   616
02.07.2000 00:00:00;   609
03.07.2000 00:00:00;   631
04.07.2000 00:00:00;   641
05.07.2000 00:00:00;   638
06.07.2000 00:00:00;   633
07.07.2000 00:00:00;   635
08.07.2000 00:00:00;   631
09.07.2000 00:00:00;   615
10.07.2000 00:00:00;   628
11.07.2000 00:00:00;   660
12.07.2000 00:00:00;   660
13.07.2000 00:00:00;   648
14.07.2000 00:00:00;   640
15.07.2000 00:00:00;   640
16.07.2000 00:00:00;   626
17.07.2000 00:00:00;   632
18.07.2000 00:00:00;   632
19.07.2000 00:00:00;   626
20.07.2000 00:00:00;   626
21.07.2000 00:00:00;   623
22.07.2000 00:00:00;   617
23.07.2000 00:00:00;   607
24.07.2000 00:00:00;   630
25.07.2000 00:00:00;   700
26.07.2000 00:00:00;   685
27.07.2000 00:00:00;   675
28.07.2000 00:00:00;   671
29.07.2000 00:00:00;   673
30.07.2000 00:00:00;   657
31.07.2000 00:00:00;   658
01.08.2000 00:00:00;   641
02.08.2000 00:00:00;   640
03.08.2000 00:00:00;   651
04.08.2000 00:00:00;   669
05.08.2000 00:00:00;   659
06.08.2000 00:00:00;   755
07.08.2000 00:00:00;   773
08.08.2000 00:00:00;   722
09.08.2000 00:00:00;   703
10.08.2000 00:00:00;   687
11.08.2000 00:00:00;   674
12.08.2000 00:00:00;   656
13.08.2000 00:00:00;   645
14.08.2000 00:00:00;   649
15.08.2000 00:00:00;   643
16.08.2000 00:00:00;   648
17.08.2000 00:00:00;   645
18.08.2000 00:00:00;   643
19.08.2000 00:00:00;   631
20.08.2000 00:00:00;   614
21.08.2000 00:00:00;   636
22.08.2000 00:00:00;   652
23.08.2000 00:00:00;   639
24.08.2000 00:00:00;   628
25.08.2000 00:00:00;   624
26.08.2000 00:00:00;   602
27.08.2000 00:00:00;   592
28.08.2000 00:00:00;   610
29.08.2000 00:00:00;   612
30.08.2000 00:00:00;   611
31.08.2000 00:00:00;   617
01.09.2000 00:00:00;   630
02.09.2000 00:00:00;   601
03.09.2000 00:00:00;   585
04.09.2000 00:00:00;   603
05.09.2000 00:00:00;   605
06.09.2000 00:00:00;   606
07.09.2000 00:00:00;   612
08.09.2000 00:00:00;   605
09.09.2000 00:00:00;   586
10.09.2000 00:00:00;   576
11.09.2000 00:00:00;   585
12.09.2000 00:00:00;   590
13.09.2000 00:00:00;   598
14.09.2000 00:00:00;   588
15.09.2000 00:00:00;   588
16.09.2000 00:00:00;   578
17.09.2000 00:00:00;   569
18.09.2000 00:00:00;   576
19.09.2000 00:00:00;   582
20.09.2000 00:00:00;   590
21.09.2000 00:00:00;   676
22.09.2000 00:00:00;   619
23.09.2000 00:00:00;   596
24.09.2000 00:00:00;   588
25.09.2000 00:00:00;   595
26.09.2000 00:00:00;   594
27.09.2000 00:00:00;   592
28.09.2000 00:00:00;   591
29.09.2000 00:00:00;   586
30.09.2000 00:00:00;   583
01.10.2000 00:00:00;   585
02.10.2000 00:00:00;   594
03.10.2000 00:00:00;   602
04.10.2000 00:00:00;   594
05.10.2000 00:00:00;   593
06.10.2000 00:00:00;   600
07.10.2000 00:00:00;   585
08.10.2000 00:00:00;   572
09.10.2000 00:00:00;   587
10.10.2000 00:00:00;   588
11.10.2000 00:00:00;   594
12.10.2000 00:00:00;   609
13.10.2000 00:00:00;   711
14.10.2000 00:00:00;   729
15.10.2000 00:00:00;   715
16.10.2000 00:00:00;   704
17.10.2000 00:00:00;   675
18.10.2000 00:00:00;   656
19.10.2000 00:00:00;   648
20.10.2000 00:00:00;   639
21.10.2000 00:00:00;   621
22.10.2000 00:00:00;   602
23.10.2000 00:00:00;   614
24.10.2000 00:00:00;   616
25.10.2000 00:00:00;   610
26.10.2000 00:00:00;   609
27.10.2000 00:00:00;   604
28.10.2000 00:00:00;   593
29.10.2000 00:00:00;   578
30.10.2000 00:00:00;   596
31.10.2000 00:00:00;   611
01.11.2000 00:00:00;   621
02.11.2000 00:00:00;   605
03.11.2000 00:00:00;   607
04.11.2000 00:00:00;   607
05.11.2000 00:00:00;   586
06.11.2000 00:00:00;   603
07.11.2000 00:00:00;   628
08.11.2000 00:00:00;   615
09.11.2000 00:00:00;   617
10.11.2000 00:00:00;   617
11.11.2000 00:00:00;   600
12.11.2000 00:00:00;   588
13.11.2000 00:00:00;   593
14.11.2000 00:00:00;   626
15.11.2000 00:00:00;   647
16.11.2000 00:00:00;   636
17.11.2000 00:00:00;   662
18.11.2000 00:00:00;   637
19.11.2000 00:00:00;   614
20.11.2000 00:00:00;   630
21.11.2000 00:00:00;   630
22.11.2000 00:00:00;   628
23.11.2000 00:00:00;   624
24.11.2000 00:00:00;   630
25.11.2000 00:00:00;   615
26.11.2000 00:00:00;   593
27.11.2000 00:00:00;   608
28.11.2000 00:00:00;   617
29.11.2000 00:00:00;   619
30.11.2000 00:00:00;   616
01.12.2000 00:00:00;   614
02.12.2000 00:00:00;   601
03.12.2000 00:00:00;   585
04.12.2000 00:00:00;   605
05.12.2000 00:00:00;   615
06.12.2000 00:00:00;   614
07.12.2000 00:00:00;   614
08.12.2000 00:00:00;   605
09.12.2000 00:00:00;   598
10.12.2000 00:00:00;   585
11.12.2000 00:00:00;   598
12.12.2000 00:00:00;   610
13.12.2000 00:00:00;   608
14.12.2000 00:00:00;   607
15.12.2000 00:00:00;   610
16.12.2000 00:00:00;   594
17.12.2000 00:00:00;   578
18.12.2000 00:00:00;   603
19.12.2000 00:00:00;   611
20.12.2000 00:00:00;   601
21.12.2000 00:00:00;   600
22.12.2000 00:00:00;   589
23.12.2000 00:00:00;   577
24.12.2000 00:00:00;   574
25.12.2000 00:00:00;   566
26.12.2000 00:00:00;   564
27.12.2000 00:00:00;   570
28.12.2000 00:00:00;   573
29.12.2000 00:00:00;   571
30.12.2000 00:00:00;   571
31.12.2000 00:00:00;   559
01.01.2001 00:00:00;   559
02.01.2001 00:00:00;   569
03.01.2001 00:00:00;   577
04.01.2001 00:00:00;   581
05.01.2001 00:00:00;   583
06.01.2001 00:00:00;   571
07.01.2001 00:00:00;   563
08.01.2001 00:00:00;   578
09.01.2001 00:00:00;   590
10.01.2001 00:00:00;   594
11.01.2001 00:00:00;   595
12.01.2001 00:00:00;   596
13.01.2001 00:00:00;   583
14.01.2001 00:00:00;   565
15.01.2001 00:00:00;   580
16.01.2001 00:00:00;   594
17.01.2001 00:00:00;   596
18.01.2001 00:00:00;   596
19.01.2001 00:00:00;   593
20.01.2001 00:00:00;   575
21.01.2001 00:00:00;   557
22.01.2001 00:00:00;   577
23.01.2001 00:00:00;   600
24.01.2001 00:00:00;   589
25.01.2001 00:00:00;   585
26.01.2001 00:00:00;   590
27.01.2001 00:00:00;   577
28.01.2001 00:00:00;   556
29.01.2001 00:00:00;   581
30.01.2001 00:00:00;   596
31.01.2001 00:00:00;   592
01.02.2001 00:00:00;   586
02.02.2001 00:00:00;   590
03.02.2001 00:00:00;   583
04.02.2001 00:00:00;   562
05.02.2001 00:00:00;   571
06.02.2001 00:00:00;   585
07.02.2001 00:00:00;   590
08.02.2001 00:00:00;   601
09.02.2001 00:00:00;   607
10.02.2001 00:00:00;   582
11.02.2001 00:00:00;   563
12.02.2001 00:00:00;   583
13.02.2001 00:00:00;   596
14.02.2001 00:00:00;   601
15.02.2001 00:00:00;   600
16.02.2001 00:00:00;   597
17.02.2001 00:00:00;   579
18.02.2001 00:00:00;   561
19.02.2001 00:00:00;   581
20.02.2001 00:00:00;   601
21.02.2001 00:00:00;   602
22.02.2001 00:00:00;   606
23.02.2001 00:00:00;   610
24.02.2001 00:00:00;   591
25.02.2001 00:00:00;   564
26.02.2001 00:00:00;   584
27.02.2001 00:00:00;   607
28.02.2001 00:00:00;   608
01.03.2001 00:00:00;   609
02.03.2001 00:00:00;   611
03.03.2001 00:00:00;   576
04.03.2001 00:00:00;   549
05.03.2001 00:00:00;   571
06.03.2001 00:00:00;   594
07.03.2001 00:00:00;   593
08.03.2001 00:00:00;   591
09.03.2001 00:00:00;   609
10.03.2001 00:00:00;   583
11.03.2001 00:00:00;   562
12.03.2001 00:00:00;   581
13.03.2001 00:00:00;   604
14.03.2001 00:00:00;   608
15.03.2001 00:00:00;   599
16.03.2001 00:00:00;   595
17.03.2001 00:00:00;   582
18.03.2001 00:00:00;   570
19.03.2001 00:00:00;   581
20.03.2001 00:00:00;   593
21.03.2001 00:00:00;   605
22.03.2001 00:00:00;   613
23.03.2001 00:00:00;   616
24.03.2001 00:00:00;   607
25.03.2001 00:00:00;   620
26.03.2001 00:00:00;   626
27.03.2001 00:00:00;   621
28.03.2001 00:00:00;   609
29.03.2001 00:00:00;   605
30.03.2001 00:00:00;   618
31.03.2001 00:00:00;   593
01.04.2001 00:00:00;   577
02.04.2001 00:00:00;   592
03.04.2001 00:00:00;   600
04.04.2001 00:00:00;   608
05.04.2001 00:00:00;   614
06.04.2001 00:00:00;   608
07.04.2001 00:00:00;   594
08.04.2001 00:00:00;   585
09.04.2001 00:00:00;   598
10.04.2001 00:00:00;   616
11.04.2001 00:00:00;   617
12.04.2001 00:00:00;   608
13.04.2001 00:00:00;   585
14.04.2001 00:00:00;   579
15.04.2001 00:00:00;   577
16.04.2001 00:00:00;   581
17.04.2001 00:00:00;   602
18.04.2001 00:00:00;   603
19.04.2001 00:00:00;   601
20.04.2001 00:00:00;   590
21.04.2001 00:00:00;   579
22.04.2001 00:00:00;   571
23.04.2001 00:00:00;   588
24.04.2001 00:00:00;   588
25.04.2001 00:00:00;   590
26.04.2001 00:00:00;   598
27.04.2001 00:00:00;   593
28.04.2001 00:00:00;   584
29.04.2001 00:00:00;   587
30.04.2001 00:00:00;   612
01.05.2001 00:00:00;   628
02.05.2001 00:00:00;   657
03.05.2001 00:00:00;   681
04.05.2001 00:00:00;   674
05.05.2001 00:00:00;   661
06.05.2001 00:00:00;   656
07.05.2001 00:00:00;   671
08.05.2001 00:00:00;   666
09.05.2001 00:00:00;   676
10.05.2001 00:00:00;   683
11.05.2001 00:00:00;   695
12.05.2001 00:00:00;   691
13.05.2001 00:00:00;   683
14.05.2001 00:00:00;   703
15.05.2001 00:00:00;   708
16.05.2001 00:00:00;   697
17.05.2001 00:00:00;   702
18.05.2001 00:00:00;   727
19.05.2001 00:00:00;   710
20.05.2001 00:00:00;   688
21.05.2001 00:00:00;   697
22.05.2001 00:00:00;   700
23.05.2001 00:00:00;   705
24.05.2001 00:00:00;   700
25.05.2001 00:00:00;   717
26.05.2001 00:00:00;   716
27.05.2001 00:00:00;   709
28.05.2001 00:00:00;   723
29.05.2001 00:00:00;   738
30.05.2001 00:00:00;   748
31.05.2001 00:00:00;   752
01.06.2001 00:00:00;   743
02.06.2001 00:00:00;   714
03.06.2001 00:00:00;   692
04.06.2001 00:00:00;   673
05.06.2001 00:00:00;   679
06.06.2001 00:00:00;   684
07.06.2001 00:00:00;   679
08.06.2001 00:00:00;   676
09.06.2001 00:00:00;   695
10.06.2001 00:00:00;   810
11.06.2001 00:00:00;   816
12.06.2001 00:00:00;   732
13.06.2001 00:00:00;   713
14.06.2001 00:00:00;   707
15.06.2001 00:00:00;   701
16.06.2001 00:00:00;   741
17.06.2001 00:00:00;   774
18.06.2001 00:00:00;   747
19.06.2001 00:00:00;   736
20.06.2001 00:00:00;   720
21.06.2001 00:00:00;   705
22.06.2001 00:00:00;   702
23.06.2001 00:00:00;   700
24.06.2001 00:00:00;   707
25.06.2001 00:00:00;   712
26.06.2001 00:00:00;   719
27.06.2001 00:00:00;   725
28.06.2001 00:00:00;   771
29.06.2001 00:00:00;   751
30.06.2001 00:00:00;   729
01.07.2001 00:00:00;   725
02.07.2001 00:00:00;   723
03.07.2001 00:00:00;   720
04.07.2001 00:00:00;   718
05.07.2001 00:00:00;   717
06.07.2001 00:00:00;   716
07.07.2001 00:00:00;   737
08.07.2001 00:00:00;   724
09.07.2001 00:00:00;   714
10.07.2001 00:00:00;   705
11.07.2001 00:00:00;   701
12.07.2001 00:00:00;   698
13.07.2001 00:00:00;   693
14.07.2001 00:00:00;   685
15.07.2001 00:00:00;   693
16.07.2001 00:00:00;   792
17.07.2001 00:00:00;   729
18.07.2001 00:00:00;   720
19.07.2001 00:00:00;   733
20.07.2001 00:00:00;   745
21.07.2001 00:00:00;   732
22.07.2001 00:00:00;   710
23.07.2001 00:00:00;   708
24.07.2001 00:00:00;   709
25.07.2001 00:00:00;   708
26.07.2001 00:00:00;   706
27.07.2001 00:00:00;   704
28.07.2001 00:00:00;   701
29.07.2001 00:00:00;   679
30.07.2001 00:00:00;   683
31.07.2001 00:00:00;   682
01.08.2001 00:00:00;   683
02.08.2001 00:00:00;   682
03.08.2001 00:00:00;   683
04.08.2001 00:00:00;   736
05.08.2001 00:00:00;   736
06.08.2001 00:00:00;   706
07.08.2001 00:00:00;   698
08.08.2001 00:00:00;   694
09.08.2001 00:00:00;   696
10.08.2001 00:00:00;   743
11.08.2001 00:00:00;   711
12.08.2001 00:00:00;   687
13.08.2001 00:00:00;   689
14.08.2001 00:00:00;   690
15.08.2001 00:00:00;   684
16.08.2001 00:00:00;   681
17.08.2001 00:00:00;   681
18.08.2001 00:00:00;   667
19.08.2001 00:00:00;   659
20.08.2001 00:00:00;   668
21.08.2001 00:00:00;   662
22.08.2001 00:00:00;   656
23.08.2001 00:00:00;   649
24.08.2001 00:00:00;   653
25.08.2001 00:00:00;   632
26.08.2001 00:00:00;   614
27.08.2001 00:00:00;   634
28.08.2001 00:00:00;   639
29.08.2001 00:00:00;   636
30.08.2001 00:00:00;   638
31.08.2001 00:00:00;   637
01.09.2001 00:00:00;   631
02.09.2001 00:00:00;   605
03.09.2001 00:00:00;   615
04.09.2001 00:00:00;   620
05.09.2001 00:00:00;   633
06.09.2001 00:00:00;   627
07.09.2001 00:00:00;   633
08.09.2001 00:00:00;   630
09.09.2001 00:00:00;   643
10.09.2001 00:00:00;   645
11.09.2001 00:00:00;   639
12.09.2001 00:00:00;   632
13.09.2001 00:00:00;   629
14.09.2001 00:00:00;   636
15.09.2001 00:00:00;   621
16.09.2001 00:00:00;   614
17.09.2001 00:00:00;   638
18.09.2001 00:00:00;   642
19.09.2001 00:00:00;   640
20.09.2001 00:00:00;   632
21.09.2001 00:00:00;   626
22.09.2001 00:00:00;   608
23.09.2001 00:00:00;   602
24.09.2001 00:00:00;   619
25.09.2001 00:00:00;   639
26.09.2001 00:00:00;   641
27.09.2001 00:00:00;   632
28.09.2001 00:00:00;   625
29.09.2001 00:00:00;   609
30.09.2001 00:00:00;   597
01.10.2001 00:00:00;   611
02.10.2001 00:00:00;   618
03.10.2001 00:00:00;   602
04.10.2001 00:00:00;   613
05.10.2001 00:00:00;   618
06.10.2001 00:00:00;   596
07.10.2001 00:00:00;   592
08.10.2001 00:00:00;   637
09.10.2001 00:00:00;   636
10.10.2001 00:00:00;   627
11.10.2001 00:00:00;   614
12.10.2001 00:00:00;   607
13.10.2001 00:00:00;   595
14.10.2001 00:00:00;   584
15.10.2001 00:00:00;   606
16.10.2001 00:00:00;   604
17.10.2001 00:00:00;   604
18.10.2001 00:00:00;   607
19.10.2001 00:00:00;   608
20.10.2001 00:00:00;   590
21.10.2001 00:00:00;   604
22.10.2001 00:00:00;   614
23.10.2001 00:00:00;   613
24.10.2001 00:00:00;   617
25.10.2001 00:00:00;   611
26.10.2001 00:00:00;   604
27.10.2001 00:00:00;   584
28.10.2001 00:00:00;   574
29.10.2001 00:00:00;   598
30.10.2001 00:00:00;   603
31.10.2001 00:00:00;   599
01.11.2001 00:00:00;   587
02.11.2001 00:00:00;   578
03.11.2001 00:00:00;   572
04.11.2001 00:00:00;   569
05.11.2001 00:00:00;   583
06.11.2001 00:00:00;   584
07.11.2001 00:00:00;   588
08.11.2001 00:00:00;   595
09.11.2001 00:00:00;   593
10.11.2001 00:00:00;   583
11.11.2001 00:00:00;   568
12.11.2001 00:00:00;   585
13.11.2001 00:00:00;   602
14.11.2001 00:00:00;   600
15.11.2001 00:00:00;   600
16.11.2001 00:00:00;   603
17.11.2001 00:00:00;   586
18.11.2001 00:00:00;   571
19.11.2001 00:00:00;   585
20.11.2001 00:00:00;   591
21.11.2001 00:00:00;   595
22.11.2001 00:00:00;   601
23.11.2001 00:00:00;   605
24.11.2001 00:00:00;   583
25.11.2001 00:00:00;   569
26.11.2001 00:00:00;   581
27.11.2001 00:00:00;   589
28.11.2001 00:00:00;   591
29.11.2001 00:00:00;   597
30.11.2001 00:00:00;   590
01.12.2001 00:00:00;   578
02.12.2001 00:00:00;   575
03.12.2001 00:00:00;   579
04.12.2001 00:00:00;   583
05.12.2001 00:00:00;   580
06.12.2001 00:00:00;   590
07.12.2001 00:00:00;   593
08.12.2001 00:00:00;   582
09.12.2001 00:00:00;   569
10.12.2001 00:00:00;   592
11.12.2001 00:00:00;   603
12.12.2001 00:00:00;   600
13.12.2001 00:00:00;   597
14.12.2001 00:00:00;   600
15.12.2001 00:00:00;   584
16.12.2001 00:00:00;   565
17.12.2001 00:00:00;   586
18.12.2001 00:00:00;   612
19.12.2001 00:00:00;   609
20.12.2001 00:00:00;   603
21.12.2001 00:00:00;   588
22.12.2001 00:00:00;   567
23.12.2001 00:00:00;   556
24.12.2001 00:00:00;   554
25.12.2001 00:00:00;   549
26.12.2001 00:00:00;   548
27.12.2001 00:00:00;   555
28.12.2001 00:00:00;   556
29.12.2001 00:00:00;   555
30.12.2001 00:00:00;   559
31.12.2001 00:00:00;   550
01.01.2002 00:00:00;   550
02.01.2002 00:00:00;   548
03.01.2002 00:00:00;   561
04.01.2002 00:00:00;   576
05.01.2002 00:00:00;   569
06.01.2002 00:00:00;   552
07.01.2002 00:00:00;   583
08.01.2002 00:00:00;   601
09.01.2002 00:00:00;   595
10.01.2002 00:00:00;   598
11.01.2002 00:00:00;   598
12.01.2002 00:00:00;   576
13.01.2002 00:00:00;   553
14.01.2002 00:00:00;   568
15.01.2002 00:00:00;   585
16.01.2002 00:00:00;   584
17.01.2002 00:00:00;   581
18.01.2002 00:00:00;   583
19.01.2002 00:00:00;   569
20.01.2002 00:00:00;   549
21.01.2002 00:00:00;   565
22.01.2002 00:00:00;   572
23.01.2002 00:00:00;   568
24.01.2002 00:00:00;   567
25.01.2002 00:00:00;   562
26.01.2002 00:00:00;   554
27.01.2002 00:00:00;   546
28.01.2002 00:00:00;   569
29.01.2002 00:00:00;   571
30.01.2002 00:00:00;   574
31.01.2002 00:00:00;   573
01.02.2002 00:00:00;   559
02.02.2002 00:00:00;   553
03.02.2002 00:00:00;   545
04.02.2002 00:00:00;   558
05.02.2002 00:00:00;   567
06.02.2002 00:00:00;   568
07.02.2002 00:00:00;   565
08.02.2002 00:00:00;   558
09.02.2002 00:00:00;   555
10.02.2002 00:00:00;   552
11.02.2002 00:00:00;   557
12.02.2002 00:00:00;   555
13.02.2002 00:00:00;   559
14.02.2002 00:00:00;   565
15.02.2002 00:00:00;   566
16.02.2002 00:00:00;   563
17.02.2002 00:00:00;   554
18.02.2002 00:00:00;   563
19.02.2002 00:00:00;   570
20.02.2002 00:00:00;   575
21.02.2002 00:00:00;   579
22.02.2002 00:00:00;   577
23.02.2002 00:00:00;   557
24.02.2002 00:00:00;   551
25.02.2002 00:00:00;   562
26.02.2002 00:00:00;   566
27.02.2002 00:00:00;   566
28.02.2002 00:00:00;   571
01.03.2002 00:00:00;   570
02.03.2002 00:00:00;   563
03.03.2002 00:00:00;   553
04.03.2002 00:00:00;   559
05.03.2002 00:00:00;   569
06.03.2002 00:00:00;   569
07.03.2002 00:00:00;   566
08.03.2002 00:00:00;   567
09.03.2002 00:00:00;   562
10.03.2002 00:00:00;   553
11.03.2002 00:00:00;   570
12.03.2002 00:00:00;   574
13.03.2002 00:00:00;   570
14.03.2002 00:00:00;   576
15.03.2002 00:00:00;   580
16.03.2002 00:00:00;   570
17.03.2002 00:00:00;   561
18.03.2002 00:00:00;   570
19.03.2002 00:00:00;   582
20.03.2002 00:00:00;   668
21.03.2002 00:00:00;   618
22.03.2002 00:00:00;   619
23.03.2002 00:00:00;   609
24.03.2002 00:00:00;   593
25.03.2002 00:00:00;   598
26.03.2002 00:00:00;   599
27.03.2002 00:00:00;   595
28.03.2002 00:00:00;   593
29.03.2002 00:00:00;   577
30.03.2002 00:00:00;   574
31.03.2002 00:00:00;   571
01.04.2002 00:00:00;   573
02.04.2002 00:00:00;   598
03.04.2002 00:00:00;   589
04.04.2002 00:00:00;   584
05.04.2002 00:00:00;   584
06.04.2002 00:00:00;   577
07.04.2002 00:00:00;   572
08.04.2002 00:00:00;   587
09.04.2002 00:00:00;   598
10.04.2002 00:00:00;   593
11.04.2002 00:00:00;   591
12.04.2002 00:00:00;   590
13.04.2002 00:00:00;   577
14.04.2002 00:00:00;   580
15.04.2002 00:00:00;   593
16.04.2002 00:00:00;   588
17.04.2002 00:00:00;   589
18.04.2002 00:00:00;   584
19.04.2002 00:00:00;   575
20.04.2002 00:00:00;   565
21.04.2002 00:00:00;   556
22.04.2002 00:00:00;   574
23.04.2002 00:00:00;   592
24.04.2002 00:00:00;   604
25.04.2002 00:00:00;   600
26.04.2002 00:00:00;   593
27.04.2002 00:00:00;   596
28.04.2002 00:00:00;   585
29.04.2002 00:00:00;   592
30.04.2002 00:00:00;   593
01.05.2002 00:00:00;   586
02.05.2002 00:00:00;   618
03.05.2002 00:00:00;   682
04.05.2002 00:00:00;   724
05.05.2002 00:00:00;   669
06.05.2002 00:00:00;   663
07.05.2002 00:00:00;   656
08.05.2002 00:00:00;   647
09.05.2002 00:00:00;   638
10.05.2002 00:00:00;   656
11.05.2002 00:00:00;   650
12.05.2002 00:00:00;   644
13.05.2002 00:00:00;   662
14.05.2002 00:00:00;   666
15.05.2002 00:00:00;   669
16.05.2002 00:00:00;   675
17.05.2002 00:00:00;   683
18.05.2002 00:00:00;   691
19.05.2002 00:00:00;   690
20.05.2002 00:00:00;   670
21.05.2002 00:00:00;   684
22.05.2002 00:00:00;   687
23.05.2002 00:00:00;   684
24.05.2002 00:00:00;   698
25.05.2002 00:00:00;   675
26.05.2002 00:00:00;   665
27.05.2002 00:00:00;   682
28.05.2002 00:00:00;   692
29.05.2002 00:00:00;   675
30.05.2002 00:00:00;   668
31.05.2002 00:00:00;   670
01.06.2002 00:00:00;   673
02.06.2002 00:00:00;   666
03.06.2002 00:00:00;   683
04.06.2002 00:00:00;   689
05.06.2002 00:00:00;   710
06.06.2002 00:00:00;   739
07.06.2002 00:00:00;   714
08.06.2002 00:00:00;   688
09.06.2002 00:00:00;   678
10.06.2002 00:00:00;   686
11.06.2002 00:00:00;   683
12.06.2002 00:00:00;   678
13.06.2002 00:00:00;   683
14.06.2002 00:00:00;   688
15.06.2002 00:00:00;   684
16.06.2002 00:00:00;   682
17.06.2002 00:00:00;   695
18.06.2002 00:00:00;   703
19.06.2002 00:00:00;   709
20.06.2002 00:00:00;   707
21.06.2002 00:00:00;   703
22.06.2002 00:00:00;   682
23.06.2002 00:00:00;   671
24.06.2002 00:00:00;   693
25.06.2002 00:00:00;   691
26.06.2002 00:00:00;   677
27.06.2002 00:00:00;   670
28.06.2002 00:00:00;   672
29.06.2002 00:00:00;   656
30.06.2002 00:00:00;   644
01.07.2002 00:00:00;   656
02.07.2002 00:00:00;   661
03.07.2002 00:00:00;   661
04.07.2002 00:00:00;   677
05.07.2002 00:00:00;   659
06.07.2002 00:00:00;   656
07.07.2002 00:00:00;   651
08.07.2002 00:00:00;   656
09.07.2002 00:00:00;   656
10.07.2002 00:00:00;   653
11.07.2002 00:00:00;   653
12.07.2002 00:00:00;   648
13.07.2002 00:00:00;   667
14.07.2002 00:00:00;   669
15.07.2002 00:00:00;   662
16.07.2002 00:00:00;   667
17.07.2002 00:00:00;   662
18.07.2002 00:00:00;   671
19.07.2002 00:00:00;   658
20.07.2002 00:00:00;   646
21.07.2002 00:00:00;   639
22.07.2002 00:00:00;   648
23.07.2002 00:00:00;   647
24.07.2002 00:00:00;   645
25.07.2002 00:00:00;   641
26.07.2002 00:00:00;   638
27.07.2002 00:00:00;   629
28.07.2002 00:00:00;   623
29.07.2002 00:00:00;   634
30.07.2002 00:00:00;   640
31.07.2002 00:00:00;   637
01.08.2002 00:00:00;   627
02.08.2002 00:00:00;   628
03.08.2002 00:00:00;   622
04.08.2002 00:00:00;   631
05.08.2002 00:00:00;   635
06.08.2002 00:00:00;   644
07.08.2002 00:00:00;   649
08.08.2002 00:00:00;   639
09.08.2002 00:00:00;   636
10.08.2002 00:00:00;   634
11.08.2002 00:00:00;   666
12.08.2002 00:00:00;   750
13.08.2002 00:00:00;   709
14.08.2002 00:00:00;   679
15.08.2002 00:00:00;   669
16.08.2002 00:00:00;   657
17.08.2002 00:00:00;   640
18.08.2002 00:00:00;   629
19.08.2002 00:00:00;   640
20.08.2002 00:00:00;   642
21.08.2002 00:00:00;   655
22.08.2002 00:00:00;   651
23.08.2002 00:00:00;   644
24.08.2002 00:00:00;   631
25.08.2002 00:00:00;   626
26.08.2002 00:00:00;   636
27.08.2002 00:00:00;   639
28.08.2002 00:00:00;   638
29.08.2002 00:00:00;   638
30.08.2002 00:00:00;   638
31.08.2002 00:00:00;   622
01.09.2002 00:00:00;   622
02.09.2002 00:00:00;   635
03.09.2002 00:00:00;   645
04.09.2002 00:00:00;   633
05.09.2002 00:00:00;   629
06.09.2002 00:00:00;   625
07.09.2002 00:00:00;   615
08.09.2002 00:00:00;   611
09.09.2002 00:00:00;   617
10.09.2002 00:00:00;   622
11.09.2002 00:00:00;   623
12.09.2002 00:00:00;   618
13.09.2002 00:00:00;   615
14.09.2002 00:00:00;   609
15.09.2002 00:00:00;   605
16.09.2002 00:00:00;   613
17.09.2002 00:00:00;   615
18.09.2002 00:00:00;   615
19.09.2002 00:00:00;   619
20.09.2002 00:00:00;   624
21.09.2002 00:00:00;   606
22.09.2002 00:00:00;   608
23.09.2002 00:00:00;   622
24.09.2002 00:00:00;   629
25.09.2002 00:00:00;   630
26.09.2002 00:00:00;   629
27.09.2002 00:00:00;   621
28.09.2002 00:00:00;   608
29.09.2002 00:00:00;   602
30.09.2002 00:00:00;   609
01.10.2002 00:00:00;   610
02.10.2002 00:00:00;   612
03.10.2002 00:00:00;   604
04.10.2002 00:00:00;   601
05.10.2002 00:00:00;   601
06.10.2002 00:00:00;   603
07.10.2002 00:00:00;   614
08.10.2002 00:00:00;   612
09.10.2002 00:00:00;   613
10.10.2002 00:00:00;   605
11.10.2002 00:00:00;   603
12.10.2002 00:00:00;   605
13.10.2002 00:00:00;   596
14.10.2002 00:00:00;   601
15.10.2002 00:00:00;   600
16.10.2002 00:00:00;   597
17.10.2002 00:00:00;   617
18.10.2002 00:00:00;   651
19.10.2002 00:00:00;   621
20.10.2002 00:00:00;   609
21.10.2002 00:00:00;   615
22.10.2002 00:00:00;   621
23.10.2002 00:00:00;   620
24.10.2002 00:00:00;   617
25.10.2002 00:00:00;   612
26.10.2002 00:00:00;   606
27.10.2002 00:00:00;   600
28.10.2002 00:00:00;   607
29.10.2002 00:00:00;   615
30.10.2002 00:00:00;   616
31.10.2002 00:00:00;   608
01.11.2002 00:00:00;   600
02.11.2002 00:00:00;   599
03.11.2002 00:00:00;   617
04.11.2002 00:00:00;   630
05.11.2002 00:00:00;   633
06.11.2002 00:00:00;   627
07.11.2002 00:00:00;   626
08.11.2002 00:00:00;   615
09.11.2002 00:00:00;   608
10.11.2002 00:00:00;   606
11.11.2002 00:00:00;   617
12.11.2002 00:00:00;   621
13.11.2002 00:00:00;   622
14.11.2002 00:00:00;   625
15.11.2002 00:00:00;   706
16.11.2002 00:00:00;   800
17.11.2002 00:00:00;   801
18.11.2002 00:00:00;   715
19.11.2002 00:00:00;   694
20.11.2002 00:00:00;   674
21.11.2002 00:00:00;   666
22.11.2002 00:00:00;   666
23.11.2002 00:00:00;   652
24.11.2002 00:00:00;   640
25.11.2002 00:00:00;   672
26.11.2002 00:00:00;   710
27.11.2002 00:00:00;   699
28.11.2002 00:00:00;   686
29.11.2002 00:00:00;   683
30.11.2002 00:00:00;   669
01.12.2002 00:00:00;   652
02.12.2002 00:00:00;   660
03.12.2002 00:00:00;   661
04.12.2002 00:00:00;   660
05.12.2002 00:00:00;   655
06.12.2002 00:00:00;   647
07.12.2002 00:00:00;   632
08.12.2002 00:00:00;   622
09.12.2002 00:00:00;   634
10.12.2002 00:00:00;   647
11.12.2002 00:00:00;   648
12.12.2002 00:00:00;   644
13.12.2002 00:00:00;   646
14.12.2002 00:00:00;   625
15.12.2002 00:00:00;   614
16.12.2002 00:00:00;   620
17.12.2002 00:00:00;   640
18.12.2002 00:00:00;   639
19.12.2002 00:00:00;   632
20.12.2002 00:00:00;   625
21.12.2002 00:00:00;   612
22.12.2002 00:00:00;   608
23.12.2002 00:00:00;   612
24.12.2002 00:00:00;   607
25.12.2002 00:00:00;   602
26.12.2002 00:00:00;   602
27.12.2002 00:00:00;   597
28.12.2002 00:00:00;   600
29.12.2002 00:00:00;   600
30.12.2002 00:00:00;   598
31.12.2002 00:00:00;   602
01.01.2003 00:00:00;   603
02.01.2003 00:00:00;   600
03.01.2003 00:00:00;   601
04.01.2003 00:00:00;   601
05.01.2003 00:00:00;   599
06.01.2003 00:00:00;   609
07.01.2003 00:00:00;   630
08.01.2003 00:00:00;   639
09.01.2003 00:00:00;   638
10.01.2003 00:00:00;   638
11.01.2003 00:00:00;   615
12.01.2003 00:00:00;   594
13.01.2003 00:00:00;   612
14.01.2003 00:00:00;   622
15.01.2003 00:00:00;   619
16.01.2003 00:00:00;   615
17.01.2003 00:00:00;   609
18.01.2003 00:00:00;   598
19.01.2003 00:00:00;   585
20.01.2003 00:00:00;   599
21.01.2003 00:00:00;   610
22.01.2003 00:00:00;   617
23.01.2003 00:00:00;   612
24.01.2003 00:00:00;   611
25.01.2003 00:00:00;   598
26.01.2003 00:00:00;   583
27.01.2003 00:00:00;   594
28.01.2003 00:00:00;   599
29.01.2003 00:00:00;   599
30.01.2003 00:00:00;   621
31.01.2003 00:00:00;   618
01.02.2003 00:00:00;   598
02.02.2003 00:00:00;   580
03.02.2003 00:00:00;   587
04.02.2003 00:00:00;   614
05.02.2003 00:00:00;   616
06.02.2003 00:00:00;   617
07.02.2003 00:00:00;   613
08.02.2003 00:00:00;   590
09.02.2003 00:00:00;   565
10.02.2003 00:00:00;   581
11.02.2003 00:00:00;   608
12.02.2003 00:00:00;   611
13.02.2003 00:00:00;   618
14.02.2003 00:00:00;   613
15.02.2003 00:00:00;   595
16.02.2003 00:00:00;   576
17.02.2003 00:00:00;   597
18.02.2003 00:00:00;   620
19.02.2003 00:00:00;   622
20.02.2003 00:00:00;   619
21.02.2003 00:00:00;   610
22.02.2003 00:00:00;   587
23.02.2003 00:00:00;   572
24.02.2003 00:00:00;   585
25.02.2003 00:00:00;   605
26.02.2003 00:00:00;   599
27.02.2003 00:00:00;   597
28.02.2003 00:00:00;   591
01.03.2003 00:00:00;   572
02.03.2003 00:00:00;   562
03.03.2003 00:00:00;   576
04.03.2003 00:00:00;   584
05.03.2003 00:00:00;   583
06.03.2003 00:00:00;   579
07.03.2003 00:00:00;   581
08.03.2003 00:00:00;   573
09.03.2003 00:00:00;   561
10.03.2003 00:00:00;   571
11.03.2003 00:00:00;   587
12.03.2003 00:00:00;   589
13.03.2003 00:00:00;   591
14.03.2003 00:00:00;   591
15.03.2003 00:00:00;   578
16.03.2003 00:00:00;   563
17.03.2003 00:00:00;   582
18.03.2003 00:00:00;   599
19.03.2003 00:00:00;   592
20.03.2003 00:00:00;   594
21.03.2003 00:00:00;   593
22.03.2003 00:00:00;   574
23.03.2003 00:00:00;   560
24.03.2003 00:00:00;   566
25.03.2003 00:00:00;   579
26.03.2003 00:00:00;   596
27.03.2003 00:00:00;   594
28.03.2003 00:00:00;   591
29.03.2003 00:00:00;   577
30.03.2003 00:00:00;   575
31.03.2003 00:00:00;   592
01.04.2003 00:00:00;   604
02.04.2003 00:00:00;   602
03.04.2003 00:00:00;   616
04.04.2003 00:00:00;   609
05.04.2003 00:00:00;   580
06.04.2003 00:00:00;   568
07.04.2003 00:00:00;   596
08.04.2003 00:00:00;   591
09.04.2003 00:00:00;   600
10.04.2003 00:00:00;   604
11.04.2003 00:00:00;   586
12.04.2003 00:00:00;   571
13.04.2003 00:00:00;   561
14.04.2003 00:00:00;   575
15.04.2003 00:00:00;   589
16.04.2003 00:00:00;   593
17.04.2003 00:00:00;   596
18.04.2003 00:00:00;   591
19.04.2003 00:00:00;   589
20.04.2003 00:00:00;   580
21.04.2003 00:00:00;   581
22.04.2003 00:00:00;   598
23.04.2003 00:00:00;   603
24.04.2003 00:00:00;   606
25.04.2003 00:00:00;   600
26.04.2003 00:00:00;   607
27.04.2003 00:00:00;   602
28.04.2003 00:00:00;   625
29.04.2003 00:00:00;   636
30.04.2003 00:00:00;   648
01.05.2003 00:00:00;   678
02.05.2003 00:00:00;   665
03.05.2003 00:00:00;   660
04.05.2003 00:00:00;   645
05.05.2003 00:00:00;   667
06.05.2003 00:00:00;   684
07.05.2003 00:00:00;   696
08.05.2003 00:00:00;   704
09.05.2003 00:00:00;   709
10.05.2003 00:00:00;   697
11.05.2003 00:00:00;   684
12.05.2003 00:00:00;   697
13.05.2003 00:00:00;   690
14.05.2003 00:00:00;   690
15.05.2003 00:00:00;   674
16.05.2003 00:00:00;   657
17.05.2003 00:00:00;   642
18.05.2003 00:00:00;   639
19.05.2003 00:00:00;   658
20.05.2003 00:00:00;   677
21.05.2003 00:00:00;   671
22.05.2003 00:00:00;   665
23.05.2003 00:00:00;   660
24.05.2003 00:00:00;   652
25.05.2003 00:00:00;   648
26.05.2003 00:00:00;   668
27.05.2003 00:00:00;   670
28.05.2003 00:00:00;   681
29.05.2003 00:00:00;   685
30.05.2003 00:00:00;   684
31.05.2003 00:00:00;   684
01.06.2003 00:00:00;   685
02.06.2003 00:00:00;   699
03.06.2003 00:00:00;   703
04.06.2003 00:00:00;   705
05.06.2003 00:00:00;   703
06.06.2003 00:00:00;   701
07.06.2003 00:00:00;   701
08.06.2003 00:00:00;   694
09.06.2003 00:00:00;   686
10.06.2003 00:00:00;   692
11.06.2003 00:00:00;   699
12.06.2003 00:00:00;   700
13.06.2003 00:00:00;   695
14.06.2003 00:00:00;   691
15.06.2003 00:00:00;   697
16.06.2003 00:00:00;   690
17.06.2003 00:00:00;   684
18.06.2003 00:00:00;   688
19.06.2003 00:00:00;   671
20.06.2003 00:00:00;   661
21.06.2003 00:00:00;   655
22.06.2003 00:00:00;   648
23.06.2003 00:00:00;   664
24.06.2003 00:00:00;   668
25.06.2003 00:00:00;   660
26.06.2003 00:00:00;   665
27.06.2003 00:00:00;   663
28.06.2003 00:00:00;   640
29.06.2003 00:00:00;   631
30.06.2003 00:00:00;   646
01.07.2003 00:00:00;   661
02.07.2003 00:00:00;   670
03.07.2003 00:00:00;   651
04.07.2003 00:00:00;   649
05.07.2003 00:00:00;   628
06.07.2003 00:00:00;   618
07.07.2003 00:00:00;   633
08.07.2003 00:00:00;   639
09.07.2003 00:00:00;   634
10.07.2003 00:00:00;   628
11.07.2003 00:00:00;   627
12.07.2003 00:00:00;   612
13.07.2003 00:00:00;   604
14.07.2003 00:00:00;   621
15.07.2003 00:00:00;   634
16.07.2003 00:00:00;   644
17.07.2003 00:00:00;   632
18.07.2003 00:00:00;   627
19.07.2003 00:00:00;   606
20.07.2003 00:00:00;   602
21.07.2003 00:00:00;   625
22.07.2003 00:00:00;   636
23.07.2003 00:00:00;   644
24.07.2003 00:00:00;   631
25.07.2003 00:00:00;   619
26.07.2003 00:00:00;   611
27.07.2003 00:00:00;   601
28.07.2003 00:00:00;   643
29.07.2003 00:00:00;   619
30.07.2003 00:00:00;   612
31.07.2003 00:00:00;   608
01.08.2003 00:00:00;   598
02.08.2003 00:00:00;   592
03.08.2003 00:00:00;   590
04.08.2003 00:00:00;   615
05.08.2003 00:00:00;   623
06.08.2003 00:00:00;   630
07.08.2003 00:00:00;   633
08.08.2003 00:00:00;   620
09.08.2003 00:00:00;   591
10.08.2003 00:00:00;   583
11.08.2003 00:00:00;   607
12.08.2003 00:00:00;   621
13.08.2003 00:00:00;   614
14.08.2003 00:00:00;   606
15.08.2003 00:00:00;   589
16.08.2003 00:00:00;   580
17.08.2003 00:00:00;   587
18.08.2003 00:00:00;   614
19.08.2003 00:00:00;   611
20.08.2003 00:00:00;   603
21.08.2003 00:00:00;   599
22.08.2003 00:00:00;   591
23.08.2003 00:00:00;   579
24.08.2003 00:00:00;   575
25.08.2003 00:00:00;   590
26.08.2003 00:00:00;   595
27.08.2003 00:00:00;   587
28.08.2003 00:00:00;   590
29.08.2003 00:00:00;   627
30.08.2003 00:00:00;   647
31.08.2003 00:00:00;   620
01.09.2003 00:00:00;   606
02.09.2003 00:00:00;   596
03.09.2003 00:00:00;   589
04.09.2003 00:00:00;   585
05.09.2003 00:00:00;   589
06.09.2003 00:00:00;   580
07.09.2003 00:00:00;   571
08.09.2003 00:00:00;   584
09.09.2003 00:00:00;   589
10.09.2003 00:00:00;   592
11.09.2003 00:00:00;   590
12.09.2003 00:00:00;   585
13.09.2003 00:00:00;   574
14.09.2003 00:00:00;   570
15.09.2003 00:00:00;   582
16.09.2003 00:00:00;   578
17.09.2003 00:00:00;   576
18.09.2003 00:00:00;   584
19.09.2003 00:00:00;   583
20.09.2003 00:00:00;   573
21.09.2003 00:00:00;   569
22.09.2003 00:00:00;   579
23.09.2003 00:00:00;   585
24.09.2003 00:00:00;   600
25.09.2003 00:00:00;   595
26.09.2003 00:00:00;   587
27.09.2003 00:00:00;   571
28.09.2003 00:00:00;   564
29.09.2003 00:00:00;   575
30.09.2003 00:00:00;   590
01.10.2003 00:00:00;   593
02.10.2003 00:00:00;   589
03.10.2003 00:00:00;   572
04.10.2003 00:00:00;   575
05.10.2003 00:00:00;   588
06.10.2003 00:00:00;   587
07.10.2003 00:00:00;   593
08.10.2003 00:00:00;   603
09.10.2003 00:00:00;   630
10.10.2003 00:00:00;   637
11.10.2003 00:00:00;   612
12.10.2003 00:00:00;   602
13.10.2003 00:00:00;   608
14.10.2003 00:00:00;   612
15.10.2003 00:00:00;   613
16.10.2003 00:00:00;   602
17.10.2003 00:00:00;   596
18.10.2003 00:00:00;   586
19.10.2003 00:00:00;   584
20.10.2003 00:00:00;   594
21.10.2003 00:00:00;   610
22.10.2003 00:00:00;   609
23.10.2003 00:00:00;   612
24.10.2003 00:00:00;   607
25.10.2003 00:00:00;   578
26.10.2003 00:00:00;   567
27.10.2003 00:00:00;   585
28.10.2003 00:00:00;   600
29.10.2003 00:00:00;   596
30.10.2003 00:00:00;   597
31.10.2003 00:00:00;   580
01.11.2003 00:00:00;   619
02.11.2003 00:00:00;   598
03.11.2003 00:00:00;   589
04.11.2003 00:00:00;   584
05.11.2003 00:00:00;   585
06.11.2003 00:00:00;   590
07.11.2003 00:00:00;   590
08.11.2003 00:00:00;   576
09.11.2003 00:00:00;   571
10.11.2003 00:00:00;   570
11.11.2003 00:00:00;   579
12.11.2003 00:00:00;   582
13.11.2003 00:00:00;   589
14.11.2003 00:00:00;   590
15.11.2003 00:00:00;   573
16.11.2003 00:00:00;   562
17.11.2003 00:00:00;   573
18.11.2003 00:00:00;   578
19.11.2003 00:00:00;   578
20.11.2003 00:00:00;   576
21.11.2003 00:00:00;   587
22.11.2003 00:00:00;   574
23.11.2003 00:00:00;   557
24.11.2003 00:00:00;   566
25.11.2003 00:00:00;   574
26.11.2003 00:00:00;   579
27.11.2003 00:00:00;   577
28.11.2003 00:00:00;   591
29.11.2003 00:00:00;   578
30.11.2003 00:00:00;   563
01.12.2003 00:00:00;   567
02.12.2003 00:00:00;   578
03.12.2003 00:00:00;   599
04.12.2003 00:00:00;   592
05.12.2003 00:00:00;   593
06.12.2003 00:00:00;   566
07.12.2003 00:00:00;   563
08.12.2003 00:00:00;   566
09.12.2003 00:00:00;   597
10.12.2003 00:00:00;   600
11.12.2003 00:00:00;   591
12.12.2003 00:00:00;   589
13.12.2003 00:00:00;   569
14.12.2003 00:00:00;   556
15.12.2003 00:00:00;   565
16.12.2003 00:00:00;   579
17.12.2003 00:00:00;   579
18.12.2003 00:00:00;   571
19.12.2003 00:00:00;   571
20.12.2003 00:00:00;   557
21.12.2003 00:00:00;   552
22.12.2003 00:00:00;   554
23.12.2003 00:00:00;   556
24.12.2003 00:00:00;   547
25.12.2003 00:00:00;   544
26.12.2003 00:00:00;   547
27.12.2003 00:00:00;   552
28.12.2003 00:00:00;   555
29.12.2003 00:00:00;   551
30.12.2003 00:00:00;   552
31.12.2003 00:00:00;   555
01.01.2004 00:00:00;   555
02.01.2004 00:00:00;   547
03.01.2004 00:00:00;   556
04.01.2004 00:00:00;   563
05.01.2004 00:00:00;   559
06.01.2004 00:00:00;   555
07.01.2004 00:00:00;   564
08.01.2004 00:00:00;   572
09.01.2004 00:00:00;   564
10.01.2004 00:00:00;   557
11.01.2004 00:00:00;   548
12.01.2004 00:00:00;   560
13.01.2004 00:00:00;   583
14.01.2004 00:00:00;   602
15.01.2004 00:00:00;   588
16.01.2004 00:00:00;   573
17.01.2004 00:00:00;   568
18.01.2004 00:00:00;   560
19.01.2004 00:00:00;   564
20.01.2004 00:00:00;   583
21.01.2004 00:00:00;   580
22.01.2004 00:00:00;   581
23.01.2004 00:00:00;   579
24.01.2004 00:00:00;   559
25.01.2004 00:00:00;   551
26.01.2004 00:00:00;   570
27.01.2004 00:00:00;   595
28.01.2004 00:00:00;   596
29.01.2004 00:00:00;   583
30.01.2004 00:00:00;   567
31.01.2004 00:00:00;   558
01.02.2004 00:00:00;   548
02.02.2004 00:00:00;   555
03.02.2004 00:00:00;   563
04.02.2004 00:00:00;   554
05.02.2004 00:00:00;   551
06.02.2004 00:00:00;   554
07.02.2004 00:00:00;   555
08.02.2004 00:00:00;   551
09.02.2004 00:00:00;   559
10.02.2004 00:00:00;   569
11.02.2004 00:00:00;   580
12.02.2004 00:00:00;   592
13.02.2004 00:00:00;   570
14.02.2004 00:00:00;   553
15.02.2004 00:00:00;   550
16.02.2004 00:00:00;   571
17.02.2004 00:00:00;   584
18.02.2004 00:00:00;   576
19.02.2004 00:00:00;   578
20.02.2004 00:00:00;   579
21.02.2004 00:00:00;   558
22.02.2004 00:00:00;   553
23.02.2004 00:00:00;   572
24.02.2004 00:00:00;   581
25.02.2004 00:00:00;   584
26.02.2004 00:00:00;   597
27.02.2004 00:00:00;   602
28.02.2004 00:00:00;   576
29.02.2004 00:00:00;   556
01.03.2004 00:00:00;   576
02.03.2004 00:00:00;   597
03.03.2004 00:00:00;   599
04.03.2004 00:00:00;   591
05.03.2004 00:00:00;   595
06.03.2004 00:00:00;   573
07.03.2004 00:00:00;   554
08.03.2004 00:00:00;   568
09.03.2004 00:00:00;   593
10.03.2004 00:00:00;   601
11.03.2004 00:00:00;   606
12.03.2004 00:00:00;   593
13.03.2004 00:00:00;   564
14.03.2004 00:00:00;   554
15.03.2004 00:00:00;   562
16.03.2004 00:00:00;   584
17.03.2004 00:00:00;   593
18.03.2004 00:00:00;   596
19.03.2004 00:00:00;   596
20.03.2004 00:00:00;   590
21.03.2004 00:00:00;   586
22.03.2004 00:00:00;   603
23.03.2004 00:00:00;   606
24.03.2004 00:00:00;   609
25.03.2004 00:00:00;   599
26.03.2004 00:00:00;   595
27.03.2004 00:00:00;   589
28.03.2004 00:00:00;   572
29.03.2004 00:00:00;   591
30.03.2004 00:00:00;   598
31.03.2004 00:00:00;   583
01.04.2004 00:00:00;   590
02.04.2004 00:00:00;   592
03.04.2004 00:00:00;   591
04.04.2004 00:00:00;   582
05.04.2004 00:00:00;   602
06.04.2004 00:00:00;   606
07.04.2004 00:00:00;   613
08.04.2004 00:00:00;   610
09.04.2004 00:00:00;   583
10.04.2004 00:00:00;   576
11.04.2004 00:00:00;   574
12.04.2004 00:00:00;   568
13.04.2004 00:00:00;   585
14.04.2004 00:00:00;   592
15.04.2004 00:00:00;   585
16.04.2004 00:00:00;   589
17.04.2004 00:00:00;   575
18.04.2004 00:00:00;   576
19.04.2004 00:00:00;   616
20.04.2004 00:00:00;   615
21.04.2004 00:00:00;   608
22.04.2004 00:00:00;   618
23.04.2004 00:00:00;   616
24.04.2004 00:00:00;   621
25.04.2004 00:00:00;   610
26.04.2004 00:00:00;   622
27.04.2004 00:00:00;   625
28.04.2004 00:00:00;   627
29.04.2004 00:00:00;   634
30.04.2004 00:00:00;   630
01.05.2004 00:00:00;   622
02.05.2004 00:00:00;   624
03.05.2004 00:00:00;   642
04.05.2004 00:00:00;   645
05.05.2004 00:00:00;   651
06.05.2004 00:00:00;   656
07.05.2004 00:00:00;   637
08.05.2004 00:00:00;   618
09.05.2004 00:00:00;   610
10.05.2004 00:00:00;   634
11.05.2004 00:00:00;   626
12.05.2004 00:00:00;   632
13.05.2004 00:00:00;   636
14.05.2004 00:00:00;   628
15.05.2004 00:00:00;   609
16.05.2004 00:00:00;   608
17.05.2004 00:00:00;   628
18.05.2004 00:00:00;   646
19.05.2004 00:00:00;   656
20.05.2004 00:00:00;   655
21.05.2004 00:00:00;   674
22.05.2004 00:00:00;   679
23.05.2004 00:00:00;   652
24.05.2004 00:00:00;   656
25.05.2004 00:00:00;   658
26.05.2004 00:00:00;   661
27.05.2004 00:00:00;   668
28.05.2004 00:00:00;   670
29.05.2004 00:00:00;   656
30.05.2004 00:00:00;   645
31.05.2004 00:00:00;   648
01.06.2004 00:00:00;   666
02.06.2004 00:00:00;   690
03.06.2004 00:00:00;   692
04.06.2004 00:00:00;   695
05.06.2004 00:00:00;   678
06.06.2004 00:00:00;   675
07.06.2004 00:00:00;   680
08.06.2004 00:00:00;   688
09.06.2004 00:00:00;   701
10.06.2004 00:00:00;   708
11.06.2004 00:00:00;   728
12.06.2004 00:00:00;   727
13.06.2004 00:00:00;   709
14.06.2004 00:00:00;   694
15.06.2004 00:00:00;   686
16.06.2004 00:00:00;   684
17.06.2004 00:00:00;   682
18.06.2004 00:00:00;   687
19.06.2004 00:00:00;   680
20.06.2004 00:00:00;   669
21.06.2004 00:00:00;   673
22.06.2004 00:00:00;   674
23.06.2004 00:00:00;   672
24.06.2004 00:00:00;   677
25.06.2004 00:00:00;   681
26.06.2004 00:00:00;   671
27.06.2004 00:00:00;   663
28.06.2004 00:00:00;   698
29.06.2004 00:00:00;   706
30.06.2004 00:00:00;   701
01.07.2004 00:00:00;   697
02.07.2004 00:00:00;   690
03.07.2004 00:00:00;   672
04.07.2004 00:00:00;   658
05.07.2004 00:00:00;   674
06.07.2004 00:00:00;   680
07.07.2004 00:00:00;   679
08.07.2004 00:00:00;   684
09.07.2004 00:00:00;   763
10.07.2004 00:00:00;   698
11.07.2004 00:00:00;   683
12.07.2004 00:00:00;   675
13.07.2004 00:00:00;   667
14.07.2004 00:00:00;   655
15.07.2004 00:00:00;   649
16.07.2004 00:00:00;   648
17.07.2004 00:00:00;   647
18.07.2004 00:00:00;   641
19.07.2004 00:00:00;   654
20.07.2004 00:00:00;   654
21.07.2004 00:00:00;   657
22.07.2004 00:00:00;   657
23.07.2004 00:00:00;   657
24.07.2004 00:00:00;   646
25.07.2004 00:00:00;   648
26.07.2004 00:00:00;   650
27.07.2004 00:00:00;   652
28.07.2004 00:00:00;   642
29.07.2004 00:00:00;   638
30.07.2004 00:00:00;   634
31.07.2004 00:00:00;   627
01.08.2004 00:00:00;   621
02.08.2004 00:00:00;   624
03.08.2004 00:00:00;   633
04.08.2004 00:00:00;   635
05.08.2004 00:00:00;   629
06.08.2004 00:00:00;   635
07.08.2004 00:00:00;   631
08.08.2004 00:00:00;   621
09.08.2004 00:00:00;   632
10.08.2004 00:00:00;   630
11.08.2004 00:00:00;   629
12.08.2004 00:00:00;   632
13.08.2004 00:00:00;   629
14.08.2004 00:00:00;   612
15.08.2004 00:00:00;   607
16.08.2004 00:00:00;   620
17.08.2004 00:00:00;   620
18.08.2004 00:00:00;   630
19.08.2004 00:00:00;   632
20.08.2004 00:00:00;   722
21.08.2004 00:00:00;   699
22.08.2004 00:00:00;   661
23.08.2004 00:00:00;   652
24.08.2004 00:00:00;   655
25.08.2004 00:00:00;   646
26.08.2004 00:00:00;   655
27.08.2004 00:00:00;   653
28.08.2004 00:00:00;   634
29.08.2004 00:00:00;   623
30.08.2004 00:00:00;   639
31.08.2004 00:00:00;   636
01.09.2004 00:00:00;   631
02.09.2004 00:00:00;   628
03.09.2004 00:00:00;   628
04.09.2004 00:00:00;   617
05.09.2004 00:00:00;   606
06.09.2004 00:00:00;   620
07.09.2004 00:00:00;   626
08.09.2004 00:00:00;   620
09.09.2004 00:00:00;   616
10.09.2004 00:00:00;   615
11.09.2004 00:00:00;   598
12.09.2004 00:00:00;   594
13.09.2004 00:00:00;   602
14.09.2004 00:00:00;   608
15.09.2004 00:00:00;   611
16.09.2004 00:00:00;   609
17.09.2004 00:00:00;   603
18.09.2004 00:00:00;   587
19.09.2004 00:00:00;   578
20.09.2004 00:00:00;   596
21.09.2004 00:00:00;   596
22.09.2004 00:00:00;   592
23.09.2004 00:00:00;   597
24.09.2004 00:00:00;   628
25.09.2004 00:00:00;   599
26.09.2004 00:00:00;   586
27.09.2004 00:00:00;   596
28.09.2004 00:00:00;   598
29.09.2004 00:00:00;   599
30.09.2004 00:00:00;   602
01.10.2004 00:00:00;   602
02.10.2004 00:00:00;   591
03.10.2004 00:00:00;   578
04.10.2004 00:00:00;   581
05.10.2004 00:00:00;   584
06.10.2004 00:00:00;   588
07.10.2004 00:00:00;   590
08.10.2004 00:00:00;   584
09.10.2004 00:00:00;   576
10.10.2004 00:00:00;   571
11.10.2004 00:00:00;   585
12.10.2004 00:00:00;   581
13.10.2004 00:00:00;   583
14.10.2004 00:00:00;   580
15.10.2004 00:00:00;   584
16.10.2004 00:00:00;   575
17.10.2004 00:00:00;   567
18.10.2004 00:00:00;   571
19.10.2004 00:00:00;   590
20.10.2004 00:00:00;   582
21.10.2004 00:00:00;   582
22.10.2004 00:00:00;   578
23.10.2004 00:00:00;   571
24.10.2004 00:00:00;   571
25.10.2004 00:00:00;   588
26.10.2004 00:00:00;   598
27.10.2004 00:00:00;   660
28.10.2004 00:00:00;   639
29.10.2004 00:00:00;   620
30.10.2004 00:00:00;   609
31.10.2004 00:00:00;   594
01.11.2004 00:00:00;   601
02.11.2004 00:00:00;   645
03.11.2004 00:00:00;   636
04.11.2004 00:00:00;   637
05.11.2004 00:00:00;   625
06.11.2004 00:00:00;   606
07.11.2004 00:00:00;   598
08.11.2004 00:00:00;   603
09.11.2004 00:00:00;   606
10.11.2004 00:00:00;   608
11.11.2004 00:00:00;   600
12.11.2004 00:00:00;   593
13.11.2004 00:00:00;   583
14.11.2004 00:00:00;   573
15.11.2004 00:00:00;   586
16.11.2004 00:00:00;   598
17.11.2004 00:00:00;   588
18.11.2004 00:00:00;   583
19.11.2004 00:00:00;   585
20.11.2004 00:00:00;   577
21.11.2004 00:00:00;   568
22.11.2004 00:00:00;   572
23.11.2004 00:00:00;   580
24.11.2004 00:00:00;   589
25.11.2004 00:00:00;   590
26.11.2004 00:00:00;   588
27.11.2004 00:00:00;   567
28.11.2004 00:00:00;   552
29.11.2004 00:00:00;   571
30.11.2004 00:00:00;   587
01.12.2004 00:00:00;   590
02.12.2004 00:00:00;   586
03.12.2004 00:00:00;   584
04.12.2004 00:00:00;   568
05.12.2004 00:00:00;   553
06.12.2004 00:00:00;   562
07.12.2004 00:00:00;   584
08.12.2004 00:00:00;   588
09.12.2004 00:00:00;   588
10.12.2004 00:00:00;   593
11.12.2004 00:00:00;   576
12.12.2004 00:00:00;   561
13.12.2004 00:00:00;   568
14.12.2004 00:00:00;   587
15.12.2004 00:00:00;   596
16.12.2004 00:00:00;   584
17.12.2004 00:00:00;   570
18.12.2004 00:00:00;   562
19.12.2004 00:00:00;   548
20.12.2004 00:00:00;   558
21.12.2004 00:00:00;   582
22.12.2004 00:00:00;   576
23.12.2004 00:00:00;   557
24.12.2004 00:00:00;   542
25.12.2004 00:00:00;   540
26.12.2004 00:00:00;   550
27.12.2004 00:00:00;   545
28.12.2004 00:00:00;   546
29.12.2004 00:00:00;   546
30.12.2004 00:00:00;   542
31.12.2004 00:00:00;   535
01.01.2005 00:00:00;   543
02.01.2005 00:00:00;   533
03.01.2005 00:00:00;   550
04.01.2005 00:00:00;   553
05.01.2005 00:00:00;   551
06.01.2005 00:00:00;   551
07.01.2005 00:00:00;   547
08.01.2005 00:00:00;   542
09.01.2005 00:00:00;   536
10.01.2005 00:00:00;   542
11.01.2005 00:00:00;   555
12.01.2005 00:00:00;   561
13.01.2005 00:00:00;   559
14.01.2005 00:00:00;   564
15.01.2005 00:00:00;   557
16.01.2005 00:00:00;   547
17.01.2005 00:00:00;   557
18.01.2005 00:00:00;   576
19.01.2005 00:00:00;   594
20.01.2005 00:00:00;   571
21.01.2005 00:00:00;   560
22.01.2005 00:00:00;   549
23.01.2005 00:00:00;   539
24.01.2005 00:00:00;   560
25.01.2005 00:00:00;   594
26.01.2005 00:00:00;   595
27.01.2005 00:00:00;   598
28.01.2005 00:00:00;   596
29.01.2005 00:00:00;   569
30.01.2005 00:00:00;   551
31.01.2005 00:00:00;   566
01.02.2005 00:00:00;   587
02.02.2005 00:00:00;   594
03.02.2005 00:00:00;   600
04.02.2005 00:00:00;   586
05.02.2005 00:00:00;   562
06.02.2005 00:00:00;   546
07.02.2005 00:00:00;   560
08.02.2005 00:00:00;   592
09.02.2005 00:00:00;   595
10.02.2005 00:00:00;   583
11.02.2005 00:00:00;   583
12.02.2005 00:00:00;   572
13.02.2005 00:00:00;   564
14.02.2005 00:00:00;   565
15.02.2005 00:00:00;   583
16.02.2005 00:00:00;   590
17.02.2005 00:00:00;   601
18.02.2005 00:00:00;   591
19.02.2005 00:00:00;   565
20.02.2005 00:00:00;   546
21.02.2005 00:00:00;   561
22.02.2005 00:00:00;   586
23.02.2005 00:00:00;   594
24.02.2005 00:00:00;   591
25.02.2005 00:00:00;   587
26.02.2005 00:00:00;   563
27.02.2005 00:00:00;   542
28.02.2005 00:00:00;   570
01.03.2005 00:00:00;   603
02.03.2005 00:00:00;   602
03.03.2005 00:00:00;   591
04.03.2005 00:00:00;   584
05.03.2005 00:00:00;   557
06.03.2005 00:00:00;   539
07.03.2005 00:00:00;   552
08.03.2005 00:00:00;   578
09.03.2005 00:00:00;   568
10.03.2005 00:00:00;   577
11.03.2005 00:00:00;   569
12.03.2005 00:00:00;   554
13.03.2005 00:00:00;   538
14.03.2005 00:00:00;   551
15.03.2005 00:00:00;   565
16.03.2005 00:00:00;   558
17.03.2005 00:00:00;   561
18.03.2005 00:00:00;   571
19.03.2005 00:00:00;   576
20.03.2005 00:00:00;   576
21.03.2005 00:00:00;   593
22.03.2005 00:00:00;   605
23.03.2005 00:00:00;   602
24.03.2005 00:00:00;   605
25.03.2005 00:00:00;   601
26.03.2005 00:00:00;   594
27.03.2005 00:00:00;   590
28.03.2005 00:00:00;   591
29.03.2005 00:00:00;   608
30.03.2005 00:00:00;   607
31.03.2005 00:00:00;   604
01.04.2005 00:00:00;   611
02.04.2005 00:00:00;   589
03.04.2005 00:00:00;   575
04.04.2005 00:00:00;   593
05.04.2005 00:00:00;   608
06.04.2005 00:00:00;   604
07.04.2005 00:00:00;   606
08.04.2005 00:00:00;   608
09.04.2005 00:00:00;   590
10.04.2005 00:00:00;   573
11.04.2005 00:00:00;   584
12.04.2005 00:00:00;   596
13.04.2005 00:00:00;   590
14.04.2005 00:00:00;   592
15.04.2005 00:00:00;   593
16.04.2005 00:00:00;   581
17.04.2005 00:00:00;   570
18.04.2005 00:00:00;   586
19.04.2005 00:00:00;   605
20.04.2005 00:00:00;   601
21.04.2005 00:00:00;   594
22.04.2005 00:00:00;   586
23.04.2005 00:00:00;   568
24.04.2005 00:00:00;   565
25.04.2005 00:00:00;   576
26.04.2005 00:00:00;   594
27.04.2005 00:00:00;   590
28.04.2005 00:00:00;   587
29.04.2005 00:00:00;   590
30.04.2005 00:00:00;   597
01.05.2005 00:00:00;   607
02.05.2005 00:00:00;   637
03.05.2005 00:00:00;   663
04.05.2005 00:00:00;   678
05.05.2005 00:00:00;   649
06.05.2005 00:00:00;   643
07.05.2005 00:00:00;   626
08.05.2005 00:00:00;   616
09.05.2005 00:00:00;   631
10.05.2005 00:00:00;   627
11.05.2005 00:00:00;   621
12.05.2005 00:00:00;   623
13.05.2005 00:00:00;   621
14.05.2005 00:00:00;   603
15.05.2005 00:00:00;   594
16.05.2005 00:00:00;   600
17.05.2005 00:00:00;   631
18.05.2005 00:00:00;   641
19.05.2005 00:00:00;   640
20.05.2005 00:00:00;   634
21.05.2005 00:00:00;   618
22.05.2005 00:00:00;   634
23.05.2005 00:00:00;   675
24.05.2005 00:00:00;   672
25.05.2005 00:00:00;   664
26.05.2005 00:00:00;   656
27.05.2005 00:00:00;   676
28.05.2005 00:00:00;   685
29.05.2005 00:00:00;   705
30.05.2005 00:00:00;   707
31.05.2005 00:00:00;   702
01.06.2005 00:00:00;   687
02.06.2005 00:00:00;   675
03.06.2005 00:00:00;   671
04.06.2005 00:00:00;   680
05.06.2005 00:00:00;   663
06.06.2005 00:00:00;   667
07.06.2005 00:00:00;   660
08.06.2005 00:00:00;   652
09.06.2005 00:00:00;   638
10.06.2005 00:00:00;   632
11.06.2005 00:00:00;   618
12.06.2005 00:00:00;   609
13.06.2005 00:00:00;   624
14.06.2005 00:00:00;   638
15.06.2005 00:00:00;   637
16.06.2005 00:00:00;   635
17.06.2005 00:00:00;   636
18.06.2005 00:00:00;   626
19.06.2005 00:00:00;   623
20.06.2005 00:00:00;   644
21.06.2005 00:00:00;   654
22.06.2005 00:00:00;   648
23.06.2005 00:00:00;   647
24.06.2005 00:00:00;   649
25.06.2005 00:00:00;   634
26.06.2005 00:00:00;   624
27.06.2005 00:00:00;   637
28.06.2005 00:00:00;   643
29.06.2005 00:00:00;   641
30.06.2005 00:00:00;   643
01.07.2005 00:00:00;   640
02.07.2005 00:00:00;   617
03.07.2005 00:00:00;   606
04.07.2005 00:00:00;   625
05.07.2005 00:00:00;   630
06.07.2005 00:00:00;   618
07.07.2005 00:00:00;   619
08.07.2005 00:00:00;   616
09.07.2005 00:00:00;   596
10.07.2005 00:00:00;   584
11.07.2005 00:00:00;   615
12.07.2005 00:00:00;   621
13.07.2005 00:00:00;   618
14.07.2005 00:00:00;   601
15.07.2005 00:00:00;   599
16.07.2005 00:00:00;   589
17.07.2005 00:00:00;   581
18.07.2005 00:00:00;   606
19.07.2005 00:00:00;   633
20.07.2005 00:00:00;   607
21.07.2005 00:00:00;   597
22.07.2005 00:00:00;   598
23.07.2005 00:00:00;   581
24.07.2005 00:00:00;   575
25.07.2005 00:00:00;   587
26.07.2005 00:00:00;   590
27.07.2005 00:00:00;   590
28.07.2005 00:00:00;   591
29.07.2005 00:00:00;   587
30.07.2005 00:00:00;   577
31.07.2005 00:00:00;   577
01.08.2005 00:00:00;   572
02.08.2005 00:00:00;   617
03.08.2005 00:00:00;   624
04.08.2005 00:00:00;   601
05.08.2005 00:00:00;   591
06.08.2005 00:00:00;   579
07.08.2005 00:00:00;   581
08.08.2005 00:00:00;   591
09.08.2005 00:00:00;   585
10.08.2005 00:00:00;   585
11.08.2005 00:00:00;   584
12.08.2005 00:00:00;   587
13.08.2005 00:00:00;   572
14.08.2005 00:00:00;   568
15.08.2005 00:00:00;   588
16.08.2005 00:00:00;   593
17.08.2005 00:00:00;   589
18.08.2005 00:00:00;   588
19.08.2005 00:00:00;   600
20.08.2005 00:00:00;   620
21.08.2005 00:00:00;   617
22.08.2005 00:00:00;   684
23.08.2005 00:00:00;   841
24.08.2005 00:00:00;   730
25.08.2005 00:00:00;   686
26.08.2005 00:00:00;   670
27.08.2005 00:00:00;   650
28.08.2005 00:00:00;   635
29.08.2005 00:00:00;   636
30.08.2005 00:00:00;   633
31.08.2005 00:00:00;   628
01.09.2005 00:00:00;   626
02.09.2005 00:00:00;   624
03.09.2005 00:00:00;   609
04.09.2005 00:00:00;   600
05.09.2005 00:00:00;   611
06.09.2005 00:00:00;   606
07.09.2005 00:00:00;   602
08.09.2005 00:00:00;   603
09.09.2005 00:00:00;   599
10.09.2005 00:00:00;   595
11.09.2005 00:00:00;   591
12.09.2005 00:00:00;   605
13.09.2005 00:00:00;   599
14.09.2005 00:00:00;   595
15.09.2005 00:00:00;   591
16.09.2005 00:00:00;   597
17.09.2005 00:00:00;   589
18.09.2005 00:00:00;   582
19.09.2005 00:00:00;   593
20.09.2005 00:00:00;   591
21.09.2005 00:00:00;   590
22.09.2005 00:00:00;   587
23.09.2005 00:00:00;   578
24.09.2005 00:00:00;   572
25.09.2005 00:00:00;   567
26.09.2005 00:00:00;   577
27.09.2005 00:00:00;   575
28.09.2005 00:00:00;   577
29.09.2005 00:00:00;   578
30.09.2005 00:00:00;   574
01.10.2005 00:00:00;   566
02.10.2005 00:00:00;   579
03.10.2005 00:00:00;   583
04.10.2005 00:00:00;   596
05.10.2005 00:00:00;   593
06.10.2005 00:00:00;   588
07.10.2005 00:00:00;   583
08.10.2005 00:00:00;   573
09.10.2005 00:00:00;   567
10.10.2005 00:00:00;   574
11.10.2005 00:00:00;   579
12.10.2005 00:00:00;   581
13.10.2005 00:00:00;   579
14.10.2005 00:00:00;   571
15.10.2005 00:00:00;   562
16.10.2005 00:00:00;   557
17.10.2005 00:00:00;   568
18.10.2005 00:00:00;   570
19.10.2005 00:00:00;   573
20.10.2005 00:00:00;   569
21.10.2005 00:00:00;   566
22.10.2005 00:00:00;   557
23.10.2005 00:00:00;   555
24.10.2005 00:00:00;   566
25.10.2005 00:00:00;   563
26.10.2005 00:00:00;   554
27.10.2005 00:00:00;   569
28.10.2005 00:00:00;   565
29.10.2005 00:00:00;   550
30.10.2005 00:00:00;   550
31.10.2005 00:00:00;   552
01.11.2005 00:00:00;   552
02.11.2005 00:00:00;   561
03.11.2005 00:00:00;   555
04.11.2005 00:00:00;   564
05.11.2005 00:00:00;   559
06.11.2005 00:00:00;   548
07.11.2005 00:00:00;   551
08.11.2005 00:00:00;   568
09.11.2005 00:00:00;   562
10.11.2005 00:00:00;   567
11.11.2005 00:00:00;   561
12.11.2005 00:00:00;   559
13.11.2005 00:00:00;   544
14.11.2005 00:00:00;   562
15.11.2005 00:00:00;   577
16.11.2005 00:00:00;   581
17.11.2005 00:00:00;   586
18.11.2005 00:00:00;   584
19.11.2005 00:00:00;   568
20.11.2005 00:00:00;   544
21.11.2005 00:00:00;   563
22.11.2005 00:00:00;   571
23.11.2005 00:00:00;   573
24.11.2005 00:00:00;   580
25.11.2005 00:00:00;   561
26.11.2005 00:00:00;   543
27.11.2005 00:00:00;   539
28.11.2005 00:00:00;   552
29.11.2005 00:00:00;   564
30.11.2005 00:00:00;   565
01.12.2005 00:00:00;   567
02.12.2005 00:00:00;   562
03.12.2005 00:00:00;   547
04.12.2005 00:00:00;   534
05.12.2005 00:00:00;   545
06.12.2005 00:00:00;   561
07.12.2005 00:00:00;   561
08.12.2005 00:00:00;   554
09.12.2005 00:00:00;   557
10.12.2005 00:00:00;   550
11.12.2005 00:00:00;   532
12.12.2005 00:00:00;   543
13.12.2005 00:00:00;   570
14.12.2005 00:00:00;   571
15.12.2005 00:00:00;   563
16.12.2005 00:00:00;   555
17.12.2005 00:00:00;   545
18.12.2005 00:00:00;   532
19.12.2005 00:00:00;   548
20.12.2005 00:00:00;   564
21.12.2005 00:00:00;   567
22.12.2005 00:00:00;   550
23.12.2005 00:00:00;   545
24.12.2005 00:00:00;   534
25.12.2005 00:00:00;   532
26.12.2005 00:00:00;   527
27.12.2005 00:00:00;   532
28.12.2005 00:00:00;   542
29.12.2005 00:00:00;   546
30.12.2005 00:00:00;   541
31.12.2005 00:00:00;   536
01.01.2006 00:00:00;   529
02.01.2006 00:00:00;   529
03.01.2006 00:00:00;   535
04.01.2006 00:00:00;   541
05.01.2006 00:00:00;   545
06.01.2006 00:00:00;   538
07.01.2006 00:00:00;   531
08.01.2006 00:00:00;   523
09.01.2006 00:00:00;   540
10.01.2006 00:00:00;   575
11.01.2006 00:00:00;   571
12.01.2006 00:00:00;   568
13.01.2006 00:00:00;   554
14.01.2006 00:00:00;   534
15.01.2006 00:00:00;   525
16.01.2006 00:00:00;   536
17.01.2006 00:00:00;   545
18.01.2006 00:00:00;   547
19.01.2006 00:00:00;   552
20.01.2006 00:00:00;   553
21.01.2006 00:00:00;   539
22.01.2006 00:00:00;   527
23.01.2006 00:00:00;   537
24.01.2006 00:00:00;   560
25.01.2006 00:00:00;   566
26.01.2006 00:00:00;   567
27.01.2006 00:00:00;   574
28.01.2006 00:00:00;   553
29.01.2006 00:00:00;   533
30.01.2006 00:00:00;   542
31.01.2006 00:00:00;   547
01.02.2006 00:00:00;   555
02.02.2006 00:00:00;   564
03.02.2006 00:00:00;   570
04.02.2006 00:00:00;   549
05.02.2006 00:00:00;   527
06.02.2006 00:00:00;   540
07.02.2006 00:00:00;   546
08.02.2006 00:00:00;   549
09.02.2006 00:00:00;   552
10.02.2006 00:00:00;   556
11.02.2006 00:00:00;   539
12.02.2006 00:00:00;   523
13.02.2006 00:00:00;   538
14.02.2006 00:00:00;   556
15.02.2006 00:00:00;   551
16.02.2006 00:00:00;   558
17.02.2006 00:00:00;   551
18.02.2006 00:00:00;   539
19.02.2006 00:00:00;   530
20.02.2006 00:00:00;   539
21.02.2006 00:00:00;   555
22.02.2006 00:00:00;   569
23.02.2006 00:00:00;   582
24.02.2006 00:00:00;   569
25.02.2006 00:00:00;   544
26.02.2006 00:00:00;   530
27.02.2006 00:00:00;   539
28.02.2006 00:00:00;   564
01.03.2006 00:00:00;   574
02.03.2006 00:00:00;   571
03.03.2006 00:00:00;   558
04.03.2006 00:00:00;   548
05.03.2006 00:00:00;   529
06.03.2006 00:00:00;   542
07.03.2006 00:00:00;   552
08.03.2006 00:00:00;   551
09.03.2006 00:00:00;   552
10.03.2006 00:00:00;   547
11.03.2006 00:00:00;   543
12.03.2006 00:00:00;   532
13.03.2006 00:00:00;   546
14.03.2006 00:00:00;   569
15.03.2006 00:00:00;   557
16.03.2006 00:00:00;   554
17.03.2006 00:00:00;   560
18.03.2006 00:00:00;   543
19.03.2006 00:00:00;   534
20.03.2006 00:00:00;   540
21.03.2006 00:00:00;   549
22.03.2006 00:00:00;   551
23.03.2006 00:00:00;   565
24.03.2006 00:00:00;   555
25.03.2006 00:00:00;   544
26.03.2006 00:00:00;   548
27.03.2006 00:00:00;   572
28.03.2006 00:00:00;   604
29.03.2006 00:00:00;   591
30.03.2006 00:00:00;   581
31.03.2006 00:00:00;   586
01.04.2006 00:00:00;   581
02.04.2006 00:00:00;   575
03.04.2006 00:00:00;   590
04.04.2006 00:00:00;   584
05.04.2006 00:00:00;   583
06.04.2006 00:00:00;   586
07.04.2006 00:00:00;   571
08.04.2006 00:00:00;   565
09.04.2006 00:00:00;   558
10.04.2006 00:00:00;   586
11.04.2006 00:00:00;   594
12.04.2006 00:00:00;   576
13.04.2006 00:00:00;   574
14.04.2006 00:00:00;   574
15.04.2006 00:00:00;   571
16.04.2006 00:00:00;   577
17.04.2006 00:00:00;   581
18.04.2006 00:00:00;   592
19.04.2006 00:00:00;   588
20.04.2006 00:00:00;   591
21.04.2006 00:00:00;   605
22.04.2006 00:00:00;   594
23.04.2006 00:00:00;   601
24.04.2006 00:00:00;   621
25.04.2006 00:00:00;   626
26.04.2006 00:00:00;   629
27.04.2006 00:00:00;   632
28.04.2006 00:00:00;   644
29.04.2006 00:00:00;   625
30.04.2006 00:00:00;   604
01.05.2006 00:00:00;   596
02.05.2006 00:00:00;   604
03.05.2006 00:00:00;   609
04.05.2006 00:00:00;   620
05.05.2006 00:00:00;   637
06.05.2006 00:00:00;   624
07.05.2006 00:00:00;   618
08.05.2006 00:00:00;   627
09.05.2006 00:00:00;   631
10.05.2006 00:00:00;   630
11.05.2006 00:00:00;   624
12.05.2006 00:00:00;   624
13.05.2006 00:00:00;   617
14.05.2006 00:00:00;   629
15.05.2006 00:00:00;   644
16.05.2006 00:00:00;   637
17.05.2006 00:00:00;   663
18.05.2006 00:00:00;   677
19.05.2006 00:00:00;   709
20.05.2006 00:00:00;   696
21.05.2006 00:00:00;   670
22.05.2006 00:00:00;   672
23.05.2006 00:00:00;   686
24.05.2006 00:00:00;   676
25.05.2006 00:00:00;   646
26.05.2006 00:00:00;   650
27.05.2006 00:00:00;   649
28.05.2006 00:00:00;   662
29.05.2006 00:00:00;   707
30.05.2006 00:00:00;   704
31.05.2006 00:00:00;   685
01.06.2006 00:00:00;   664
02.06.2006 00:00:00;   654
03.06.2006 00:00:00;   633
04.06.2006 00:00:00;   622
05.06.2006 00:00:00;   626
06.06.2006 00:00:00;   636
07.06.2006 00:00:00;   629
08.06.2006 00:00:00;   625
09.06.2006 00:00:00;   629
10.06.2006 00:00:00;   622
11.06.2006 00:00:00;   622
12.06.2006 00:00:00;   649
13.06.2006 00:00:00;   667
14.06.2006 00:00:00;   679
15.06.2006 00:00:00;   676
16.06.2006 00:00:00;   679
17.06.2006 00:00:00;   669
18.06.2006 00:00:00;   660
19.06.2006 00:00:00;   679
20.06.2006 00:00:00;   681
21.06.2006 00:00:00;   681
22.06.2006 00:00:00;   679
23.06.2006 00:00:00;   663
24.06.2006 00:00:00;   648
25.06.2006 00:00:00;   656
26.06.2006 00:00:00;   665
27.06.2006 00:00:00;   664
28.06.2006 00:00:00;   657
29.06.2006 00:00:00;   656
30.06.2006 00:00:00;   645
01.07.2006 00:00:00;   628
02.07.2006 00:00:00;   621
03.07.2006 00:00:00;   634
04.07.2006 00:00:00;   633
05.07.2006 00:00:00;   631
06.07.2006 00:00:00;   628
07.07.2006 00:00:00;   629
08.07.2006 00:00:00;   617
09.07.2006 00:00:00;   606
10.07.2006 00:00:00;   620
11.07.2006 00:00:00;   626
12.07.2006 00:00:00;   627
13.07.2006 00:00:00;   613
14.07.2006 00:00:00;   603
15.07.2006 00:00:00;   596
16.07.2006 00:00:00;   589
17.07.2006 00:00:00;   610
18.07.2006 00:00:00;   613
19.07.2006 00:00:00;   610
20.07.2006 00:00:00;   605
21.07.2006 00:00:00;   610
22.07.2006 00:00:00;   591
23.07.2006 00:00:00;   582
24.07.2006 00:00:00;   599
25.07.2006 00:00:00;   602
26.07.2006 00:00:00;   606
27.07.2006 00:00:00;   602
28.07.2006 00:00:00;   612
29.07.2006 00:00:00;   595
30.07.2006 00:00:00;   581
31.07.2006 00:00:00;   587
01.08.2006 00:00:00;   585
02.08.2006 00:00:00;   586
03.08.2006 00:00:00;   600
04.08.2006 00:00:00;   621
05.08.2006 00:00:00;   602
06.08.2006 00:00:00;   596
07.08.2006 00:00:00;   612
08.08.2006 00:00:00;   613
09.08.2006 00:00:00;   606
10.08.2006 00:00:00;   596
11.08.2006 00:00:00;   593
12.08.2006 00:00:00;   589
13.08.2006 00:00:00;   582
14.08.2006 00:00:00;   580
15.08.2006 00:00:00;   577
16.08.2006 00:00:00;   576
17.08.2006 00:00:00;   601
18.08.2006 00:00:00;   658
19.08.2006 00:00:00;   643
20.08.2006 00:00:00;   612
21.08.2006 00:00:00;   619
22.08.2006 00:00:00;   605
23.08.2006 00:00:00;   597
24.08.2006 00:00:00;   594
25.08.2006 00:00:00;   600
26.08.2006 00:00:00;   589
27.08.2006 00:00:00;   578
28.08.2006 00:00:00;   606
29.08.2006 00:00:00;   632
30.08.2006 00:00:00;   628
31.08.2006 00:00:00;   619
01.09.2006 00:00:00;   615
02.09.2006 00:00:00;   602
03.09.2006 00:00:00;   590
04.09.2006 00:00:00;   596
05.09.2006 00:00:00;   594
06.09.2006 00:00:00;   593
07.09.2006 00:00:00;   589
08.09.2006 00:00:00;   603
09.09.2006 00:00:00;   581
10.09.2006 00:00:00;   572
11.09.2006 00:00:00;   585
12.09.2006 00:00:00;   587
13.09.2006 00:00:00;   583
14.09.2006 00:00:00;   578
15.09.2006 00:00:00;   579
16.09.2006 00:00:00;   582
17.09.2006 00:00:00;   641
18.09.2006 00:00:00;   642
19.09.2006 00:00:00;   626
20.09.2006 00:00:00;   598
21.09.2006 00:00:00;   587
22.09.2006 00:00:00;   582
23.09.2006 00:00:00;   574
24.09.2006 00:00:00;   573
25.09.2006 00:00:00;   580
26.09.2006 00:00:00;   593
27.09.2006 00:00:00;   580
28.09.2006 00:00:00;   572
29.09.2006 00:00:00;   576
30.09.2006 00:00:00;   563
01.10.2006 00:00:00;   560
02.10.2006 00:00:00;   564
03.10.2006 00:00:00;   567
04.10.2006 00:00:00;   682
05.10.2006 00:00:00;   629
06.10.2006 00:00:00;   608
07.10.2006 00:00:00;   583
08.10.2006 00:00:00;   576
09.10.2006 00:00:00;   585
10.10.2006 00:00:00;   587
11.10.2006 00:00:00;   580
12.10.2006 00:00:00;   578
13.10.2006 00:00:00;   581
14.10.2006 00:00:00;   570
15.10.2006 00:00:00;   557
16.10.2006 00:00:00;   571
17.10.2006 00:00:00;   572
18.10.2006 00:00:00;   566
19.10.2006 00:00:00;   569
20.10.2006 00:00:00;   561
21.10.2006 00:00:00;   555
22.10.2006 00:00:00;   549
23.10.2006 00:00:00;   553
24.10.2006 00:00:00;   577
25.10.2006 00:00:00;   584
26.10.2006 00:00:00;   565
27.10.2006 00:00:00;   564
28.10.2006 00:00:00;   554
29.10.2006 00:00:00;   551
30.10.2006 00:00:00;   567
31.10.2006 00:00:00;   573
01.11.2006 00:00:00;   561
02.11.2006 00:00:00;   569
03.11.2006 00:00:00;   578
04.11.2006 00:00:00;   561
05.11.2006 00:00:00;   545
06.11.2006 00:00:00;   560
07.11.2006 00:00:00;   567
08.11.2006 00:00:00;   561
09.11.2006 00:00:00;   557
10.11.2006 00:00:00;   569
11.11.2006 00:00:00;   554
12.11.2006 00:00:00;   547
13.11.2006 00:00:00;   555
14.11.2006 00:00:00;   567
15.11.2006 00:00:00;   566
16.11.2006 00:00:00;   565
17.11.2006 00:00:00;   556
18.11.2006 00:00:00;   547
19.11.2006 00:00:00;   541
20.11.2006 00:00:00;   545
21.11.2006 00:00:00;   565
22.11.2006 00:00:00;   571
23.11.2006 00:00:00;   565
24.11.2006 00:00:00;   556
25.11.2006 00:00:00;   551
26.11.2006 00:00:00;   544
27.11.2006 00:00:00;   555
28.11.2006 00:00:00;   563
29.11.2006 00:00:00;   562
30.11.2006 00:00:00;   570
01.12.2006 00:00:00;   562
02.12.2006 00:00:00;   552
03.12.2006 00:00:00;   545
04.12.2006 00:00:00;   550
05.12.2006 00:00:00;   562
06.12.2006 00:00:00;   561
07.12.2006 00:00:00;   563
08.12.2006 00:00:00;   550
09.12.2006 00:00:00;   566
10.12.2006 00:00:00;   547
11.12.2006 00:00:00;   549
12.12.2006 00:00:00;   561
13.12.2006 00:00:00;   558
14.12.2006 00:00:00;   559
15.12.2006 00:00:00;   566
16.12.2006 00:00:00;   554
17.12.2006 00:00:00;   544
18.12.2006 00:00:00;   564
19.12.2006 00:00:00;   580
20.12.2006 00:00:00;   573
21.12.2006 00:00:00;   567
22.12.2006 00:00:00;   564
23.12.2006 00:00:00;   545
24.12.2006 00:00:00;   538
25.12.2006 00:00:00;   531
26.12.2006 00:00:00;   537
27.12.2006 00:00:00;   535
28.12.2006 00:00:00;   549
29.12.2006 00:00:00;   544
30.12.2006 00:00:00;   540
31.12.2006 00:00:00;   533
01.01.2007 00:00:00;   532
02.01.2007 00:00:00;   537
03.01.2007 00:00:00;   544
04.01.2007 00:00:00;   545
05.01.2007 00:00:00;   544
06.01.2007 00:00:00;   532
07.01.2007 00:00:00;   534
08.01.2007 00:00:00;   536
09.01.2007 00:00:00;   550
10.01.2007 00:00:00;   550
11.01.2007 00:00:00;   552
12.01.2007 00:00:00;   557
13.01.2007 00:00:00;   544
14.01.2007 00:00:00;   536
15.01.2007 00:00:00;   548
16.01.2007 00:00:00;   553
17.01.2007 00:00:00;   554
18.01.2007 00:00:00;   553
19.01.2007 00:00:00;   584
20.01.2007 00:00:00;   586
21.01.2007 00:00:00;   558
22.01.2007 00:00:00;   567
23.01.2007 00:00:00;   572
24.01.2007 00:00:00;   582
25.01.2007 00:00:00;   577
26.01.2007 00:00:00;   572
27.01.2007 00:00:00;   556
28.01.2007 00:00:00;   546
29.01.2007 00:00:00;   555
30.01.2007 00:00:00;   569
31.01.2007 00:00:00;   569
01.02.2007 00:00:00;   579
02.02.2007 00:00:00;   575
03.02.2007 00:00:00;   561
04.02.2007 00:00:00;   547
05.02.2007 00:00:00;   564
06.02.2007 00:00:00;   580
07.02.2007 00:00:00;   590
08.02.2007 00:00:00;   581
09.02.2007 00:00:00;   572
10.02.2007 00:00:00;   551
11.02.2007 00:00:00;   535
12.02.2007 00:00:00;   550
13.02.2007 00:00:00;   566
14.02.2007 00:00:00;   570
15.02.2007 00:00:00;   566
16.02.2007 00:00:00;   554
17.02.2007 00:00:00;   539
18.02.2007 00:00:00;   532
19.02.2007 00:00:00;   550
20.02.2007 00:00:00;   568
21.02.2007 00:00:00;   571
22.02.2007 00:00:00;   569
23.02.2007 00:00:00;   569
24.02.2007 00:00:00;   551
25.02.2007 00:00:00;   537
26.02.2007 00:00:00;   560
27.02.2007 00:00:00;   577
28.02.2007 00:00:00;   580
01.03.2007 00:00:00;   560
02.03.2007 00:00:00;   579
03.03.2007 00:00:00;   571
04.03.2007 00:00:00;   561
05.03.2007 00:00:00;   568
06.03.2007 00:00:00;   574
07.03.2007 00:00:00;   589
08.03.2007 00:00:00;   593
09.03.2007 00:00:00;   578
10.03.2007 00:00:00;   556
11.03.2007 00:00:00;   545
12.03.2007 00:00:00;   560
13.03.2007 00:00:00;   560
14.03.2007 00:00:00;   559
15.03.2007 00:00:00;   566
16.03.2007 00:00:00;   562
17.03.2007 00:00:00;   554
18.03.2007 00:00:00;   545
19.03.2007 00:00:00;   570
20.03.2007 00:00:00;   584
21.03.2007 00:00:00;   590
22.03.2007 00:00:00;   576
23.03.2007 00:00:00;   574
24.03.2007 00:00:00;   562
25.03.2007 00:00:00;   547
26.03.2007 00:00:00;   552
27.03.2007 00:00:00;   558
28.03.2007 00:00:00;   556
29.03.2007 00:00:00;   556
30.03.2007 00:00:00;   555
31.03.2007 00:00:00;   549
01.04.2007 00:00:00;   545
02.04.2007 00:00:00;   550
03.04.2007 00:00:00;   563
04.04.2007 00:00:00;   572
05.04.2007 00:00:00;   569
06.04.2007 00:00:00;   553
07.04.2007 00:00:00;   555
08.04.2007 00:00:00;   552
09.04.2007 00:00:00;   554
10.04.2007 00:00:00;   569
11.04.2007 00:00:00;   576
12.04.2007 00:00:00;   589
13.04.2007 00:00:00;   596
14.04.2007 00:00:00;   593
15.04.2007 00:00:00;   591
16.04.2007 00:00:00;   610
17.04.2007 00:00:00;   613
18.04.2007 00:00:00;   610
19.04.2007 00:00:00;   601
20.04.2007 00:00:00;   606
21.04.2007 00:00:00;   598
22.04.2007 00:00:00;   591
23.04.2007 00:00:00;   612
24.04.2007 00:00:00;   616
25.04.2007 00:00:00;   615
26.04.2007 00:00:00;   619
27.04.2007 00:00:00;   627
28.04.2007 00:00:00;   614
29.04.2007 00:00:00;   602
30.04.2007 00:00:00;   618
01.05.2007 00:00:00;   605
02.05.2007 00:00:00;   608
03.05.2007 00:00:00;   608
04.05.2007 00:00:00;   600
05.05.2007 00:00:00;   587
06.05.2007 00:00:00;   576
07.05.2007 00:00:00;   580
08.05.2007 00:00:00;   581
09.05.2007 00:00:00;   586
10.05.2007 00:00:00;   587
11.05.2007 00:00:00;   588
12.05.2007 00:00:00;   589
13.05.2007 00:00:00;   587
14.05.2007 00:00:00;   613
15.05.2007 00:00:00;   636
16.05.2007 00:00:00;   623
17.05.2007 00:00:00;   614
18.05.2007 00:00:00;   619
19.05.2007 00:00:00;   600
20.05.2007 00:00:00;   588
21.05.2007 00:00:00;   615
22.05.2007 00:00:00;   632
23.05.2007 00:00:00;   635
24.05.2007 00:00:00;   639
25.05.2007 00:00:00;   649
26.05.2007 00:00:00;   649
27.05.2007 00:00:00;   639
28.05.2007 00:00:00;   636
29.05.2007 00:00:00;   641
30.05.2007 00:00:00;   625
31.05.2007 00:00:00;   622
01.06.2007 00:00:00;   628
02.06.2007 00:00:00;   619
03.06.2007 00:00:00;   607
04.06.2007 00:00:00;   622
05.06.2007 00:00:00;   628
06.06.2007 00:00:00;   635
07.06.2007 00:00:00;   636
08.06.2007 00:00:00;   643
09.06.2007 00:00:00;   632
10.06.2007 00:00:00;   624
11.06.2007 00:00:00;   647
12.06.2007 00:00:00;   653
13.06.2007 00:00:00;   651
14.06.2007 00:00:00;   650
15.06.2007 00:00:00;   673
16.06.2007 00:00:00;   716
17.06.2007 00:00:00;   652
18.06.2007 00:00:00;   656
19.06.2007 00:00:00;   662
20.06.2007 00:00:00;   667
21.06.2007 00:00:00;   681
22.06.2007 00:00:00;   684
23.06.2007 00:00:00;   678
24.06.2007 00:00:00;   651
25.06.2007 00:00:00;   672
26.06.2007 00:00:00;   715
27.06.2007 00:00:00;   689
28.06.2007 00:00:00;   685
29.06.2007 00:00:00;   680
30.06.2007 00:00:00;   664
01.07.2007 00:00:00;   655
02.07.2007 00:00:00;   700
03.07.2007 00:00:00;   698
04.07.2007 00:00:00;   701
05.07.2007 00:00:00;   690
06.07.2007 00:00:00;   678
07.07.2007 00:00:00;   665
08.07.2007 00:00:00;   652
09.07.2007 00:00:00;   682
10.07.2007 00:00:00;   710
11.07.2007 00:00:00;   699
12.07.2007 00:00:00;   680
13.07.2007 00:00:00;   670
14.07.2007 00:00:00;   652
15.07.2007 00:00:00;   635
16.07.2007 00:00:00;   651
17.07.2007 00:00:00;   653
18.07.2007 00:00:00;   653
19.07.2007 00:00:00;   650
20.07.2007 00:00:00;   642
21.07.2007 00:00:00;   623
22.07.2007 00:00:00;   624
23.07.2007 00:00:00;   631
24.07.2007 00:00:00;   650
25.07.2007 00:00:00;   637
26.07.2007 00:00:00;   629
27.07.2007 00:00:00;   630
28.07.2007 00:00:00;   616
29.07.2007 00:00:00;   606
30.07.2007 00:00:00;   621
31.07.2007 00:00:00;   620
01.08.2007 00:00:00;   607
02.08.2007 00:00:00;   620
03.08.2007 00:00:00;   633
04.08.2007 00:00:00;   610
05.08.2007 00:00:00;   600
06.08.2007 00:00:00;   614
07.08.2007 00:00:00;   619
08.08.2007 00:00:00;   645
09.08.2007 00:00:00;   694
10.08.2007 00:00:00;   653
11.08.2007 00:00:00;   631
12.08.2007 00:00:00;   616
13.08.2007 00:00:00;   631
14.08.2007 00:00:00;   632
15.08.2007 00:00:00;   630
16.08.2007 00:00:00;   634
17.08.2007 00:00:00;   672
18.08.2007 00:00:00;   643
19.08.2007 00:00:00;   630
20.08.2007 00:00:00;   650
21.08.2007 00:00:00;   650
22.08.2007 00:00:00;   645
23.08.2007 00:00:00;   646
24.08.2007 00:00:00;   643
25.08.2007 00:00:00;   632
26.08.2007 00:00:00;   616
27.08.2007 00:00:00;   633
28.08.2007 00:00:00;   639
29.08.2007 00:00:00;   652
30.08.2007 00:00:00;   680
31.08.2007 00:00:00;   659
01.09.2007 00:00:00;   645
02.09.2007 00:00:00;   624
03.09.2007 00:00:00;   635
04.09.2007 00:00:00;   650
05.09.2007 00:00:00;   647
06.09.2007 00:00:00;   644
07.09.2007 00:00:00;   642
08.09.2007 00:00:00;   627
09.09.2007 00:00:00;   620
10.09.2007 00:00:00;   635
11.09.2007 00:00:00;   635
12.09.2007 00:00:00;   636
13.09.2007 00:00:00;   626
14.09.2007 00:00:00;   623
15.09.2007 00:00:00;   607
16.09.2007 00:00:00;   602
17.09.2007 00:00:00;   614
18.09.2007 00:00:00;   649
19.09.2007 00:00:00;   639
20.09.2007 00:00:00;   629
21.09.2007 00:00:00;   619
22.09.2007 00:00:00;   606
23.09.2007 00:00:00;   600
24.09.2007 00:00:00;   608
25.09.2007 00:00:00;   615
26.09.2007 00:00:00;   628
27.09.2007 00:00:00;   625
28.09.2007 00:00:00;   619
29.09.2007 00:00:00;   608
30.09.2007 00:00:00;   603
01.10.2007 00:00:00;   617
02.10.2007 00:00:00;   624
03.10.2007 00:00:00;   608
04.10.2007 00:00:00;   622
05.10.2007 00:00:00;   628
06.10.2007 00:00:00;   608
07.10.2007 00:00:00;   599
08.10.2007 00:00:00;   613
09.10.2007 00:00:00;   623
10.10.2007 00:00:00;   623
11.10.2007 00:00:00;   620
12.10.2007 00:00:00;   606
13.10.2007 00:00:00;   599
14.10.2007 00:00:00;   592
15.10.2007 00:00:00;   599
16.10.2007 00:00:00;   599
17.10.2007 00:00:00;   603
18.10.2007 00:00:00;   605
19.10.2007 00:00:00;   606
20.10.2007 00:00:00;   590
21.10.2007 00:00:00;   579
22.10.2007 00:00:00;   596
23.10.2007 00:00:00;   610
24.10.2007 00:00:00;   606
25.10.2007 00:00:00;   603
26.10.2007 00:00:00;   598
27.10.2007 00:00:00;   582
28.10.2007 00:00:00;   573
29.10.2007 00:00:00;   582
30.10.2007 00:00:00;   596
31.10.2007 00:00:00;   594
01.11.2007 00:00:00;   577
02.11.2007 00:00:00;   571
03.11.2007 00:00:00;   565
04.11.2007 00:00:00;   566
05.11.2007 00:00:00;   574
06.11.2007 00:00:00;   584
07.11.2007 00:00:00;   592
08.11.2007 00:00:00;   580
09.11.2007 00:00:00;   584
10.11.2007 00:00:00;   577
11.11.2007 00:00:00;   568
12.11.2007 00:00:00;   580
13.11.2007 00:00:00;   583
14.11.2007 00:00:00;   598
15.11.2007 00:00:00;   594
16.11.2007 00:00:00;   589
17.11.2007 00:00:00;   573
18.11.2007 00:00:00;   559
19.11.2007 00:00:00;   572
20.11.2007 00:00:00;   595
21.11.2007 00:00:00;   589
22.11.2007 00:00:00;   595
23.11.2007 00:00:00;   600
24.11.2007 00:00:00;   597
25.11.2007 00:00:00;   579
26.11.2007 00:00:00;   583
27.11.2007 00:00:00;   588
28.11.2007 00:00:00;   584
29.11.2007 00:00:00;   581
30.11.2007 00:00:00;   581
01.12.2007 00:00:00;   571
02.12.2007 00:00:00;   562
03.12.2007 00:00:00;   576
04.12.2007 00:00:00;   584
05.12.2007 00:00:00;   579
06.12.2007 00:00:00;   574
07.12.2007 00:00:00;   581
08.12.2007 00:00:00;   580
09.12.2007 00:00:00;   567
10.12.2007 00:00:00;   578
11.12.2007 00:00:00;   594
12.12.2007 00:00:00;   595
13.12.2007 00:00:00;   592
14.12.2007 00:00:00;   590
15.12.2007 00:00:00;   567
16.12.2007 00:00:00;   555
17.12.2007 00:00:00;   576
18.12.2007 00:00:00;   595
19.12.2007 00:00:00;   601
20.12.2007 00:00:00;   594
21.12.2007 00:00:00;   584
22.12.2007 00:00:00;   567
23.12.2007 00:00:00;   562
24.12.2007 00:00:00;   558
25.12.2007 00:00:00;   559
26.12.2007 00:00:00;   554
27.12.2007 00:00:00;   555
28.12.2007 00:00:00;   560
29.12.2007 00:00:00;   562
30.12.2007 00:00:00;   553
31.12.2007 00:00:00;   551
01.01.2008 00:00:00;   557
02.01.2008 00:00:00;   556
03.01.2008 00:00:00;   566
04.01.2008 00:00:00;   568
05.01.2008 00:00:00;   564
06.01.2008 00:00:00;   557
07.01.2008 00:00:00;   562
08.01.2008 00:00:00;   566
09.01.2008 00:00:00;   578
10.01.2008 00:00:00;   577
11.01.2008 00:00:00;   572
12.01.2008 00:00:00;   568
13.01.2008 00:00:00;   557
14.01.2008 00:00:00;   574
15.01.2008 00:00:00;   576
16.01.2008 00:00:00;   573
17.01.2008 00:00:00;   576
18.01.2008 00:00:00;   573
19.01.2008 00:00:00;   559
20.01.2008 00:00:00;   551
21.01.2008 00:00:00;   566
22.01.2008 00:00:00;   580
23.01.2008 00:00:00;   578
24.01.2008 00:00:00;   572
25.01.2008 00:00:00;   581
26.01.2008 00:00:00;   568
27.01.2008 00:00:00;   558
28.01.2008 00:00:00;   568
29.01.2008 00:00:00;   576
30.01.2008 00:00:00;   579
31.01.2008 00:00:00;   582
01.02.2008 00:00:00;   579
02.02.2008 00:00:00;   559
03.02.2008 00:00:00;   551
04.02.2008 00:00:00;   561
05.02.2008 00:00:00;   577
06.02.2008 00:00:00;   573
07.02.2008 00:00:00;   576
08.02.2008 00:00:00;   573
09.02.2008 00:00:00;   558
10.02.2008 00:00:00;   547
11.02.2008 00:00:00;   567
12.02.2008 00:00:00;   582
13.02.2008 00:00:00;   587
14.02.2008 00:00:00;   584
15.02.2008 00:00:00;   593
16.02.2008 00:00:00;   566
17.02.2008 00:00:00;   555
18.02.2008 00:00:00;   578
19.02.2008 00:00:00;   585
20.02.2008 00:00:00;   584
21.02.2008 00:00:00;   590
22.02.2008 00:00:00;   582
23.02.2008 00:00:00;   559
24.02.2008 00:00:00;   550
25.02.2008 00:00:00;   567
26.02.2008 00:00:00;   575
27.02.2008 00:00:00;   570
28.02.2008 00:00:00;   576
29.02.2008 00:00:00;   581
01.03.2008 00:00:00;   566
02.03.2008 00:00:00;   573
03.03.2008 00:00:00;   576
04.03.2008 00:00:00;   579
05.03.2008 00:00:00;   591
06.03.2008 00:00:00;   591
07.03.2008 00:00:00;   578
08.03.2008 00:00:00;   570
09.03.2008 00:00:00;   561
10.03.2008 00:00:00;   563
11.03.2008 00:00:00;   575
12.03.2008 00:00:00;   579
13.03.2008 00:00:00;   585
14.03.2008 00:00:00;   572
15.03.2008 00:00:00;   561
16.03.2008 00:00:00;   563
17.03.2008 00:00:00;   569
18.03.2008 00:00:00;   574
19.03.2008 00:00:00;   572
20.03.2008 00:00:00;   577
21.03.2008 00:00:00;   569
22.03.2008 00:00:00;   565
23.03.2008 00:00:00;   566
24.03.2008 00:00:00;   558
25.03.2008 00:00:00;   578
26.03.2008 00:00:00;   600
27.03.2008 00:00:00;   582
28.03.2008 00:00:00;   580
29.03.2008 00:00:00;   564
30.03.2008 00:00:00;   557
31.03.2008 00:00:00;   577
01.04.2008 00:00:00;   582
02.04.2008 00:00:00;   579
03.04.2008 00:00:00;   578
04.04.2008 00:00:00;   576
05.04.2008 00:00:00;   565
06.04.2008 00:00:00;   568
07.04.2008 00:00:00;   591
08.04.2008 00:00:00;   592
09.04.2008 00:00:00;   594
10.04.2008 00:00:00;   583
11.04.2008 00:00:00;   589
12.04.2008 00:00:00;   594
13.04.2008 00:00:00;   579
14.04.2008 00:00:00;   589
15.04.2008 00:00:00;   599
16.04.2008 00:00:00;   594
17.04.2008 00:00:00;   594
18.04.2008 00:00:00;   587
19.04.2008 00:00:00;   580
20.04.2008 00:00:00;   578
21.04.2008 00:00:00;   599
22.04.2008 00:00:00;   624
23.04.2008 00:00:00;   621
24.04.2008 00:00:00;   611
25.04.2008 00:00:00;   609
26.04.2008 00:00:00;   606
27.04.2008 00:00:00;   602
28.04.2008 00:00:00;   615
29.04.2008 00:00:00;   634
30.04.2008 00:00:00;   624
01.05.2008 00:00:00;   623
02.05.2008 00:00:00;   614
03.05.2008 00:00:00;   616
04.05.2008 00:00:00;   630
05.05.2008 00:00:00;   658
06.05.2008 00:00:00;   657
07.05.2008 00:00:00;   655
08.05.2008 00:00:00;   660
09.05.2008 00:00:00;   662
10.05.2008 00:00:00;   669
11.05.2008 00:00:00;   676
12.05.2008 00:00:00;   666
13.05.2008 00:00:00;   671
14.05.2008 00:00:00;   670
15.05.2008 00:00:00;   681
16.05.2008 00:00:00;   676
17.05.2008 00:00:00;   676
18.05.2008 00:00:00;   700
19.05.2008 00:00:00;   692
20.05.2008 00:00:00;   685
21.05.2008 00:00:00;   675
22.05.2008 00:00:00;   669
23.05.2008 00:00:00;   677
24.05.2008 00:00:00;   676
25.05.2008 00:00:00;   671
26.05.2008 00:00:00;   690
27.05.2008 00:00:00;   710
28.05.2008 00:00:00;   763
29.05.2008 00:00:00;   785
30.05.2008 00:00:00;   774
31.05.2008 00:00:00;   741
01.06.2008 00:00:00;   722
02.06.2008 00:00:00;   724
03.06.2008 00:00:00;   725
04.06.2008 00:00:00;   729
05.06.2008 00:00:00;   726
06.06.2008 00:00:00;   720
07.06.2008 00:00:00;   745
08.06.2008 00:00:00;   725
09.06.2008 00:00:00;   726
10.06.2008 00:00:00;   722
11.06.2008 00:00:00;   727
12.06.2008 00:00:00;   720
13.06.2008 00:00:00;   717
14.06.2008 00:00:00;   694
15.06.2008 00:00:00;   679
16.06.2008 00:00:00;   683
17.06.2008 00:00:00;   682
18.06.2008 00:00:00;   686
19.06.2008 00:00:00;   688
20.06.2008 00:00:00;   696
21.06.2008 00:00:00;   694
22.06.2008 00:00:00;   693
23.06.2008 00:00:00;   711
24.06.2008 00:00:00;   713
25.06.2008 00:00:00;   713
26.06.2008 00:00:00;   709
27.06.2008 00:00:00;   706
28.06.2008 00:00:00;   683
29.06.2008 00:00:00;   675
30.06.2008 00:00:00;   701
01.07.2008 00:00:00;   693
02.07.2008 00:00:00;   686
03.07.2008 00:00:00;   682
04.07.2008 00:00:00;   676
05.07.2008 00:00:00;   661
06.07.2008 00:00:00;   660
07.07.2008 00:00:00;   694
08.07.2008 00:00:00;   704
09.07.2008 00:00:00;   675
10.07.2008 00:00:00;   666
11.07.2008 00:00:00;   666
12.07.2008 00:00:00;   668
13.07.2008 00:00:00;   761
14.07.2008 00:00:00;   801
15.07.2008 00:00:00;   736
16.07.2008 00:00:00;   707
17.07.2008 00:00:00;   694
18.07.2008 00:00:00;   686
19.07.2008 00:00:00;   665
20.07.2008 00:00:00;   654
21.07.2008 00:00:00;   675
22.07.2008 00:00:00;   659
23.07.2008 00:00:00;   653
24.07.2008 00:00:00;   645
25.07.2008 00:00:00;   640
26.07.2008 00:00:00;   626
27.07.2008 00:00:00;   615
28.07.2008 00:00:00;   626
29.07.2008 00:00:00;   633
30.07.2008 00:00:00;   629
31.07.2008 00:00:00;   631
01.08.2008 00:00:00;   623
02.08.2008 00:00:00;   637
03.08.2008 00:00:00;   614
04.08.2008 00:00:00;   624
05.08.2008 00:00:00;   622
06.08.2008 00:00:00;   621
07.08.2008 00:00:00;   621
08.08.2008 00:00:00;   622
09.08.2008 00:00:00;   614
10.08.2008 00:00:00;   598
11.08.2008 00:00:00;   615
12.08.2008 00:00:00;   621
13.08.2008 00:00:00;   648
14.08.2008 00:00:00;   632
15.08.2008 00:00:00;   675
16.08.2008 00:00:00;   703
17.08.2008 00:00:00;   661
18.08.2008 00:00:00;   658
19.08.2008 00:00:00;   651
20.08.2008 00:00:00;   649
21.08.2008 00:00:00;   645
22.08.2008 00:00:00;   638
23.08.2008 00:00:00;   631
24.08.2008 00:00:00;   615
25.08.2008 00:00:00;   625
26.08.2008 00:00:00;   628
27.08.2008 00:00:00;   623
28.08.2008 00:00:00;   625
29.08.2008 00:00:00;   620
30.08.2008 00:00:00;   601
31.08.2008 00:00:00;   591
01.09.2008 00:00:00;   612
02.09.2008 00:00:00;   616
03.09.2008 00:00:00;   620
04.09.2008 00:00:00;   625
05.09.2008 00:00:00;   675
06.09.2008 00:00:00;   666
07.09.2008 00:00:00;   797
08.09.2008 00:00:00;   734
09.09.2008 00:00:00;   689
10.09.2008 00:00:00;   682
11.09.2008 00:00:00;   680
12.09.2008 00:00:00;   677
13.09.2008 00:00:00;   681
14.09.2008 00:00:00;   732
15.09.2008 00:00:00;   705
16.09.2008 00:00:00;   688
17.09.2008 00:00:00;   674
18.09.2008 00:00:00;   666
19.09.2008 00:00:00;   658
20.09.2008 00:00:00;   633
21.09.2008 00:00:00;   619
22.09.2008 00:00:00;   636
23.09.2008 00:00:00;   640
24.09.2008 00:00:00;   641
25.09.2008 00:00:00;   630
26.09.2008 00:00:00;   622
27.09.2008 00:00:00;   601
28.09.2008 00:00:00;   592
29.09.2008 00:00:00;   614
30.09.2008 00:00:00;   614
01.10.2008 00:00:00;   614
02.10.2008 00:00:00;   613
03.10.2008 00:00:00;   613
04.10.2008 00:00:00;   594
05.10.2008 00:00:00;   581
06.10.2008 00:00:00;   604
07.10.2008 00:00:00;   609
08.10.2008 00:00:00;   606
09.10.2008 00:00:00;   605
10.10.2008 00:00:00;   596
11.10.2008 00:00:00;   581
12.10.2008 00:00:00;   574
13.10.2008 00:00:00;   586
14.10.2008 00:00:00;   591
15.10.2008 00:00:00;   587
16.10.2008 00:00:00;   589
17.10.2008 00:00:00;   584
18.10.2008 00:00:00;   573
19.10.2008 00:00:00;   567
20.10.2008 00:00:00;   575
21.10.2008 00:00:00;   575
22.10.2008 00:00:00;   585
23.10.2008 00:00:00;   582
24.10.2008 00:00:00;   575
25.10.2008 00:00:00;   567
26.10.2008 00:00:00;   564
27.10.2008 00:00:00;   570
28.10.2008 00:00:00;   577
29.10.2008 00:00:00;   591
30.10.2008 00:00:00;   615
31.10.2008 00:00:00;   597
01.11.2008 00:00:00;   591
02.11.2008 00:00:00;   595
03.11.2008 00:00:00;   606
04.11.2008 00:00:00;   633
05.11.2008 00:00:00;   632
06.11.2008 00:00:00;   630
07.11.2008 00:00:00;   617
08.11.2008 00:00:00;   591
09.11.2008 00:00:00;   583
10.11.2008 00:00:00;   591
11.11.2008 00:00:00;   591
12.11.2008 00:00:00;   594
13.11.2008 00:00:00;   597
14.11.2008 00:00:00;   592
15.11.2008 00:00:00;   578
16.11.2008 00:00:00;   572
17.11.2008 00:00:00;   580
18.11.2008 00:00:00;   591
19.11.2008 00:00:00;   581
20.11.2008 00:00:00;   580
21.11.2008 00:00:00;   584
22.11.2008 00:00:00;   579
23.11.2008 00:00:00;   570
24.11.2008 00:00:00;   581
25.11.2008 00:00:00;   592
26.11.2008 00:00:00;   590
27.11.2008 00:00:00;   582
28.11.2008 00:00:00;   585
29.11.2008 00:00:00;   577
30.11.2008 00:00:00;   567
01.12.2008 00:00:00;   581
02.12.2008 00:00:00;   589
03.12.2008 00:00:00;   587
04.12.2008 00:00:00;   583
05.12.2008 00:00:00;   575
06.12.2008 00:00:00;   570
07.12.2008 00:00:00;   567
08.12.2008 00:00:00;   564
09.12.2008 00:00:00;   588
10.12.2008 00:00:00;   599
11.12.2008 00:00:00;   601
12.12.2008 00:00:00;   602
13.12.2008 00:00:00;   581
14.12.2008 00:00:00;   580
15.12.2008 00:00:00;   586
16.12.2008 00:00:00;   586
17.12.2008 00:00:00;   584
18.12.2008 00:00:00;   577
19.12.2008 00:00:00;   572
20.12.2008 00:00:00;   568
21.12.2008 00:00:00;   574
22.12.2008 00:00:00;   569
23.12.2008 00:00:00;   570
24.12.2008 00:00:00;   568
25.12.2008 00:00:00;   565
26.12.2008 00:00:00;   563
27.12.2008 00:00:00;   561
28.12.2008 00:00:00;   562
29.12.2008 00:00:00;   564
30.12.2008 00:00:00;   566
31.12.2008 00:00:00;   564
01.01.2009 00:00:00;   560
02.01.2009 00:00:00;   562
03.01.2009 00:00:00;   563
04.01.2009 00:00:00;   568
05.01.2009 00:00:00;   574
06.01.2009 00:00:00;   575
07.01.2009 00:00:00;   586
08.01.2009 00:00:00;   582
09.01.2009 00:00:00;   581
10.01.2009 00:00:00;   577
11.01.2009 00:00:00;   569
12.01.2009 00:00:00;   572
13.01.2009 00:00:00;   581
14.01.2009 00:00:00;   585
15.01.2009 00:00:00;   592
16.01.2009 00:00:00;   579
17.01.2009 00:00:00;   563
18.01.2009 00:00:00;   560
19.01.2009 00:00:00;   569
20.01.2009 00:00:00;   573
21.01.2009 00:00:00;   571
22.01.2009 00:00:00;   573
23.01.2009 00:00:00;   572
24.01.2009 00:00:00;   565
25.01.2009 00:00:00;   559
26.01.2009 00:00:00;   571
27.01.2009 00:00:00;   574
28.01.2009 00:00:00;   574
29.01.2009 00:00:00;   587
30.01.2009 00:00:00;   582
31.01.2009 00:00:00;   569
01.02.2009 00:00:00;   568
02.02.2009 00:00:00;   578
03.02.2009 00:00:00;   577
04.02.2009 00:00:00;   577
05.02.2009 00:00:00;   575
06.02.2009 00:00:00;   573
07.02.2009 00:00:00;   571
08.02.2009 00:00:00;   567
09.02.2009 00:00:00;   566
10.02.2009 00:00:00;   571
11.02.2009 00:00:00;   573
12.02.2009 00:00:00;   577
13.02.2009 00:00:00;   586
14.02.2009 00:00:00;   569
15.02.2009 00:00:00;   567
16.02.2009 00:00:00;   579
17.02.2009 00:00:00;   585
18.02.2009 00:00:00;   583
19.02.2009 00:00:00;   584
20.02.2009 00:00:00;   583
21.02.2009 00:00:00;   571
22.02.2009 00:00:00;   569
23.02.2009 00:00:00;   576
24.02.2009 00:00:00;   584
25.02.2009 00:00:00;   587
26.02.2009 00:00:00;   589
27.02.2009 00:00:00;   582
28.02.2009 00:00:00;   570
01.03.2009 00:00:00;   564
02.03.2009 00:00:00;   572
03.03.2009 00:00:00;   578
04.03.2009 00:00:00;   582
05.03.2009 00:00:00;   592
06.03.2009 00:00:00;   587
07.03.2009 00:00:00;   576
08.03.2009 00:00:00;   572
09.03.2009 00:00:00;   577
10.03.2009 00:00:00;   584
11.03.2009 00:00:00;   588
12.03.2009 00:00:00;   587
13.03.2009 00:00:00;   583
14.03.2009 00:00:00;   570
15.03.2009 00:00:00;   568
16.03.2009 00:00:00;   579
17.03.2009 00:00:00;   581
18.03.2009 00:00:00;   587
19.03.2009 00:00:00;   602
20.03.2009 00:00:00;   594
21.03.2009 00:00:00;   585
22.03.2009 00:00:00;   580
23.03.2009 00:00:00;   585
24.03.2009 00:00:00;   599
25.03.2009 00:00:00;   604
26.03.2009 00:00:00;   607
27.03.2009 00:00:00;   591
28.03.2009 00:00:00;   580
29.03.2009 00:00:00;   585
30.03.2009 00:00:00;   586
31.03.2009 00:00:00;   585
01.04.2009 00:00:00;   589
02.04.2009 00:00:00;   597
03.04.2009 00:00:00;   609
04.04.2009 00:00:00;   612
05.04.2009 00:00:00;   617
06.04.2009 00:00:00;   629
07.04.2009 00:00:00;   641
08.04.2009 00:00:00;   644
09.04.2009 00:00:00;   642
10.04.2009 00:00:00;   635
11.04.2009 00:00:00;   634
12.04.2009 00:00:00;   633
13.04.2009 00:00:00;   635
14.04.2009 00:00:00;   644
15.04.2009 00:00:00;   651
16.04.2009 00:00:00;   657
17.04.2009 00:00:00;   659
18.04.2009 00:00:00;   635
19.04.2009 00:00:00;   623
20.04.2009 00:00:00;   630
21.04.2009 00:00:00;   637
22.04.2009 00:00:00;   641
23.04.2009 00:00:00;   642
24.04.2009 00:00:00;   644
25.04.2009 00:00:00;   630
26.04.2009 00:00:00;   629
27.04.2009 00:00:00;   647
28.04.2009 00:00:00;   662
29.04.2009 00:00:00;   663
30.04.2009 00:00:00;   653
01.05.2009 00:00:00;   635
02.05.2009 00:00:00;   642
03.05.2009 00:00:00;   636
04.05.2009 00:00:00;   648
05.05.2009 00:00:00;   650
06.05.2009 00:00:00;   639
07.05.2009 00:00:00;   643
08.05.2009 00:00:00;   646
09.05.2009 00:00:00;   655
10.05.2009 00:00:00;   675
11.05.2009 00:00:00;   684
12.05.2009 00:00:00;   688
13.05.2009 00:00:00;   693
14.05.2009 00:00:00;   704
15.05.2009 00:00:00;   708
16.05.2009 00:00:00;   693
17.05.2009 00:00:00;   689
18.05.2009 00:00:00;   698
19.05.2009 00:00:00;   707
20.05.2009 00:00:00;   705
21.05.2009 00:00:00;   704
22.05.2009 00:00:00;   712
23.05.2009 00:00:00;   723
24.05.2009 00:00:00;   727
25.05.2009 00:00:00;   740
26.05.2009 00:00:00;   739
27.05.2009 00:00:00;   745
28.05.2009 00:00:00;   716
29.05.2009 00:00:00;   697
30.05.2009 00:00:00;   684
31.05.2009 00:00:00;   666
01.06.2009 00:00:00;   659
02.06.2009 00:00:00;   666
03.06.2009 00:00:00;   662
04.06.2009 00:00:00;   666
05.06.2009 00:00:00;   664
06.06.2009 00:00:00;   689
07.06.2009 00:00:00;   721
08.06.2009 00:00:00;   693
09.06.2009 00:00:00;   688
10.06.2009 00:00:00;   689
11.06.2009 00:00:00;   687
12.06.2009 00:00:00;   689
13.06.2009 00:00:00;   689
14.06.2009 00:00:00;   688
15.06.2009 00:00:00;   698
16.06.2009 00:00:00;   720
17.06.2009 00:00:00;   710
18.06.2009 00:00:00;   701
19.06.2009 00:00:00;   698
20.06.2009 00:00:00;   702
21.06.2009 00:00:00;   672
22.06.2009 00:00:00;   670
23.06.2009 00:00:00;   668
24.06.2009 00:00:00;   664
25.06.2009 00:00:00;   658
26.06.2009 00:00:00;   659
27.06.2009 00:00:00;   657
28.06.2009 00:00:00;   651
29.06.2009 00:00:00;   671
30.06.2009 00:00:00;   676
01.07.2009 00:00:00;   678
02.07.2009 00:00:00;   677
03.07.2009 00:00:00;   683
04.07.2009 00:00:00;   669
05.07.2009 00:00:00;   662
06.07.2009 00:00:00;   669
07.07.2009 00:00:00;   668
08.07.2009 00:00:00;   676
09.07.2009 00:00:00;   660
10.07.2009 00:00:00;   652
11.07.2009 00:00:00;   642
12.07.2009 00:00:00;   633
13.07.2009 00:00:00;   647
14.07.2009 00:00:00;   655
15.07.2009 00:00:00;   658
16.07.2009 00:00:00;   659
17.07.2009 00:00:00;   664
18.07.2009 00:00:00;   753
19.07.2009 00:00:00;   698
20.07.2009 00:00:00;   687
21.07.2009 00:00:00;   679
22.07.2009 00:00:00;   681
23.07.2009 00:00:00;   679
24.07.2009 00:00:00;   680
25.07.2009 00:00:00;   683
26.07.2009 00:00:00;   656
27.07.2009 00:00:00;   662
28.07.2009 00:00:00;   671
29.07.2009 00:00:00;   664
30.07.2009 00:00:00;   659
31.07.2009 00:00:00;   659
01.08.2009 00:00:00;   653
02.08.2009 00:00:00;   649
03.08.2009 00:00:00;   662
04.08.2009 00:00:00;   679
05.08.2009 00:00:00;   660
06.08.2009 00:00:00;   653
07.08.2009 00:00:00;   646
08.08.2009 00:00:00;   645
09.08.2009 00:00:00;   633
10.08.2009 00:00:00;   645
11.08.2009 00:00:00;   655
12.08.2009 00:00:00;   649
13.08.2009 00:00:00;   648
14.08.2009 00:00:00;   655
15.08.2009 00:00:00;   635
16.08.2009 00:00:00;   624
17.08.2009 00:00:00;   639
18.08.2009 00:00:00;   641
19.08.2009 00:00:00;   628
20.08.2009 00:00:00;   629
21.08.2009 00:00:00;   626
22.08.2009 00:00:00;   610
23.08.2009 00:00:00;   604
24.08.2009 00:00:00;   623
25.08.2009 00:00:00;   625
26.08.2009 00:00:00;   630
27.08.2009 00:00:00;   621
28.08.2009 00:00:00;   617
29.08.2009 00:00:00;   604
30.08.2009 00:00:00;   594
31.08.2009 00:00:00;   609
01.09.2009 00:00:00;   607
02.09.2009 00:00:00;   604
03.09.2009 00:00:00;   606
04.09.2009 00:00:00;   600
05.09.2009 00:00:00;   598
06.09.2009 00:00:00;   592
07.09.2009 00:00:00;   597
08.09.2009 00:00:00;   598
09.09.2009 00:00:00;   599
10.09.2009 00:00:00;   593
11.09.2009 00:00:00;   592
12.09.2009 00:00:00;   587
13.09.2009 00:00:00;   585
14.09.2009 00:00:00;   591
15.09.2009 00:00:00;   586
16.09.2009 00:00:00;   587
17.09.2009 00:00:00;   590
18.09.2009 00:00:00;   587
19.09.2009 00:00:00;   579
20.09.2009 00:00:00;   575
21.09.2009 00:00:00;   590
22.09.2009 00:00:00;   588
23.09.2009 00:00:00;   587
24.09.2009 00:00:00;   586
25.09.2009 00:00:00;   586
26.09.2009 00:00:00;   580
27.09.2009 00:00:00;   577
28.09.2009 00:00:00;   582
29.09.2009 00:00:00;   586
30.09.2009 00:00:00;   593
01.10.2009 00:00:00;   583
02.10.2009 00:00:00;   578
03.10.2009 00:00:00;   575
04.10.2009 00:00:00;   570
05.10.2009 00:00:00;   587
06.10.2009 00:00:00;   590
07.10.2009 00:00:00;   580
08.10.2009 00:00:00;   581
09.10.2009 00:00:00;   581
10.10.2009 00:00:00;   574
11.10.2009 00:00:00;   571
12.10.2009 00:00:00;   586
13.10.2009 00:00:00;   585
14.10.2009 00:00:00;   587
15.10.2009 00:00:00;   594
16.10.2009 00:00:00;   588
17.10.2009 00:00:00;   579
18.10.2009 00:00:00;   574
19.10.2009 00:00:00;   592
20.10.2009 00:00:00;   595
21.10.2009 00:00:00;   591
22.10.2009 00:00:00;   599
23.10.2009 00:00:00;   595
24.10.2009 00:00:00;   581
25.10.2009 00:00:00;   578
26.10.2009 00:00:00;   587
27.10.2009 00:00:00;   588
28.10.2009 00:00:00;   591
29.10.2009 00:00:00;   590
30.10.2009 00:00:00;   585
31.10.2009 00:00:00;   579
01.11.2009 00:00:00;   576
02.11.2009 00:00:00;   582
03.11.2009 00:00:00;   591
04.11.2009 00:00:00;   589
05.11.2009 00:00:00;   584
06.11.2009 00:00:00;   581
07.11.2009 00:00:00;   577
08.11.2009 00:00:00;   568
09.11.2009 00:00:00;   573
10.11.2009 00:00:00;   588
11.11.2009 00:00:00;   579
12.11.2009 00:00:00;   576
13.11.2009 00:00:00;   574
14.11.2009 00:00:00;   568
15.11.2009 00:00:00;   564
16.11.2009 00:00:00;   569
17.11.2009 00:00:00;   579
18.11.2009 00:00:00;   583
19.11.2009 00:00:00;   586
20.11.2009 00:00:00;   579
21.11.2009 00:00:00;   574
22.11.2009 00:00:00;   573
23.11.2009 00:00:00;   578
24.11.2009 00:00:00;   587
25.11.2009 00:00:00;   579
26.11.2009 00:00:00;   576
27.11.2009 00:00:00;   577
28.11.2009 00:00:00;   573
29.11.2009 00:00:00;   573
30.11.2009 00:00:00;   587
01.12.2009 00:00:00;   589
02.12.2009 00:00:00;   582
03.12.2009 00:00:00;   578
04.12.2009 00:00:00;   579
05.12.2009 00:00:00;   575
06.12.2009 00:00:00;   569
07.12.2009 00:00:00;   576
08.12.2009 00:00:00;   581
09.12.2009 00:00:00;   579
10.12.2009 00:00:00;   582
11.12.2009 00:00:00;   589
12.12.2009 00:00:00;   582
13.12.2009 00:00:00;   575
14.12.2009 00:00:00;   595
15.12.2009 00:00:00;   600
16.12.2009 00:00:00;   602
17.12.2009 00:00:00;   594
18.12.2009 00:00:00;   586
19.12.2009 00:00:00;   572
20.12.2009 00:00:00;   576
21.12.2009 00:00:00;   572
22.12.2009 00:00:00;   577
23.12.2009 00:00:00;   576
24.12.2009 00:00:00;   572
25.12.2009 00:00:00;   581
26.12.2009 00:00:00;   580
27.12.2009 00:00:00;   574
28.12.2009 00:00:00;   573
29.12.2009 00:00:00;   572
30.12.2009 00:00:00;   570
31.12.2009 00:00:00;   570
01.01.2010 00:00:00;   566
02.01.2010 00:00:00;   563
03.01.2010 00:00:00;   563
04.01.2010 00:00:00;   567
05.01.2010 00:00:00;   579
06.01.2010 00:00:00;   574
07.01.2010 00:00:00;   581
08.01.2010 00:00:00;   584
09.01.2010 00:00:00;   582
10.01.2010 00:00:00;   571
11.01.2010 00:00:00;   588
12.01.2010 00:00:00;   601
13.01.2010 00:00:00;   586
14.01.2010 00:00:00;   576
15.01.2010 00:00:00;   577
16.01.2010 00:00:00;   571
17.01.2010 00:00:00;   562
18.01.2010 00:00:00;   567
19.01.2010 00:00:00;   585
20.01.2010 00:00:00;   582
21.01.2010 00:00:00;   582
22.01.2010 00:00:00;   577
23.01.2010 00:00:00;   570
24.01.2010 00:00:00;   568
25.01.2010 00:00:00;   585
26.01.2010 00:00:00;   596
27.01.2010 00:00:00;   597
28.01.2010 00:00:00;   587
29.01.2010 00:00:00;   577
30.01.2010 00:00:00;   568
31.01.2010 00:00:00;   560
01.02.2010 00:00:00;   574
02.02.2010 00:00:00;   577
03.02.2010 00:00:00;   579
04.02.2010 00:00:00;   578
05.02.2010 00:00:00;   576
06.02.2010 00:00:00;   573
07.02.2010 00:00:00;   564
08.02.2010 00:00:00;   577
09.02.2010 00:00:00;   587
10.02.2010 00:00:00;   594
11.02.2010 00:00:00;   597
12.02.2010 00:00:00;   600
13.02.2010 00:00:00;   582
14.02.2010 00:00:00;   567
15.02.2010 00:00:00;   574
16.02.2010 00:00:00;   596
17.02.2010 00:00:00;   588
18.02.2010 00:00:00;   579
19.02.2010 00:00:00;   568
20.02.2010 00:00:00;   557
21.02.2010 00:00:00;   549
22.02.2010 00:00:00;   563
23.02.2010 00:00:00;   573
24.02.2010 00:00:00;   578
25.02.2010 00:00:00;   574
26.02.2010 00:00:00;   574
27.02.2010 00:00:00;   575
28.02.2010 00:00:00;   566
01.03.2010 00:00:00;   572
02.03.2010 00:00:00;   582
03.03.2010 00:00:00;   580
04.03.2010 00:00:00;   588
05.03.2010 00:00:00;   582
06.03.2010 00:00:00;   579
07.03.2010 00:00:00;   576
08.03.2010 00:00:00;   589
09.03.2010 00:00:00;   598
10.03.2010 00:00:00;   599
11.03.2010 00:00:00;   600
12.03.2010 00:00:00;   587
13.03.2010 00:00:00;   577
14.03.2010 00:00:00;   565
15.03.2010 00:00:00;   575
16.03.2010 00:00:00;   585
17.03.2010 00:00:00;   584
18.03.2010 00:00:00;   574
19.03.2010 00:00:00;   568
20.03.2010 00:00:00;   561
21.03.2010 00:00:00;   568
22.03.2010 00:00:00;   579
23.03.2010 00:00:00;   585
24.03.2010 00:00:00;   585
25.03.2010 00:00:00;   591
26.03.2010 00:00:00;   596
27.03.2010 00:00:00;   596
28.03.2010 00:00:00;   590
29.03.2010 00:00:00;   589
30.03.2010 00:00:00;   586
31.03.2010 00:00:00;   598
01.04.2010 00:00:00;   599
02.04.2010 00:00:00;   589
03.04.2010 00:00:00;   581
04.04.2010 00:00:00;   581
05.04.2010 00:00:00;   583
06.04.2010 00:00:00;   590
07.04.2010 00:00:00;   594
08.04.2010 00:00:00;   595
09.04.2010 00:00:00;   600
10.04.2010 00:00:00;   591
11.04.2010 00:00:00;   589
12.04.2010 00:00:00;   605
13.04.2010 00:00:00;   600
14.04.2010 00:00:00;   598
15.04.2010 00:00:00;   598
16.04.2010 00:00:00;   590
17.04.2010 00:00:00;   584
18.04.2010 00:00:00;   582
19.04.2010 00:00:00;   594
20.04.2010 00:00:00;   596
21.04.2010 00:00:00;   603
22.04.2010 00:00:00;   610
23.04.2010 00:00:00;   613
24.04.2010 00:00:00;   609
25.04.2010 00:00:00;   612
26.04.2010 00:00:00;   624
27.04.2010 00:00:00;   619
28.04.2010 00:00:00;   617
29.04.2010 00:00:00;   622
30.04.2010 00:00:00;   637
01.05.2010 00:00:00;   641
02.05.2010 00:00:00;   647
03.05.2010 00:00:00;   671
04.05.2010 00:00:00;   663
05.05.2010 00:00:00;   665
06.05.2010 00:00:00;   681
07.05.2010 00:00:00;   665
08.05.2010 00:00:00;   643
09.05.2010 00:00:00;   629
10.05.2010 00:00:00;   641
11.05.2010 00:00:00;   640
12.05.2010 00:00:00;   649
13.05.2010 00:00:00;   644
14.05.2010 00:00:00;   651
15.05.2010 00:00:00;   640
16.05.2010 00:00:00;   628
17.05.2010 00:00:00;   627
18.05.2010 00:00:00;   626
19.05.2010 00:00:00;   621
20.05.2010 00:00:00;   629
21.05.2010 00:00:00;   619
22.05.2010 00:00:00;   619
23.05.2010 00:00:00;   623
24.05.2010 00:00:00;   634
25.05.2010 00:00:00;   657
26.05.2010 00:00:00;   673
27.05.2010 00:00:00;   698
28.05.2010 00:00:00;   679
29.05.2010 00:00:00;   672
30.05.2010 00:00:00;   677
31.05.2010 00:00:00;   708
01.06.2010 00:00:00;   687
02.06.2010 00:00:00;   675
03.06.2010 00:00:00;   678
04.06.2010 00:00:00;   669
05.06.2010 00:00:00;   667
06.06.2010 00:00:00;   679
07.06.2010 00:00:00;   715
08.06.2010 00:00:00;   721
09.06.2010 00:00:00;   723
10.06.2010 00:00:00;   744
11.06.2010 00:00:00;   753
12.06.2010 00:00:00;   763
13.06.2010 00:00:00;   768
14.06.2010 00:00:00;   746
15.06.2010 00:00:00;   717
16.06.2010 00:00:00;   710
17.06.2010 00:00:00;   706
18.06.2010 00:00:00;   704
19.06.2010 00:00:00;   692
20.06.2010 00:00:00;   680
21.06.2010 00:00:00;   675
22.06.2010 00:00:00;   666
23.06.2010 00:00:00;   656
24.06.2010 00:00:00;   658
25.06.2010 00:00:00;   658
26.06.2010 00:00:00;   654
27.06.2010 00:00:00;   652
28.06.2010 00:00:00;   669
29.06.2010 00:00:00;   667
30.06.2010 00:00:00;   665
01.07.2010 00:00:00;   667
02.07.2010 00:00:00;   670
03.07.2010 00:00:00;   663
04.07.2010 00:00:00;   657
05.07.2010 00:00:00;   664
06.07.2010 00:00:00;   663
07.07.2010 00:00:00;   653
08.07.2010 00:00:00;   654
09.07.2010 00:00:00;   653
10.07.2010 00:00:00;   646
11.07.2010 00:00:00;   644
12.07.2010 00:00:00;   659
13.07.2010 00:00:00;   659
14.07.2010 00:00:00;   643
15.07.2010 00:00:00;   636
16.07.2010 00:00:00;   635
17.07.2010 00:00:00;   631
18.07.2010 00:00:00;   637
19.07.2010 00:00:00;   631
20.07.2010 00:00:00;   632
21.07.2010 00:00:00;   634
22.07.2010 00:00:00;   631
23.07.2010 00:00:00;   649
24.07.2010 00:00:00;   660
25.07.2010 00:00:00;   635
26.07.2010 00:00:00;   634
27.07.2010 00:00:00;   650
28.07.2010 00:00:00;   643
29.07.2010 00:00:00;   641
30.07.2010 00:00:00;   644
31.07.2010 00:00:00;   629
01.08.2010 00:00:00;   620
02.08.2010 00:00:00;   636
03.08.2010 00:00:00;   664
04.08.2010 00:00:00;   645
05.08.2010 00:00:00;   663
06.08.2010 00:00:00;   706
07.08.2010 00:00:00;   673
08.08.2010 00:00:00;   655
09.08.2010 00:00:00;   652
10.08.2010 00:00:00;   646
11.08.2010 00:00:00;   648
12.08.2010 00:00:00;   665
13.08.2010 00:00:00;   687
14.08.2010 00:00:00;   664
15.08.2010 00:00:00;   693
16.08.2010 00:00:00;   730
17.08.2010 00:00:00;   705
18.08.2010 00:00:00;   690
19.08.2010 00:00:00;   682
20.08.2010 00:00:00;   670
21.08.2010 00:00:00;   658
22.08.2010 00:00:00;   645
23.08.2010 00:00:00;   655
24.08.2010 00:00:00;   650
25.08.2010 00:00:00;   646
26.08.2010 00:00:00;   642
27.08.2010 00:00:00;   652
28.08.2010 00:00:00;   657
29.08.2010 00:00:00;   639
30.08.2010 00:00:00;   650
31.08.2010 00:00:00;   663
01.09.2010 00:00:00;   652
02.09.2010 00:00:00;   647
03.09.2010 00:00:00;   644
04.09.2010 00:00:00;   629
05.09.2010 00:00:00;   622
06.09.2010 00:00:00;   626
07.09.2010 00:00:00;   634
08.09.2010 00:00:00;   647
09.09.2010 00:00:00;   669
10.09.2010 00:00:00;   651
11.09.2010 00:00:00;   631
12.09.2010 00:00:00;   619
13.09.2010 00:00:00;   651
14.09.2010 00:00:00;   646
15.09.2010 00:00:00;   641
16.09.2010 00:00:00;   642
17.09.2010 00:00:00;   637
18.09.2010 00:00:00;   619
19.09.2010 00:00:00;   612
20.09.2010 00:00:00;   621
21.09.2010 00:00:00;   617
22.09.2010 00:00:00;   613
23.09.2010 00:00:00;   612
24.09.2010 00:00:00;   611
25.09.2010 00:00:00;   626
26.09.2010 00:00:00;   617
27.09.2010 00:00:00;   616
28.09.2010 00:00:00;   626
29.09.2010 00:00:00;   622
30.09.2010 00:00:00;   622
01.10.2010 00:00:00;   621
02.10.2010 00:00:00;   608
03.10.2010 00:00:00;   606
04.10.2010 00:00:00;   606
05.10.2010 00:00:00;   631
06.10.2010 00:00:00;   633
07.10.2010 00:00:00;   629
08.10.2010 00:00:00;   626
09.10.2010 00:00:00;   613
10.10.2010 00:00:00;   606
11.10.2010 00:00:00;   611
12.10.2010 00:00:00;   617
13.10.2010 00:00:00;   618
14.10.2010 00:00:00;   616
15.10.2010 00:00:00;   617
16.10.2010 00:00:00;   607
17.10.2010 00:00:00;   599
18.10.2010 00:00:00;   607
19.10.2010 00:00:00;   615
20.10.2010 00:00:00;   614
21.10.2010 00:00:00;   622
22.10.2010 00:00:00;   614
23.10.2010 00:00:00;   600
24.10.2010 00:00:00;   591
25.10.2010 00:00:00;   613
26.10.2010 00:00:00;   613
27.10.2010 00:00:00;   607
28.10.2010 00:00:00;   602
29.10.2010 00:00:00;   597
30.10.2010 00:00:00;   587
31.10.2010 00:00:00;   586
01.11.2010 00:00:00;   595
02.11.2010 00:00:00;   599
03.11.2010 00:00:00;   604
04.11.2010 00:00:00;   601
05.11.2010 00:00:00;   597
06.11.2010 00:00:00;   587
07.11.2010 00:00:00;   587
08.11.2010 00:00:00;   597
09.11.2010 00:00:00;   600
10.11.2010 00:00:00;   597
11.11.2010 00:00:00;   597
12.11.2010 00:00:00;   606
13.11.2010 00:00:00;   603
14.11.2010 00:00:00;   593
15.11.2010 00:00:00;   602
16.11.2010 00:00:00;   630
17.11.2010 00:00:00;   620
18.11.2010 00:00:00;   612
19.11.2010 00:00:00;   611
20.11.2010 00:00:00;   603
21.11.2010 00:00:00;   597
22.11.2010 00:00:00;   614
23.11.2010 00:00:00;   614
24.11.2010 00:00:00;   614
25.11.2010 00:00:00;   615
26.11.2010 00:00:00;   612
27.11.2010 00:00:00;   602
28.11.2010 00:00:00;   595
29.11.2010 00:00:00;   612
30.11.2010 00:00:00;   616
01.12.2010 00:00:00;   618
02.12.2010 00:00:00;   615
03.12.2010 00:00:00;   618
04.12.2010 00:00:00;   601
05.12.2010 00:00:00;   591
06.12.2010 00:00:00;   601
07.12.2010 00:00:00;   600
08.12.2010 00:00:00;   597
09.12.2010 00:00:00;   600
10.12.2010 00:00:00;   597
11.12.2010 00:00:00;   587
12.12.2010 00:00:00;   574
13.12.2010 00:00:00;   599
14.12.2010 00:00:00;   615
15.12.2010 00:00:00;   620
16.12.2010 00:00:00;   616
17.12.2010 00:00:00;   610
18.12.2010 00:00:00;   599
19.12.2010 00:00:00;   591
20.12.2010 00:00:00;   596
21.12.2010 00:00:00;   597
22.12.2010 00:00:00;   594
23.12.2010 00:00:00;   583
24.12.2010 00:00:00;   590
25.12.2010 00:00:00;   586
26.12.2010 00:00:00;   584
27.12.2010 00:00:00;   594
28.12.2010 00:00:00;   591
29.12.2010 00:00:00;   579
30.12.2010 00:00:00;   575
31.12.2010 00:00:00;   573
01.01.2011 00:00:00;   576
02.01.2011 00:00:00;   570
03.01.2011 00:00:00;   575
04.01.2011 00:00:00;   590
05.01.2011 00:00:00;   586
06.01.2011 00:00:00;   572
07.01.2011 00:00:00;   568
08.01.2011 00:00:00;   565
09.01.2011 00:00:00;   560
10.01.2011 00:00:00;   574
11.01.2011 00:00:00;   581
12.01.2011 00:00:00;   580
13.01.2011 00:00:00;   587
14.01.2011 00:00:00;   589
15.01.2011 00:00:00;   591
16.01.2011 00:00:00;   582
17.01.2011 00:00:00;   589
18.01.2011 00:00:00;   594
19.01.2011 00:00:00;   600
20.01.2011 00:00:00;   599
21.01.2011 00:00:00;   600
22.01.2011 00:00:00;   590
23.01.2011 00:00:00;   585
24.01.2011 00:00:00;   602
25.01.2011 00:00:00;   609
26.01.2011 00:00:00;   590
27.01.2011 00:00:00;   578
28.01.2011 00:00:00;   589
29.01.2011 00:00:00;   587
30.01.2011 00:00:00;   581
31.01.2011 00:00:00;   603
01.02.2011 00:00:00;   617
02.02.2011 00:00:00;   599
03.02.2011 00:00:00;   580
04.02.2011 00:00:00;   576
05.02.2011 00:00:00;   575
06.02.2011 00:00:00;   564
07.02.2011 00:00:00;   572
08.02.2011 00:00:00;   575
09.02.2011 00:00:00;   590
10.02.2011 00:00:00;   587
11.02.2011 00:00:00;   576
12.02.2011 00:00:00;   569
13.02.2011 00:00:00;   563
14.02.2011 00:00:00;   571
15.02.2011 00:00:00;   581
16.02.2011 00:00:00;   588
17.02.2011 00:00:00;   599
18.02.2011 00:00:00;   590
19.02.2011 00:00:00;   575
20.02.2011 00:00:00;   567
21.02.2011 00:00:00;   581
22.02.2011 00:00:00;   590
23.02.2011 00:00:00;   585
24.02.2011 00:00:00;   593
25.02.2011 00:00:00;   579
26.02.2011 00:00:00;   566
27.02.2011 00:00:00;   568
28.02.2011 00:00:00;   584
01.03.2011 00:00:00;   585
02.03.2011 00:00:00;   574
03.03.2011 00:00:00;   592
04.03.2011 00:00:00;   584
05.03.2011 00:00:00;   570
06.03.2011 00:00:00;   562
07.03.2011 00:00:00;   568
08.03.2011 00:00:00;   588
09.03.2011 00:00:00;   607
10.03.2011 00:00:00;   587
11.03.2011 00:00:00;   584
12.03.2011 00:00:00;   577
13.03.2011 00:00:00;   570
14.03.2011 00:00:00;   581
15.03.2011 00:00:00;   590
16.03.2011 00:00:00;   591
17.03.2011 00:00:00;   600
18.03.2011 00:00:00;   601
19.03.2011 00:00:00;   582
20.03.2011 00:00:00;   579
21.03.2011 00:00:00;   576
22.03.2011 00:00:00;   580
23.03.2011 00:00:00;   575
24.03.2011 00:00:00;   575
25.03.2011 00:00:00;   579
26.03.2011 00:00:00;   570
27.03.2011 00:00:00;   570
28.03.2011 00:00:00;   579
29.03.2011 00:00:00;   580
30.03.2011 00:00:00;   586
31.03.2011 00:00:00;   578
01.04.2011 00:00:00;   579
02.04.2011 00:00:00;   583
03.04.2011 00:00:00;   585
04.04.2011 00:00:00;   603
05.04.2011 00:00:00;   593
06.04.2011 00:00:00;   592
07.04.2011 00:00:00;   601
08.04.2011 00:00:00;   612
09.04.2011 00:00:00;   614
10.04.2011 00:00:00;   608
11.04.2011 00:00:00;   611
12.04.2011 00:00:00;   610
13.04.2011 00:00:00;   606
14.04.2011 00:00:00;   598
15.04.2011 00:00:00;   597
16.04.2011 00:00:00;   588
17.04.2011 00:00:00;   579
18.04.2011 00:00:00;   588
19.04.2011 00:00:00;   591
20.04.2011 00:00:00;   591
21.04.2011 00:00:00;   591
22.04.2011 00:00:00;   586
23.04.2011 00:00:00;   588
24.04.2011 00:00:00;   587
25.04.2011 00:00:00;   585
26.04.2011 00:00:00;   598
27.04.2011 00:00:00;   610
28.04.2011 00:00:00;   608
29.04.2011 00:00:00;   605
30.04.2011 00:00:00;   584
01.05.2011 00:00:00;   583
02.05.2011 00:00:00;   590
03.05.2011 00:00:00;   599
04.05.2011 00:00:00;   597
05.05.2011 00:00:00;   593
06.05.2011 00:00:00;   588
07.05.2011 00:00:00;   585
08.05.2011 00:00:00;   582
09.05.2011 00:00:00;   606
10.05.2011 00:00:00;   620
11.05.2011 00:00:00;   625
12.05.2011 00:00:00;   629
13.05.2011 00:00:00;   624
14.05.2011 00:00:00;   638
15.05.2011 00:00:00;   646
16.05.2011 00:00:00;   629
17.05.2011 00:00:00;   619
18.05.2011 00:00:00;   625
19.05.2011 00:00:00;   624
20.05.2011 00:00:00;   626
21.05.2011 00:00:00;   611
22.05.2011 00:00:00;   609
23.05.2011 00:00:00;   628
24.05.2011 00:00:00;   629
25.05.2011 00:00:00;   638
26.05.2011 00:00:00;   639
27.05.2011 00:00:00;   668
28.05.2011 00:00:00;   664
29.05.2011 00:00:00;   633
30.05.2011 00:00:00;   638
31.05.2011 00:00:00;   641
01.06.2011 00:00:00;   639
02.06.2011 00:00:00;   619
03.06.2011 00:00:00;   622
04.06.2011 00:00:00;   624
05.06.2011 00:00:00;   617
06.06.2011 00:00:00;   634
07.06.2011 00:00:00;   633
08.06.2011 00:00:00;   640
09.06.2011 00:00:00;   638
10.06.2011 00:00:00;   635
11.06.2011 00:00:00;   626
12.06.2011 00:00:00;   619
13.06.2011 00:00:00;   622
14.06.2011 00:00:00;   641
15.06.2011 00:00:00;   639
16.06.2011 00:00:00;   637
17.06.2011 00:00:00;   628
18.06.2011 00:00:00;   683
19.06.2011 00:00:00;   723
20.06.2011 00:00:00;   666
21.06.2011 00:00:00;   657
22.06.2011 00:00:00;   659
23.06.2011 00:00:00;   680
24.06.2011 00:00:00;   670
25.06.2011 00:00:00;   648
26.06.2011 00:00:00;   636
27.06.2011 00:00:00;   648
28.06.2011 00:00:00;   652
29.06.2011 00:00:00;   647
30.06.2011 00:00:00;   647
01.07.2011 00:00:00;   631
02.07.2011 00:00:00;   620
03.07.2011 00:00:00;   600
04.07.2011 00:00:00;   618
05.07.2011 00:00:00;   624
06.07.2011 00:00:00;   619
07.07.2011 00:00:00;   624
08.07.2011 00:00:00;   646
09.07.2011 00:00:00;   634
10.07.2011 00:00:00;   620
11.07.2011 00:00:00;   628
12.07.2011 00:00:00;   623
13.07.2011 00:00:00;   653
14.07.2011 00:00:00;   723
15.07.2011 00:00:00;   660
16.07.2011 00:00:00;   646
17.07.2011 00:00:00;   642
18.07.2011 00:00:00;   740
19.07.2011 00:00:00;   704
20.07.2011 00:00:00;   727
21.07.2011 00:00:00;   709
22.07.2011 00:00:00;   689
23.07.2011 00:00:00;   661
24.07.2011 00:00:00;   649
25.07.2011 00:00:00;   664
26.07.2011 00:00:00;   661
27.07.2011 00:00:00;   656
28.07.2011 00:00:00;   650
29.07.2011 00:00:00;   646
30.07.2011 00:00:00;   634
31.07.2011 00:00:00;   620
01.08.2011 00:00:00;   632
02.08.2011 00:00:00;   638
03.08.2011 00:00:00;   643
04.08.2011 00:00:00;   641
05.08.2011 00:00:00;   632
06.08.2011 00:00:00;   634
07.08.2011 00:00:00;   650
08.08.2011 00:00:00;   711
09.08.2011 00:00:00;   677
10.08.2011 00:00:00;   663
11.08.2011 00:00:00;   652
12.08.2011 00:00:00;   652
13.08.2011 00:00:00;   649
14.08.2011 00:00:00;   636
15.08.2011 00:00:00;   647
16.08.2011 00:00:00;   645
17.08.2011 00:00:00;   642
18.08.2011 00:00:00;   639
19.08.2011 00:00:00;   624
20.08.2011 00:00:00;   612
21.08.2011 00:00:00;   600
22.08.2011 00:00:00;   625
23.08.2011 00:00:00;   625
24.08.2011 00:00:00;   624
25.08.2011 00:00:00;   620
26.08.2011 00:00:00;   609
27.08.2011 00:00:00;   614
28.08.2011 00:00:00;   597
29.08.2011 00:00:00;   608
30.08.2011 00:00:00;   611
31.08.2011 00:00:00;   609
01.09.2011 00:00:00;   609
02.09.2011 00:00:00;   606
03.09.2011 00:00:00;   599
04.09.2011 00:00:00;   609
05.09.2011 00:00:00;   651
06.09.2011 00:00:00;   632
07.09.2011 00:00:00;   627
08.09.2011 00:00:00;   623
09.09.2011 00:00:00;   629
10.09.2011 00:00:00;   616
11.09.2011 00:00:00;   598
12.09.2011 00:00:00;   649
13.09.2011 00:00:00;   619
14.09.2011 00:00:00;   609
15.09.2011 00:00:00;   606
16.09.2011 00:00:00;   616
17.09.2011 00:00:00;   612
18.09.2011 00:00:00;   615
19.09.2011 00:00:00;   652
20.09.2011 00:00:00;   640
21.09.2011 00:00:00;   639
22.09.2011 00:00:00;   641
23.09.2011 00:00:00;   639
24.09.2011 00:00:00;   627
25.09.2011 00:00:00;   619
26.09.2011 00:00:00;   630
27.09.2011 00:00:00;   632
28.09.2011 00:00:00;   626
29.09.2011 00:00:00;   623
30.09.2011 00:00:00;   619
01.10.2011 00:00:00;   607
02.10.2011 00:00:00;   591
03.10.2011 00:00:00;   607
04.10.2011 00:00:00;   609
05.10.2011 00:00:00;   605
06.10.2011 00:00:00;   601
07.10.2011 00:00:00;   604
08.10.2011 00:00:00;   608
09.10.2011 00:00:00;   600
10.10.2011 00:00:00;   659
11.10.2011 00:00:00;   703
12.10.2011 00:00:00;   677
13.10.2011 00:00:00;   668
14.10.2011 00:00:00;   657
15.10.2011 00:00:00;   643
16.10.2011 00:00:00;   627
17.10.2011 00:00:00;   630
18.10.2011 00:00:00;   616
19.10.2011 00:00:00;   615
20.10.2011 00:00:00;   615
21.10.2011 00:00:00;   608
22.10.2011 00:00:00;   595
23.10.2011 00:00:00;   591
24.10.2011 00:00:00;   589
25.10.2011 00:00:00;   589
26.10.2011 00:00:00;   595
27.10.2011 00:00:00;   592
28.10.2011 00:00:00;   591
29.10.2011 00:00:00;   582
30.10.2011 00:00:00;   574
31.10.2011 00:00:00;   579
01.11.2011 00:00:00;   581
02.11.2011 00:00:00;   585
03.11.2011 00:00:00;   585
04.11.2011 00:00:00;   583
05.11.2011 00:00:00;   610
06.11.2011 00:00:00;   607
07.11.2011 00:00:00;   591
08.11.2011 00:00:00;   591
09.11.2011 00:00:00;   588
10.11.2011 00:00:00;   585
11.11.2011 00:00:00;   584
12.11.2011 00:00:00;   571
13.11.2011 00:00:00;   570
14.11.2011 00:00:00;   580
15.11.2011 00:00:00;   590
16.11.2011 00:00:00;   580
17.11.2011 00:00:00;   577
18.11.2011 00:00:00;   572
19.11.2011 00:00:00;   569
20.11.2011 00:00:00;   565
21.11.2011 00:00:00;   566
22.11.2011 00:00:00;   573
23.11.2011 00:00:00;   576
24.11.2011 00:00:00;   577
25.11.2011 00:00:00;   579
26.11.2011 00:00:00;   575
27.11.2011 00:00:00;   568
28.11.2011 00:00:00;   568
29.11.2011 00:00:00;   566
30.11.2011 00:00:00;   563
01.12.2011 00:00:00;   564
02.12.2011 00:00:00;   565
03.12.2011 00:00:00;   562
04.12.2011 00:00:00;   558
05.12.2011 00:00:00;   559
06.12.2011 00:00:00;   564
07.12.2011 00:00:00;   566
08.12.2011 00:00:00;   557
09.12.2011 00:00:00;   548
10.12.2011 00:00:00;   555
11.12.2011 00:00:00;   549
12.12.2011 00:00:00;   555
13.12.2011 00:00:00;   569
14.12.2011 00:00:00;   558
15.12.2011 00:00:00;   562
16.12.2011 00:00:00;   557
17.12.2011 00:00:00;   553
18.12.2011 00:00:00;   549
19.12.2011 00:00:00;   561
20.12.2011 00:00:00;   563
21.12.2011 00:00:00;   565
22.12.2011 00:00:00;   563
23.12.2011 00:00:00;   562
24.12.2011 00:00:00;   555
25.12.2011 00:00:00;   553
26.12.2011 00:00:00;   551
27.12.2011 00:00:00;   555
28.12.2011 00:00:00;   558
29.12.2011 00:00:00;   559
30.12.2011 00:00:00;   563
31.12.2011 00:00:00;   558
01.01.2012 00:00:00;   561
02.01.2012 00:00:00;   564
03.01.2012 00:00:00;   567
04.01.2012 00:00:00;   567
05.01.2012 00:00:00;   574
06.01.2012 00:00:00;   581
07.01.2012 00:00:00;   566
08.01.2012 00:00:00;   568
09.01.2012 00:00:00;   563
10.01.2012 00:00:00;   561
11.01.2012 00:00:00;   562
12.01.2012 00:00:00;   564
13.01.2012 00:00:00;   560
14.01.2012 00:00:00;   555
15.01.2012 00:00:00;   549
16.01.2012 00:00:00;   555
17.01.2012 00:00:00;   576
18.01.2012 00:00:00;   569
19.01.2012 00:00:00;   562
20.01.2012 00:00:00;   565
21.01.2012 00:00:00;   568
22.01.2012 00:00:00;   564
23.01.2012 00:00:00;   566
24.01.2012 00:00:00;   566
25.01.2012 00:00:00;   563
26.01.2012 00:00:00;   561
27.01.2012 00:00:00;   562
28.01.2012 00:00:00;   559
29.01.2012 00:00:00;   560
30.01.2012 00:00:00;   577
31.01.2012 00:00:00;   581
01.02.2012 00:00:00;   584
02.02.2012 00:00:00;   586
03.02.2012 00:00:00;   595
04.02.2012 00:00:00;   588
05.02.2012 00:00:00;   581
06.02.2012 00:00:00;   586
07.02.2012 00:00:00;   602
08.02.2012 00:00:00;   602
09.02.2012 00:00:00;   600
10.02.2012 00:00:00;   582
11.02.2012 00:00:00;   567
12.02.2012 00:00:00;   557
13.02.2012 00:00:00;   574
14.02.2012 00:00:00;   589
15.02.2012 00:00:00;   581
16.02.2012 00:00:00;   569
17.02.2012 00:00:00;   560
18.02.2012 00:00:00;   558
19.02.2012 00:00:00;   553
20.02.2012 00:00:00;   562
21.02.2012 00:00:00;   564
22.02.2012 00:00:00;   559
23.02.2012 00:00:00;   561
24.02.2012 00:00:00;   556
25.02.2012 00:00:00;   548
26.02.2012 00:00:00;   550
27.02.2012 00:00:00;   552
28.02.2012 00:00:00;   557
29.02.2012 00:00:00;   560
01.03.2012 00:00:00;   566
02.03.2012 00:00:00;   578
03.03.2012 00:00:00;   585
04.03.2012 00:00:00;   587
05.03.2012 00:00:00;   601
06.03.2012 00:00:00;   591
07.03.2012 00:00:00;   577
08.03.2012 00:00:00;   574
09.03.2012 00:00:00;   574
10.03.2012 00:00:00;   567
11.03.2012 00:00:00;   562
12.03.2012 00:00:00;   566
13.03.2012 00:00:00;   573
14.03.2012 00:00:00;   575
15.03.2012 00:00:00;   578
16.03.2012 00:00:00;   586
17.03.2012 00:00:00;   584
18.03.2012 00:00:00;   590
19.03.2012 00:00:00;   611
20.03.2012 00:00:00;   593
21.03.2012 00:00:00;   583
22.03.2012 00:00:00;   580
23.03.2012 00:00:00;   592
24.03.2012 00:00:00;   595
25.03.2012 00:00:00;   597
26.03.2012 00:00:00;   606
27.03.2012 00:00:00;   612
28.03.2012 00:00:00;   616
29.03.2012 00:00:00;   623
30.03.2012 00:00:00;   626
31.03.2012 00:00:00;   618
01.04.2012 00:00:00;   615
02.04.2012 00:00:00;   615
03.04.2012 00:00:00;   621
04.04.2012 00:00:00;   621
05.04.2012 00:00:00;   631
06.04.2012 00:00:00;   626
07.04.2012 00:00:00;   630
08.04.2012 00:00:00;   623
09.04.2012 00:00:00;   614
10.04.2012 00:00:00;   605
11.04.2012 00:00:00;   611
12.04.2012 00:00:00;   607
13.04.2012 00:00:00;   607
14.04.2012 00:00:00;   597
15.04.2012 00:00:00;   597
16.04.2012 00:00:00;   600
17.04.2012 00:00:00;   593
18.04.2012 00:00:00;   592
19.04.2012 00:00:00;   593
20.04.2012 00:00:00;   588
21.04.2012 00:00:00;   580
22.04.2012 00:00:00;   581
23.04.2012 00:00:00;   585
24.04.2012 00:00:00;   591
25.04.2012 00:00:00;   586
26.04.2012 00:00:00;   592
27.04.2012 00:00:00;   599
28.04.2012 00:00:00;   633
29.04.2012 00:00:00;   683
30.04.2012 00:00:00;   697
01.05.2012 00:00:00;   688
02.05.2012 00:00:00;   690
03.05.2012 00:00:00;   690
04.05.2012 00:00:00;   687
05.05.2012 00:00:00;   683
06.05.2012 00:00:00;   676
07.05.2012 00:00:00;   673
08.05.2012 00:00:00;   666
09.05.2012 00:00:00;   674
10.05.2012 00:00:00;   692
11.05.2012 00:00:00;   701
12.05.2012 00:00:00;   721
13.05.2012 00:00:00;   705
14.05.2012 00:00:00;   690
15.05.2012 00:00:00;   681
16.05.2012 00:00:00;   681
17.05.2012 00:00:00;   650
18.05.2012 00:00:00;   665
19.05.2012 00:00:00;   653
20.05.2012 00:00:00;   653
21.05.2012 00:00:00;   675
22.05.2012 00:00:00;   681
23.05.2012 00:00:00;   700
24.05.2012 00:00:00;   728
25.05.2012 00:00:00;   730
26.05.2012 00:00:00;   727
27.05.2012 00:00:00;   710
28.05.2012 00:00:00;   693
29.05.2012 00:00:00;   696
30.05.2012 00:00:00;   697
31.05.2012 00:00:00;   711
01.06.2012 00:00:00;   719
02.06.2012 00:00:00;   718
03.06.2012 00:00:00;   722
04.06.2012 00:00:00;   824
05.06.2012 00:00:00;   762
06.06.2012 00:00:00;   722
07.06.2012 00:00:00;   716
08.06.2012 00:00:00;   731
09.06.2012 00:00:00;   757
10.06.2012 00:00:00;   773
11.06.2012 00:00:00;   758
12.06.2012 00:00:00;   764
13.06.2012 00:00:00;   751
14.06.2012 00:00:00;   728
15.06.2012 00:00:00;   719
16.06.2012 00:00:00;   711
17.06.2012 00:00:00;   718
18.06.2012 00:00:00;   736
19.06.2012 00:00:00;   737
20.06.2012 00:00:00;   743
21.06.2012 00:00:00;   746
22.06.2012 00:00:00;   742
23.06.2012 00:00:00;   726
24.06.2012 00:00:00;   706
25.06.2012 00:00:00;   716
26.06.2012 00:00:00;   733
27.06.2012 00:00:00;   725
28.06.2012 00:00:00;   710
29.06.2012 00:00:00;   713
30.06.2012 00:00:00;   707
01.07.2012 00:00:00;   709
02.07.2012 00:00:00;   710
03.07.2012 00:00:00;   712
04.07.2012 00:00:00;   711
05.07.2012 00:00:00;   704
06.07.2012 00:00:00;   700
07.07.2012 00:00:00;   698
08.07.2012 00:00:00;   678
09.07.2012 00:00:00;   685
10.07.2012 00:00:00;   692
11.07.2012 00:00:00;   696
12.07.2012 00:00:00;   681
13.07.2012 00:00:00;   683
14.07.2012 00:00:00;   682
15.07.2012 00:00:00;   678
16.07.2012 00:00:00;   677
17.07.2012 00:00:00;   672
18.07.2012 00:00:00;   673
19.07.2012 00:00:00;   672
20.07.2012 00:00:00;   675
21.07.2012 00:00:00;   665
22.07.2012 00:00:00;   647
23.07.2012 00:00:00;   648
24.07.2012 00:00:00;   652
25.07.2012 00:00:00;   656
26.07.2012 00:00:00;   655
27.07.2012 00:00:00;   655
28.07.2012 00:00:00;   653
29.07.2012 00:00:00;   671
30.07.2012 00:00:00;   660
31.07.2012 00:00:00;   659
01.08.2012 00:00:00;   651
02.08.2012 00:00:00;   650
03.08.2012 00:00:00;   651
04.08.2012 00:00:00;   639
05.08.2012 00:00:00;   646
06.08.2012 00:00:00;   668
07.08.2012 00:00:00;   701
08.08.2012 00:00:00;   677
09.08.2012 00:00:00;   676
10.08.2012 00:00:00;   672
11.08.2012 00:00:00;   657
12.08.2012 00:00:00;   646
13.08.2012 00:00:00;   656
14.08.2012 00:00:00;   657
15.08.2012 00:00:00;   645
16.08.2012 00:00:00;   653
17.08.2012 00:00:00;   649
18.08.2012 00:00:00;   634
19.08.2012 00:00:00;   627
20.08.2012 00:00:00;   646
21.08.2012 00:00:00;   653
22.08.2012 00:00:00;   651
23.08.2012 00:00:00;   651
24.08.2012 00:00:00;   667
25.08.2012 00:00:00;   666
26.08.2012 00:00:00;   711
27.08.2012 00:00:00;   671
28.08.2012 00:00:00;   664
29.08.2012 00:00:00;   665
30.08.2012 00:00:00;   675
31.08.2012 00:00:00;   693
01.09.2012 00:00:00;   688
02.09.2012 00:00:00;   670
03.09.2012 00:00:00;   673
04.09.2012 00:00:00;   671
05.09.2012 00:00:00;   676
06.09.2012 00:00:00;   675
07.09.2012 00:00:00;   673
08.09.2012 00:00:00;   656
09.09.2012 00:00:00;   643
10.09.2012 00:00:00;   657
11.09.2012 00:00:00;   662
12.09.2012 00:00:00;   676
13.09.2012 00:00:00;   668
14.09.2012 00:00:00;   651
15.09.2012 00:00:00;   645
16.09.2012 00:00:00;   639
17.09.2012 00:00:00;   645
18.09.2012 00:00:00;   644
19.09.2012 00:00:00;   646
20.09.2012 00:00:00;   649
21.09.2012 00:00:00;   646
22.09.2012 00:00:00;   637
23.09.2012 00:00:00;   631
24.09.2012 00:00:00;   642
25.09.2012 00:00:00;   655
26.09.2012 00:00:00;   672
27.09.2012 00:00:00;   757
28.09.2012 00:00:00;   690
29.09.2012 00:00:00;   668
30.09.2012 00:00:00;   666
01.10.2012 00:00:00;   669
02.10.2012 00:00:00;   669
03.10.2012 00:00:00;   662
04.10.2012 00:00:00;   662
05.10.2012 00:00:00;   660
06.10.2012 00:00:00;   653
07.10.2012 00:00:00;   647
08.10.2012 00:00:00;   653
09.10.2012 00:00:00;   665
10.10.2012 00:00:00;   730
11.10.2012 00:00:00;   703
12.10.2012 00:00:00;   682
13.10.2012 00:00:00;   672
14.10.2012 00:00:00;   662
15.10.2012 00:00:00;   670
16.10.2012 00:00:00;   661
17.10.2012 00:00:00;   651
18.10.2012 00:00:00;   649
19.10.2012 00:00:00;   653
20.10.2012 00:00:00;   642
21.10.2012 00:00:00;   642
22.10.2012 00:00:00;   633
23.10.2012 00:00:00;   636
24.10.2012 00:00:00;   633
25.10.2012 00:00:00;   631
26.10.2012 00:00:00;   627
27.10.2012 00:00:00;   624
28.10.2012 00:00:00;   625
29.10.2012 00:00:00;   627
30.10.2012 00:00:00;   627
31.10.2012 00:00:00;   626
01.11.2012 00:00:00;   622
02.11.2012 00:00:00;   626
03.11.2012 00:00:00;   624
04.11.2012 00:00:00;   619
05.11.2012 00:00:00;   648
06.11.2012 00:00:00;   646
07.11.2012 00:00:00;   634
08.11.2012 00:00:00;   631
09.11.2012 00:00:00;   630
10.11.2012 00:00:00;   631
11.11.2012 00:00:00;   648
12.11.2012 00:00:00;   656
13.11.2012 00:00:00;   648
14.11.2012 00:00:00;   641
15.11.2012 00:00:00;   640
16.11.2012 00:00:00;   639
17.11.2012 00:00:00;   626
18.11.2012 00:00:00;   620
19.11.2012 00:00:00;   629
20.11.2012 00:00:00;   628
21.11.2012 00:00:00;   617
22.11.2012 00:00:00;   622
23.11.2012 00:00:00;   620
24.11.2012 00:00:00;   609
25.11.2012 00:00:00;   608
26.11.2012 00:00:00;   608
27.11.2012 00:00:00;   618
28.11.2012 00:00:00;   623
29.11.2012 00:00:00;   622
30.11.2012 00:00:00;   616
01.12.2012 00:00:00;   607
02.12.2012 00:00:00;   605
03.12.2012 00:00:00;   616
04.12.2012 00:00:00;   619
05.12.2012 00:00:00;   619
06.12.2012 00:00:00;   621
07.12.2012 00:00:00;   623
08.12.2012 00:00:00;   606
09.12.2012 00:00:00;   600
10.12.2012 00:00:00;   607
11.12.2012 00:00:00;   621
12.12.2012 00:00:00;   631
13.12.2012 00:00:00;   633
14.12.2012 00:00:00;   632
15.12.2012 00:00:00;   613
16.12.2012 00:00:00;   599
17.12.2012 00:00:00;   609
18.12.2012 00:00:00;   623
19.12.2012 00:00:00;   616
20.12.2012 00:00:00;   608
21.12.2012 00:00:00;   611
22.12.2012 00:00:00;   604
23.12.2012 00:00:00;   610
24.12.2012 00:00:00;   612
25.12.2012 00:00:00;   616
26.12.2012 00:00:00;   617
27.12.2012 00:00:00;   612
28.12.2012 00:00:00;   614
29.12.2012 00:00:00;   607
30.12.2012 00:00:00;   595
31.12.2012 00:00:00;   598
01.01.2013 00:00:00;   598
02.01.2013 00:00:00;   593
03.01.2013 00:00:00;   592
04.01.2013 00:00:00;   596
05.01.2013 00:00:00;   594
06.01.2013 00:00:00;   599
07.01.2013 00:00:00;   617
08.01.2013 00:00:00;   623
09.01.2013 00:00:00;   629
10.01.2013 00:00:00;   634
11.01.2013 00:00:00;   618
12.01.2013 00:00:00;   611
13.01.2013 00:00:00;   602
14.01.2013 00:00:00;   608
15.01.2013 00:00:00;   610
16.01.2013 00:00:00;   613
17.01.2013 00:00:00;   617
18.01.2013 00:00:00;   617
19.01.2013 00:00:00;   608
20.01.2013 00:00:00;   602
21.01.2013 00:00:00;   619
22.01.2013 00:00:00;   615
23.01.2013 00:00:00;   610
24.01.2013 00:00:00;   601
25.01.2013 00:00:00;   607
26.01.2013 00:00:00;   600
27.01.2013 00:00:00;   597
28.01.2013 00:00:00;   604
29.01.2013 00:00:00;   597
30.01.2013 00:00:00;   593
31.01.2013 00:00:00;   598
01.02.2013 00:00:00;   594
02.02.2013 00:00:00;   603
03.02.2013 00:00:00;   591
04.02.2013 00:00:00;   587
05.02.2013 00:00:00;   599
06.02.2013 00:00:00;   607
07.02.2013 00:00:00;   605
08.02.2013 00:00:00;   601
09.02.2013 00:00:00;   597
10.02.2013 00:00:00;   597
11.02.2013 00:00:00;   598
12.02.2013 00:00:00;   605
13.02.2013 00:00:00;   600
14.02.2013 00:00:00;   592
15.02.2013 00:00:00;   602
16.02.2013 00:00:00;   590
17.02.2013 00:00:00;   583
18.02.2013 00:00:00;   597
19.02.2013 00:00:00;   601
20.02.2013 00:00:00;   594
21.02.2013 00:00:00;   602
22.02.2013 00:00:00;   604
23.02.2013 00:00:00;   599
24.02.2013 00:00:00;   593
25.02.2013 00:00:00;   597
26.02.2013 00:00:00;   599
27.02.2013 00:00:00;   592
28.02.2013 00:00:00;   595
01.03.2013 00:00:00;   594
02.03.2013 00:00:00;   591
03.03.2013 00:00:00;   580
04.03.2013 00:00:00;   588
05.03.2013 00:00:00;   590
06.03.2013 00:00:00;   590
07.03.2013 00:00:00;   591
08.03.2013 00:00:00;   592
09.03.2013 00:00:00;   594
10.03.2013 00:00:00;   599
11.03.2013 00:00:00;   598
12.03.2013 00:00:00;   601
13.03.2013 00:00:00;   610
14.03.2013 00:00:00;   604
15.03.2013 00:00:00;   599
16.03.2013 00:00:00;   587
17.03.2013 00:00:00;   579
18.03.2013 00:00:00;   591
19.03.2013 00:00:00;   588
20.03.2013 00:00:00;   584
21.03.2013 00:00:00;   585
22.03.2013 00:00:00;   588
23.03.2013 00:00:00;   581
24.03.2013 00:00:00;   580
25.03.2013 00:00:00;   594
26.03.2013 00:00:00;   591
27.03.2013 00:00:00;   592
28.03.2013 00:00:00;   598
29.03.2013 00:00:00;   594
30.03.2013 00:00:00;   591
31.03.2013 00:00:00;   583
01.04.2013 00:00:00;   582
02.04.2013 00:00:00;   585
03.04.2013 00:00:00;   583
04.04.2013 00:00:00;   584
05.04.2013 00:00:00;   594
06.04.2013 00:00:00;   585
07.04.2013 00:00:00;   583
08.04.2013 00:00:00;   580
09.04.2013 00:00:00;   573
10.04.2013 00:00:00;   579
11.04.2013 00:00:00;   575
12.04.2013 00:00:00;   593
13.04.2013 00:00:00;   599
14.04.2013 00:00:00;   600
15.04.2013 00:00:00;   619
16.04.2013 00:00:00;   642
17.04.2013 00:00:00;   656
18.04.2013 00:00:00;   665
19.04.2013 00:00:00;   674
20.04.2013 00:00:00;   666
21.04.2013 00:00:00;   646
22.04.2013 00:00:00;   657
23.04.2013 00:00:00;   652
24.04.2013 00:00:00;   661
25.04.2013 00:00:00;   666
26.04.2013 00:00:00;   673
27.04.2013 00:00:00;   687
28.04.2013 00:00:00;   694
29.04.2013 00:00:00;   698
30.04.2013 00:00:00;   715
01.05.2013 00:00:00;   732
02.05.2013 00:00:00;   747
03.05.2013 00:00:00;   741
04.05.2013 00:00:00;   714
05.05.2013 00:00:00;   699
06.05.2013 00:00:00;   699
07.05.2013 00:00:00;   705
08.05.2013 00:00:00;   711
09.05.2013 00:00:00;   707
10.05.2013 00:00:00;   716
11.05.2013 00:00:00;   716
12.05.2013 00:00:00;   700
13.05.2013 00:00:00;   688
14.05.2013 00:00:00;   681
15.05.2013 00:00:00;   679
16.05.2013 00:00:00;   683
17.05.2013 00:00:00;   694
18.05.2013 00:00:00;   687
19.05.2013 00:00:00;   684
20.05.2013 00:00:00;   673
21.05.2013 00:00:00;   676
22.05.2013 00:00:00;   669
23.05.2013 00:00:00;   663
24.05.2013 00:00:00;   660
25.05.2013 00:00:00;   643
26.05.2013 00:00:00;   638
27.05.2013 00:00:00;   643
28.05.2013 00:00:00;   648
29.05.2013 00:00:00;   649
30.05.2013 00:00:00;   651
31.05.2013 00:00:00;   649
01.06.2013 00:00:00;   703
02.06.2013 00:00:00;   738
03.06.2013 00:00:00;   707
04.06.2013 00:00:00;   684
05.06.2013 00:00:00;   685
06.06.2013 00:00:00;   691
07.06.2013 00:00:00;   693
08.06.2013 00:00:00;   691
09.06.2013 00:00:00;   694
10.06.2013 00:00:00;   708
11.06.2013 00:00:00;   705
12.06.2013 00:00:00;   697
13.06.2013 00:00:00;   695
14.06.2013 00:00:00;   708
15.06.2013 00:00:00;   724
16.06.2013 00:00:00;   740
17.06.2013 00:00:00;   750
18.06.2013 00:00:00;   761
19.06.2013 00:00:00;   766
20.06.2013 00:00:00;   770
21.06.2013 00:00:00;   769
22.06.2013 00:00:00;   738
23.06.2013 00:00:00;   715
24.06.2013 00:00:00;   729
25.06.2013 00:00:00;   702
26.06.2013 00:00:00;   698
27.06.2013 00:00:00;   689
28.06.2013 00:00:00;   670
29.06.2013 00:00:00;   666
30.06.2013 00:00:00;   666
01.07.2013 00:00:00;   661
02.07.2013 00:00:00;   673
03.07.2013 00:00:00;   675
04.07.2013 00:00:00;   684
05.07.2013 00:00:00;   680
06.07.2013 00:00:00;   679
07.07.2013 00:00:00;   674
08.07.2013 00:00:00;   684
09.07.2013 00:00:00;   687
10.07.2013 00:00:00;   686
11.07.2013 00:00:00;   681
12.07.2013 00:00:00;   678
13.07.2013 00:00:00;   671
14.07.2013 00:00:00;   664
15.07.2013 00:00:00;   665
16.07.2013 00:00:00;   660
17.07.2013 00:00:00;   657
18.07.2013 00:00:00;   666
19.07.2013 00:00:00;   668
20.07.2013 00:00:00;   662
21.07.2013 00:00:00;   660
22.07.2013 00:00:00;   666
23.07.2013 00:00:00;   666
24.07.2013 00:00:00;   663
25.07.2013 00:00:00;   654
26.07.2013 00:00:00;   645
27.07.2013 00:00:00;   637
28.07.2013 00:00:00;   637
29.07.2013 00:00:00;   655
30.07.2013 00:00:00;   668
31.07.2013 00:00:00;   649
01.08.2013 00:00:00;   640
02.08.2013 00:00:00;   638
03.08.2013 00:00:00;   627
04.08.2013 00:00:00;   626
05.08.2013 00:00:00;   632
06.08.2013 00:00:00;   631
07.08.2013 00:00:00;   631
08.08.2013 00:00:00;   656
09.08.2013 00:00:00;   678
10.08.2013 00:00:00;   648
11.08.2013 00:00:00;   631
12.08.2013 00:00:00;   622
13.08.2013 00:00:00;   623
14.08.2013 00:00:00;   617
15.08.2013 00:00:00;   617
16.08.2013 00:00:00;   621
17.08.2013 00:00:00;   625
18.08.2013 00:00:00;   623
19.08.2013 00:00:00;   627
20.08.2013 00:00:00;   629
21.08.2013 00:00:00;   619
22.08.2013 00:00:00;   619
23.08.2013 00:00:00;   616
24.08.2013 00:00:00;   605
25.08.2013 00:00:00;   618
26.08.2013 00:00:00;   615
27.08.2013 00:00:00;   625
28.08.2013 00:00:00;   643
29.08.2013 00:00:00;   629
30.08.2013 00:00:00;   622
31.08.2013 00:00:00;   607
01.09.2013 00:00:00;   601
02.09.2013 00:00:00;   603
03.09.2013 00:00:00;   607
04.09.2013 00:00:00;   617
05.09.2013 00:00:00;   617
06.09.2013 00:00:00;   609
07.09.2013 00:00:00;   598
08.09.2013 00:00:00;   600
09.09.2013 00:00:00;   659
10.09.2013 00:00:00;   637
11.09.2013 00:00:00;   626
12.09.2013 00:00:00;   622
13.09.2013 00:00:00;   614
14.09.2013 00:00:00;   607
15.09.2013 00:00:00;   603
16.09.2013 00:00:00;   612
17.09.2013 00:00:00;   621
18.09.2013 00:00:00;   630
19.09.2013 00:00:00;   637
20.09.2013 00:00:00;   629
21.09.2013 00:00:00;   613
22.09.2013 00:00:00;   606
23.09.2013 00:00:00;   609
24.09.2013 00:00:00;   616
25.09.2013 00:00:00;   615
26.09.2013 00:00:00;   616
27.09.2013 00:00:00;   624
28.09.2013 00:00:00;   610
29.09.2013 00:00:00;   603
30.09.2013 00:00:00;   616
01.10.2013 00:00:00;   615
02.10.2013 00:00:00;   616
03.10.2013 00:00:00;   612
04.10.2013 00:00:00;   618
05.10.2013 00:00:00;   604
06.10.2013 00:00:00;   605
07.10.2013 00:00:00;   608
08.10.2013 00:00:00;   606
09.10.2013 00:00:00;   608
10.10.2013 00:00:00;   610
11.10.2013 00:00:00;   612
12.10.2013 00:00:00;   611
13.10.2013 00:00:00;   605
14.10.2013 00:00:00;   615
15.10.2013 00:00:00;   623
16.10.2013 00:00:00;   640
17.10.2013 00:00:00;   632
18.10.2013 00:00:00;   633
19.10.2013 00:00:00;   617
20.10.2013 00:00:00;   614
21.10.2013 00:00:00;   623
22.10.2013 00:00:00;   628
23.10.2013 00:00:00;   706
24.10.2013 00:00:00;   758
25.10.2013 00:00:00;   684
26.10.2013 00:00:00;   662
27.10.2013 00:00:00;   638
28.10.2013 00:00:00;   636
29.10.2013 00:00:00;   641
30.10.2013 00:00:00;   638
31.10.2013 00:00:00;   635
01.11.2013 00:00:00;   630
02.11.2013 00:00:00;   622
03.11.2013 00:00:00;   620
04.11.2013 00:00:00;   624
05.11.2013 00:00:00;   628
06.11.2013 00:00:00;   641
07.11.2013 00:00:00;   638
08.11.2013 00:00:00;   634
09.11.2013 00:00:00;   641
10.11.2013 00:00:00;   625
11.11.2013 00:00:00;   633
12.11.2013 00:00:00;   634
13.11.2013 00:00:00;   630
14.11.2013 00:00:00;   633
15.11.2013 00:00:00;   640
16.11.2013 00:00:00;   634
17.11.2013 00:00:00;   626
18.11.2013 00:00:00;   631
19.11.2013 00:00:00;   632
20.11.2013 00:00:00;   625
21.11.2013 00:00:00;   623
22.11.2013 00:00:00;   620
23.11.2013 00:00:00;   620
24.11.2013 00:00:00;   612
25.11.2013 00:00:00;   613
26.11.2013 00:00:00;   614
27.11.2013 00:00:00;   617
28.11.2013 00:00:00;   617
29.11.2013 00:00:00;   623
30.11.2013 00:00:00;   618
01.12.2013 00:00:00;   604
02.12.2013 00:00:00;   611
03.12.2013 00:00:00;   617
04.12.2013 00:00:00;   614
05.12.2013 00:00:00;   611
06.12.2013 00:00:00;   613
07.12.2013 00:00:00;   606
08.12.2013 00:00:00;   595
09.12.2013 00:00:00;   601
10.12.2013 00:00:00;   610
11.12.2013 00:00:00;   616
12.12.2013 00:00:00;   621
13.12.2013 00:00:00;   619
14.12.2013 00:00:00;   606
15.12.2013 00:00:00;   593
16.12.2013 00:00:00;   599
17.12.2013 00:00:00;   603
18.12.2013 00:00:00;   601
19.12.2013 00:00:00;   606
20.12.2013 00:00:00;   603
21.12.2013 00:00:00;   597
22.12.2013 00:00:00;   590
23.12.2013 00:00:00;   588
24.12.2013 00:00:00;   588
25.12.2013 00:00:00;   589
26.12.2013 00:00:00;   594
27.12.2013 00:00:00;   591
28.12.2013 00:00:00;   590
29.12.2013 00:00:00;   590
30.12.2013 00:00:00;   590
31.12.2013 00:00:00;   591
01.01.2014 00:00:00;   589
02.01.2014 00:00:00;   589
03.01.2014 00:00:00;   587
04.01.2014 00:00:00;   588
05.01.2014 00:00:00;   589
06.01.2014 00:00:00;   589
07.01.2014 00:00:00;   589
08.01.2014 00:00:00;   593
09.01.2014 00:00:00;   592
10.01.2014 00:00:00;   594
11.01.2014 00:00:00;   592
12.01.2014 00:00:00;   589
13.01.2014 00:00:00;   591
14.01.2014 00:00:00;   600
15.01.2014 00:00:00;   598
16.01.2014 00:00:00;   596
17.01.2014 00:00:00;   597
18.01.2014 00:00:00;   595
19.01.2014 00:00:00;   591
20.01.2014 00:00:00;   598
21.01.2014 00:00:00;   601
22.01.2014 00:00:00;   596
23.01.2014 00:00:00;   599
24.01.2014 00:00:00;   597
25.01.2014 00:00:00;   591
26.01.2014 00:00:00;   587
27.01.2014 00:00:00;   592
28.01.2014 00:00:00;   595
29.01.2014 00:00:00;   596
30.01.2014 00:00:00;   601
31.01.2014 00:00:00;   601
01.02.2014 00:00:00;   590
02.02.2014 00:00:00;   586
03.02.2014 00:00:00;   593
04.02.2014 00:00:00;   603
05.02.2014 00:00:00;   602
06.02.2014 00:00:00;   596
07.02.2014 00:00:00;   592
08.02.2014 00:00:00;   589
09.02.2014 00:00:00;   587
10.02.2014 00:00:00;   591
11.02.2014 00:00:00;   595
12.02.2014 00:00:00;   597
13.02.2014 00:00:00;   594
14.02.2014 00:00:00;   597
15.02.2014 00:00:00;   587
16.02.2014 00:00:00;   585
17.02.2014 00:00:00;   589
18.02.2014 00:00:00;   594
19.02.2014 00:00:00;   598
20.02.2014 00:00:00;   598
21.02.2014 00:00:00;   597
22.02.2014 00:00:00;   589
23.02.2014 00:00:00;   585
24.02.2014 00:00:00;   588
25.02.2014 00:00:00;   590
26.02.2014 00:00:00;   594
27.02.2014 00:00:00;   599
28.02.2014 00:00:00;   594
01.03.2014 00:00:00;   596
02.03.2014 00:00:00;   591
03.03.2014 00:00:00;   591
04.03.2014 00:00:00;   600
05.03.2014 00:00:00;   601
06.03.2014 00:00:00;   596
07.03.2014 00:00:00;   595
08.03.2014 00:00:00;   590
09.03.2014 00:00:00;   587
10.03.2014 00:00:00;   592
11.03.2014 00:00:00;   599
12.03.2014 00:00:00;   603
13.03.2014 00:00:00;   605
14.03.2014 00:00:00;   611
15.03.2014 00:00:00;   602
16.03.2014 00:00:00;   593
17.03.2014 00:00:00;   602
18.03.2014 00:00:00;   618
19.03.2014 00:00:00;   613
20.03.2014 00:00:00;   608
21.03.2014 00:00:00;   612
22.03.2014 00:00:00;   610
23.03.2014 00:00:00;   614
24.03.2014 00:00:00;   622
25.03.2014 00:00:00;   625
26.03.2014 00:00:00;   627
27.03.2014 00:00:00;   626
28.03.2014 00:00:00;   622
29.03.2014 00:00:00;   607
30.03.2014 00:00:00;   603
31.03.2014 00:00:00;   619
01.04.2014 00:00:00;   621
02.04.2014 00:00:00;   621
03.04.2014 00:00:00;   629
04.04.2014 00:00:00;   634
05.04.2014 00:00:00;   628
06.04.2014 00:00:00;   618
07.04.2014 00:00:00;   626
08.04.2014 00:00:00;   640
09.04.2014 00:00:00;   637
10.04.2014 00:00:00;   631
11.04.2014 00:00:00;   634
12.04.2014 00:00:00;   626
13.04.2014 00:00:00;   617
14.04.2014 00:00:00;   633
15.04.2014 00:00:00;   638
16.04.2014 00:00:00;   628
17.04.2014 00:00:00;   620
18.04.2014 00:00:00;   618
19.04.2014 00:00:00;   615
20.04.2014 00:00:00;   606
21.04.2014 00:00:00;   608
22.04.2014 00:00:00;   618
23.04.2014 00:00:00;   622
24.04.2014 00:00:00;   623
25.04.2014 00:00:00;   628
26.04.2014 00:00:00;   631
27.04.2014 00:00:00;   644
28.04.2014 00:00:00;   644
29.04.2014 00:00:00;   636
30.04.2014 00:00:00;   638
01.05.2014 00:00:00;   629
02.05.2014 00:00:00;   643
03.05.2014 00:00:00;   641
04.05.2014 00:00:00;   627
05.05.2014 00:00:00;   631
06.05.2014 00:00:00;   636
07.05.2014 00:00:00;   646
08.05.2014 00:00:00;   641
09.05.2014 00:00:00;   642
10.05.2014 00:00:00;   650
11.05.2014 00:00:00;   648
12.05.2014 00:00:00;   656
13.05.2014 00:00:00;   658
14.05.2014 00:00:00;   649
15.05.2014 00:00:00;   649
16.05.2014 00:00:00;   639
17.05.2014 00:00:00;   627
18.05.2014 00:00:00;   622
19.05.2014 00:00:00;   633
20.05.2014 00:00:00;   642
21.05.2014 00:00:00;   652
22.05.2014 00:00:00;   661
23.05.2014 00:00:00;   747
24.05.2014 00:00:00;   725
25.05.2014 00:00:00;   687
26.05.2014 00:00:00;   684
27.05.2014 00:00:00;   679
28.05.2014 00:00:00;   672
29.05.2014 00:00:00;   659
30.05.2014 00:00:00;   656
31.05.2014 00:00:00;   647
01.06.2014 00:00:00;   645
02.06.2014 00:00:00;   656
03.06.2014 00:00:00;   656
04.06.2014 00:00:00;   660
05.06.2014 00:00:00;   663
06.06.2014 00:00:00;   661
07.06.2014 00:00:00;   670
08.06.2014 00:00:00;   675
09.06.2014 00:00:00;   684
10.06.2014 00:00:00;   699
11.06.2014 00:00:00;   709
12.06.2014 00:00:00;   703
13.06.2014 00:00:00;   707
14.06.2014 00:00:00;   698
15.06.2014 00:00:00;   682
16.06.2014 00:00:00;   673
17.06.2014 00:00:00;   671
18.06.2014 00:00:00;   664
19.06.2014 00:00:00;   660
20.06.2014 00:00:00;   660
21.06.2014 00:00:00;   650
22.06.2014 00:00:00;   646
23.06.2014 00:00:00;   665
24.06.2014 00:00:00;   679
25.06.2014 00:00:00;   672
26.06.2014 00:00:00;   666
27.06.2014 00:00:00;   661
28.06.2014 00:00:00;   656
29.06.2014 00:00:00;   698
30.06.2014 00:00:00;   737
01.07.2014 00:00:00;   697
02.07.2014 00:00:00;   683
03.07.2014 00:00:00;   684
04.07.2014 00:00:00;   680
05.07.2014 00:00:00;   683
06.07.2014 00:00:00;   678
07.07.2014 00:00:00;   691
08.07.2014 00:00:00;   712
09.07.2014 00:00:00;   722
10.07.2014 00:00:00;   700
11.07.2014 00:00:00;   730
12.07.2014 00:00:00;   720
13.07.2014 00:00:00;   705
14.07.2014 00:00:00;   697
15.07.2014 00:00:00;   686
16.07.2014 00:00:00;   686
17.07.2014 00:00:00;   684
18.07.2014 00:00:00;   679
19.07.2014 00:00:00;   668
20.07.2014 00:00:00;   666
21.07.2014 00:00:00;   678
22.07.2014 00:00:00;   684
23.07.2014 00:00:00;   687
24.07.2014 00:00:00;   678
25.07.2014 00:00:00;   671
26.07.2014 00:00:00;   673
27.07.2014 00:00:00;   686
28.07.2014 00:00:00;   688
29.07.2014 00:00:00;   691
30.07.2014 00:00:00;   690
31.07.2014 00:00:00;   726
01.08.2014 00:00:00;   706
02.08.2014 00:00:00;   693
03.08.2014 00:00:00;   689
04.08.2014 00:00:00;   691
05.08.2014 00:00:00;   703
06.08.2014 00:00:00;   688
07.08.2014 00:00:00;   681
08.08.2014 00:00:00;   675
09.08.2014 00:00:00;   666
10.08.2014 00:00:00;   666
11.08.2014 00:00:00;   685
12.08.2014 00:00:00;   690
13.08.2014 00:00:00;   754
14.08.2014 00:00:00;   764
15.08.2014 00:00:00;   722
16.08.2014 00:00:00;   707
17.08.2014 00:00:00;   686
18.08.2014 00:00:00;   689
19.08.2014 00:00:00;   685
20.08.2014 00:00:00;   681
21.08.2014 00:00:00;   682
22.08.2014 00:00:00;   670
23.08.2014 00:00:00;   662
24.08.2014 00:00:00;   653
25.08.2014 00:00:00;   658
26.08.2014 00:00:00;   663
27.08.2014 00:00:00;   666
28.08.2014 00:00:00;   656
29.08.2014 00:00:00;   655
30.08.2014 00:00:00;   652
31.08.2014 00:00:00;   646
01.09.2014 00:00:00;   678
02.09.2014 00:00:00;   670
03.09.2014 00:00:00;   661
04.09.2014 00:00:00;   657
05.09.2014 00:00:00;   659
06.09.2014 00:00:00;   649
07.09.2014 00:00:00;   643
08.09.2014 00:00:00;   651
09.09.2014 00:00:00;   656
10.09.2014 00:00:00;   652
11.09.2014 00:00:00;   651
12.09.2014 00:00:00;   654
13.09.2014 00:00:00;   643
14.09.2014 00:00:00;   640
15.09.2014 00:00:00;   649
16.09.2014 00:00:00;   648
17.09.2014 00:00:00;   648
18.09.2014 00:00:00;   647
19.09.2014 00:00:00;   645
20.09.2014 00:00:00;   641
21.09.2014 00:00:00;   640
22.09.2014 00:00:00;   641
23.09.2014 00:00:00;   643
24.09.2014 00:00:00;   645
25.09.2014 00:00:00;   644
26.09.2014 00:00:00;   635
27.09.2014 00:00:00;   630
28.09.2014 00:00:00;   628
29.09.2014 00:00:00;   632
30.09.2014 00:00:00;   644
01.10.2014 00:00:00;   641
02.10.2014 00:00:00;   636
03.10.2014 00:00:00;   636
04.10.2014 00:00:00;   624
05.10.2014 00:00:00;   621
06.10.2014 00:00:00;   629
07.10.2014 00:00:00;   631
08.10.2014 00:00:00;   629
09.10.2014 00:00:00;   630
10.10.2014 00:00:00;   632
11.10.2014 00:00:00;   642
12.10.2014 00:00:00;   644
13.10.2014 00:00:00;   681
14.10.2014 00:00:00;   720
15.10.2014 00:00:00;   674
16.10.2014 00:00:00;   664
17.10.2014 00:00:00;   662
18.10.2014 00:00:00;   655
19.10.2014 00:00:00;   647
20.10.2014 00:00:00;   648
21.10.2014 00:00:00;   651
22.10.2014 00:00:00;   657
23.10.2014 00:00:00;   664
24.10.2014 00:00:00;   661
25.10.2014 00:00:00;   652
26.10.2014 00:00:00;   652
27.10.2014 00:00:00;   661
28.10.2014 00:00:00;   659
29.10.2014 00:00:00;   658
30.10.2014 00:00:00;   655
31.10.2014 00:00:00;   650
01.11.2014 00:00:00;   645
02.11.2014 00:00:00;   644
03.11.2014 00:00:00;   649
04.11.2014 00:00:00;   656
05.11.2014 00:00:00;   687
06.11.2014 00:00:00;   692
07.11.2014 00:00:00;   675
08.11.2014 00:00:00;   670
09.11.2014 00:00:00;   671
10.11.2014 00:00:00;   677
11.11.2014 00:00:00;   676
12.11.2014 00:00:00;   685
13.11.2014 00:00:00;   689
14.11.2014 00:00:00;   681
15.11.2014 00:00:00;   670
16.11.2014 00:00:00;   681
17.11.2014 00:00:00;   682
18.11.2014 00:00:00;   681
19.11.2014 00:00:00;   681
20.11.2014 00:00:00;   673
21.11.2014 00:00:00;   668
22.11.2014 00:00:00;   657
23.11.2014 00:00:00;   652
24.11.2014 00:00:00;   654
25.11.2014 00:00:00;   659
26.11.2014 00:00:00;   658
27.11.2014 00:00:00;   656
28.11.2014 00:00:00;   653
29.11.2014 00:00:00;   653
30.11.2014 00:00:00;   649
01.12.2014 00:00:00;   653
02.12.2014 00:00:00;   660
03.12.2014 00:00:00;   667
04.12.2014 00:00:00;   665
05.12.2014 00:00:00;   665
06.12.2014 00:00:00;   655
07.12.2014 00:00:00;   648
08.12.2014 00:00:00;   649
09.12.2014 00:00:00;   656
10.12.2014 00:00:00;   656
11.12.2014 00:00:00;   654
12.12.2014 00:00:00;   650
13.12.2014 00:00:00;   646
14.12.2014 00:00:00;   645
15.12.2014 00:00:00;   647
16.12.2014 00:00:00;   649
17.12.2014 00:00:00;   647
18.12.2014 00:00:00;   645
19.12.2014 00:00:00;   645
20.12.2014 00:00:00;   639
21.12.2014 00:00:00;   636
22.12.2014 00:00:00;   636
23.12.2014 00:00:00;   633
24.12.2014 00:00:00;   631
25.12.2014 00:00:00;   626
26.12.2014 00:00:00;   625
27.12.2014 00:00:00;   624
28.12.2014 00:00:00;   622
29.12.2014 00:00:00;   639
30.12.2014 00:00:00;   640
31.12.2014 00:00:00;   638
01.01.2015 00:00:00;   632
02.01.2015 00:00:00;   634
03.01.2015 00:00:00;   634
04.01.2015 00:00:00;   641
05.01.2015 00:00:00;   638
06.01.2015 00:00:00;   638
07.01.2015 00:00:00;   642
08.01.2015 00:00:00;   641
09.01.2015 00:00:00;   638
10.01.2015 00:00:00;   637
11.01.2015 00:00:00;   636
12.01.2015 00:00:00;   636
13.01.2015 00:00:00;   635
14.01.2015 00:00:00;   635
15.01.2015 00:00:00;   636
16.01.2015 00:00:00;   637
17.01.2015 00:00:00;   640
18.01.2015 00:00:00;   633
19.01.2015 00:00:00;   633
20.01.2015 00:00:00;   639
21.01.2015 00:00:00;   646
22.01.2015 00:00:00;   642
23.01.2015 00:00:00;   638
24.01.2015 00:00:00;   628
25.01.2015 00:00:00;   622
26.01.2015 00:00:00;   631
27.01.2015 00:00:00;   636
28.01.2015 00:00:00;   635
29.01.2015 00:00:00;   637
30.01.2015 00:00:00;   634
31.01.2015 00:00:00;   630
01.02.2015 00:00:00;   626
02.02.2015 00:00:00;   632
03.02.2015 00:00:00;   634
04.02.2015 00:00:00;   634
05.02.2015 00:00:00;   637
06.02.2015 00:00:00;   640
07.02.2015 00:00:00;   640
08.02.2015 00:00:00;   632
09.02.2015 00:00:00;   634
10.02.2015 00:00:00;   638
11.02.2015 00:00:00;   635
12.02.2015 00:00:00;   634
13.02.2015 00:00:00;   636
14.02.2015 00:00:00;   626
15.02.2015 00:00:00;   622
16.02.2015 00:00:00;   631
17.02.2015 00:00:00;   637
18.02.2015 00:00:00;   643
19.02.2015 00:00:00;   638
20.02.2015 00:00:00;   637
21.02.2015 00:00:00;   630
22.02.2015 00:00:00;   623
23.02.2015 00:00:00;   628
24.02.2015 00:00:00;   634
25.02.2015 00:00:00;   636
26.02.2015 00:00:00;   634
27.02.2015 00:00:00;   636
28.02.2015 00:00:00;   625
01.03.2015 00:00:00;   621
02.03.2015 00:00:00;   627
03.03.2015 00:00:00;   628
04.03.2015 00:00:00;   630
05.03.2015 00:00:00;   631
06.03.2015 00:00:00;   629
07.03.2015 00:00:00;   619
08.03.2015 00:00:00;   618
09.03.2015 00:00:00;   619
10.03.2015 00:00:00;   624
11.03.2015 00:00:00;   625
12.03.2015 00:00:00;   622
13.03.2015 00:00:00;   622
14.03.2015 00:00:00;   620
15.03.2015 00:00:00;   618
16.03.2015 00:00:00;   625
17.03.2015 00:00:00;   623
18.03.2015 00:00:00;   620
19.03.2015 00:00:00;   619
20.03.2015 00:00:00;   621
21.03.2015 00:00:00;   623
22.03.2015 00:00:00;   619
23.03.2015 00:00:00;   622
24.03.2015 00:00:00;   627
25.03.2015 00:00:00;   626
26.03.2015 00:00:00;   630
27.03.2015 00:00:00;   622
28.03.2015 00:00:00;   617
29.03.2015 00:00:00;   616
30.03.2015 00:00:00;   636
31.03.2015 00:00:00;   644
01.04.2015 00:00:00;   647
02.04.2015 00:00:00;   640
03.04.2015 00:00:00;   642
04.04.2015 00:00:00;   636
05.04.2015 00:00:00;   627
06.04.2015 00:00:00;   621
07.04.2015 00:00:00;   622
08.04.2015 00:00:00;   625
09.04.2015 00:00:00;   625
10.04.2015 00:00:00;   632
11.04.2015 00:00:00;   631
12.04.2015 00:00:00;   630
13.04.2015 00:00:00;   639
14.04.2015 00:00:00;   646
15.04.2015 00:00:00;   651
16.04.2015 00:00:00;   656
17.04.2015 00:00:00;   656
18.04.2015 00:00:00;   652
19.04.2015 00:00:00;   646
20.04.2015 00:00:00;   647
21.04.2015 00:00:00;   647
22.04.2015 00:00:00;   645
23.04.2015 00:00:00;   648
24.04.2015 00:00:00;   651
25.04.2015 00:00:00;   645
26.04.2015 00:00:00;   639
27.04.2015 00:00:00;   658
28.04.2015 00:00:00;   664
29.04.2015 00:00:00;   656
30.04.2015 00:00:00;   657
01.05.2015 00:00:00;   647
02.05.2015 00:00:00;   662
03.05.2015 00:00:00;   676
04.05.2015 00:00:00;   690
05.05.2015 00:00:00;   699
06.05.2015 00:00:00;   728
07.05.2015 00:00:00;   719
08.05.2015 00:00:00;   710
09.05.2015 00:00:00;   721
10.05.2015 00:00:00;   694
11.05.2015 00:00:00;   699
12.05.2015 00:00:00;   696
13.05.2015 00:00:00;   708
14.05.2015 00:00:00;   718
15.05.2015 00:00:00;   755
16.05.2015 00:00:00;   723
17.05.2015 00:00:00;   706
18.05.2015 00:00:00;   712
19.05.2015 00:00:00;   728
20.05.2015 00:00:00;   758
21.05.2015 00:00:00;   737
22.05.2015 00:00:00;   723
23.05.2015 00:00:00;   707
24.05.2015 00:00:00;   680
25.05.2015 00:00:00;   677
26.05.2015 00:00:00;   697
27.05.2015 00:00:00;   687
28.05.2015 00:00:00;   676
29.05.2015 00:00:00;   680
30.05.2015 00:00:00;   669
31.05.2015 00:00:00;   668
01.06.2015 00:00:00;   679
02.06.2015 00:00:00;   682
03.06.2015 00:00:00;   696
04.06.2015 00:00:00;   716
05.06.2015 00:00:00;   733
06.06.2015 00:00:00;   737
07.06.2015 00:00:00;   740
08.06.2015 00:00:00;   751
09.06.2015 00:00:00;   747
10.06.2015 00:00:00;   729
11.06.2015 00:00:00;   723
12.06.2015 00:00:00;   724
13.06.2015 00:00:00;   720
14.06.2015 00:00:00;   724
15.06.2015 00:00:00;   729
16.06.2015 00:00:00;   728
17.06.2015 00:00:00;   721
18.06.2015 00:00:00;   711
19.06.2015 00:00:00;   723
20.06.2015 00:00:00;   711
21.06.2015 00:00:00;   701
22.06.2015 00:00:00;   705
23.06.2015 00:00:00;   708
24.06.2015 00:00:00;   702
25.06.2015 00:00:00;   698
26.06.2015 00:00:00;   697
27.06.2015 00:00:00;   686
28.06.2015 00:00:00;   677
29.06.2015 00:00:00;   693
30.06.2015 00:00:00;   698
01.07.2015 00:00:00;   696
02.07.2015 00:00:00;   696
03.07.2015 00:00:00;   706
04.07.2015 00:00:00;   700
05.07.2015 00:00:00;   686
06.07.2015 00:00:00;   696
07.07.2015 00:00:00;   700
08.07.2015 00:00:00;   694
09.07.2015 00:00:00;   681
10.07.2015 00:00:00;   678
11.07.2015 00:00:00;   670
12.07.2015 00:00:00;   661
13.07.2015 00:00:00;   671
14.07.2015 00:00:00;   675
15.07.2015 00:00:00;   675
16.07.2015 00:00:00;   676
17.07.2015 00:00:00;   668
18.07.2015 00:00:00;   658
19.07.2015 00:00:00;   654
20.07.2015 00:00:00;   662
21.07.2015 00:00:00;   668
22.07.2015 00:00:00;   670
23.07.2015 00:00:00;   673
24.07.2015 00:00:00;   662
25.07.2015 00:00:00;   650
26.07.2015 00:00:00;   639
27.07.2015 00:00:00;   646
28.07.2015 00:00:00;   638
29.07.2015 00:00:00;   640
30.07.2015 00:00:00;   632
31.07.2015 00:00:00;   632
01.08.2015 00:00:00;   631
02.08.2015 00:00:00;   630
03.08.2015 00:00:00;   631
04.08.2015 00:00:00;   634
05.08.2015 00:00:00;   634
06.08.2015 00:00:00;   635
07.08.2015 00:00:00;   633
08.08.2015 00:00:00;   625
09.08.2015 00:00:00;   632
10.08.2015 00:00:00;   634
11.08.2015 00:00:00;   635
12.08.2015 00:00:00;   631
13.08.2015 00:00:00;   624
14.08.2015 00:00:00;   624
15.08.2015 00:00:00;   624
16.08.2015 00:00:00;   623
17.08.2015 00:00:00;   631
18.08.2015 00:00:00;   632
19.08.2015 00:00:00;   645
20.08.2015 00:00:00;   639
21.08.2015 00:00:00;   631
22.08.2015 00:00:00;   624
23.08.2015 00:00:00;   618
24.08.2015 00:00:00;   626
25.08.2015 00:00:00;   658
26.08.2015 00:00:00;   642
27.08.2015 00:00:00;   642
28.08.2015 00:00:00;   648
29.08.2015 00:00:00;   628
30.08.2015 00:00:00;   620
31.08.2015 00:00:00;   633
01.09.2015 00:00:00;   648
02.09.2015 00:00:00;   631
03.09.2015 00:00:00;   639
04.09.2015 00:00:00;   646
05.09.2015 00:00:00;   630
06.09.2015 00:00:00;   625
07.09.2015 00:00:00;   626
08.09.2015 00:00:00;   626
09.09.2015 00:00:00;   622
10.09.2015 00:00:00;   620
11.09.2015 00:00:00;   625
12.09.2015 00:00:00;   616
13.09.2015 00:00:00;   613
14.09.2015 00:00:00;   663
15.09.2015 00:00:00;   683
16.09.2015 00:00:00;   673
17.09.2015 00:00:00;   706
18.09.2015 00:00:00;   725
19.09.2015 00:00:00;   688
20.09.2015 00:00:00;   671
21.09.2015 00:00:00;   671
22.09.2015 00:00:00;   668
23.09.2015 00:00:00;   682
24.09.2015 00:00:00;   667
25.09.2015 00:00:00;   660
26.09.2015 00:00:00;   656
27.09.2015 00:00:00;   649
28.09.2015 00:00:00;   657
29.09.2015 00:00:00;   659
30.09.2015 00:00:00;   655
01.10.2015 00:00:00;   651
02.10.2015 00:00:00;   649
03.10.2015 00:00:00;   641
04.10.2015 00:00:00;   642
05.10.2015 00:00:00;   647
06.10.2015 00:00:00;   650
07.10.2015 00:00:00;   648
08.10.2015 00:00:00;   649
09.10.2015 00:00:00;   647
10.10.2015 00:00:00;   635
11.10.2015 00:00:00;   627
12.10.2015 00:00:00;   630
13.10.2015 00:00:00;   640
14.10.2015 00:00:00;   650
15.10.2015 00:00:00;   656
16.10.2015 00:00:00;   656
17.10.2015 00:00:00;   643
18.10.2015 00:00:00;   633
19.10.2015 00:00:00;   644
20.10.2015 00:00:00;   651
21.10.2015 00:00:00;   645
22.10.2015 00:00:00;   642
23.10.2015 00:00:00;   640
24.10.2015 00:00:00;   635
25.10.2015 00:00:00;   630
26.10.2015 00:00:00;   634
27.10.2015 00:00:00;   639
28.10.2015 00:00:00;   641
29.10.2015 00:00:00;   652
30.10.2015 00:00:00;   644
31.10.2015 00:00:00;   632
01.11.2015 00:00:00;   625
02.11.2015 00:00:00;   630
03.11.2015 00:00:00;   636
04.11.2015 00:00:00;   640
05.11.2015 00:00:00;   637
06.11.2015 00:00:00;   631
07.11.2015 00:00:00;   622
08.11.2015 00:00:00;   616
09.11.2015 00:00:00;   623
10.11.2015 00:00:00;   630
11.11.2015 00:00:00;   630
12.11.2015 00:00:00;   633
13.11.2015 00:00:00;   630
14.11.2015 00:00:00;   623
15.11.2015 00:00:00;   616
16.11.2015 00:00:00;   617
17.11.2015 00:00:00;   627
18.11.2015 00:00:00;   624
19.11.2015 00:00:00;   622
20.11.2015 00:00:00;   626
21.11.2015 00:00:00;   630
22.11.2015 00:00:00;   615
23.11.2015 00:00:00;   630
24.11.2015 00:00:00;   642
25.11.2015 00:00:00;   641
26.11.2015 00:00:00;   636
27.11.2015 00:00:00;   634
28.11.2015 00:00:00;   626
29.11.2015 00:00:00;   617
30.11.2015 00:00:00;   622
01.12.2015 00:00:00;   632
02.12.2015 00:00:00;   639
03.12.2015 00:00:00;   640
04.12.2015 00:00:00;   636
05.12.2015 00:00:00;   623
06.12.2015 00:00:00;   610
07.12.2015 00:00:00;   612
08.12.2015 00:00:00;   610
09.12.2015 00:00:00;   627
10.12.2015 00:00:00;   633
11.12.2015 00:00:00;   625
12.12.2015 00:00:00;   610
13.12.2015 00:00:00;   604
14.12.2015 00:00:00;   613
15.12.2015 00:00:00;   619
16.12.2015 00:00:00;   623
17.12.2015 00:00:00;   620
18.12.2015 00:00:00;   611
19.12.2015 00:00:00;   596
20.12.2015 00:00:00;   594
21.12.2015 00:00:00;   594
22.12.2015 00:00:00;   594
23.12.2015 00:00:00;   591
24.12.2015 00:00:00;   588
25.12.2015 00:00:00;   586
26.12.2015 00:00:00;   584
27.12.2015 00:00:00;   583
28.12.2015 00:00:00;   584
29.12.2015 00:00:00;   585
30.12.2015 00:00:00;   584
31.12.2015 00:00:00;   583
01.01.2016 00:00:00;   583
02.01.2016 00:00:00;   583
03.01.2016 00:00:00;   584
04.01.2016 00:00:00;   585
05.01.2016 00:00:00;   588
06.01.2016 00:00:00;   586
07.01.2016 00:00:00;   589
08.01.2016 00:00:00;   596
09.01.2016 00:00:00;   594
10.01.2016 00:00:00;   587
11.01.2016 00:00:00;   592
12.01.2016 00:00:00;   595
13.01.2016 00:00:00;   598
14.01.2016 00:00:00;   592
15.01.2016 00:00:00;   589
16.01.2016 00:00:00;   587
17.01.2016 00:00:00;   586
18.01.2016 00:00:00;   596
19.01.2016 00:00:00;   620
20.01.2016 00:00:00;   621
21.01.2016 00:00:00;   631
22.01.2016 00:00:00;   615
23.01.2016 00:00:00;   600
24.01.2016 00:00:00;   590
25.01.2016 00:00:00;   592
26.01.2016 00:00:00;   609
27.01.2016 00:00:00;   605
28.01.2016 00:00:00;   613
29.01.2016 00:00:00;   613
30.01.2016 00:00:00;   601
31.01.2016 00:00:00;   599
01.02.2016 00:00:00;   618
02.02.2016 00:00:00;   617
03.02.2016 00:00:00;   617
04.02.2016 00:00:00;   616
05.02.2016 00:00:00;   614
06.02.2016 00:00:00;   601
07.02.2016 00:00:00;   594
08.02.2016 00:00:00;   612
09.02.2016 00:00:00;   617
10.02.2016 00:00:00;   603
11.02.2016 00:00:00;   605
12.02.2016 00:00:00;   609
13.02.2016 00:00:00;   599
14.02.2016 00:00:00;   594
15.02.2016 00:00:00;   604
16.02.2016 00:00:00;   619
17.02.2016 00:00:00;   620
18.02.2016 00:00:00;   623
19.02.2016 00:00:00;   621
20.02.2016 00:00:00;   600
21.02.2016 00:00:00;   598
22.02.2016 00:00:00;   605
23.02.2016 00:00:00;   615
24.02.2016 00:00:00;   609
25.02.2016 00:00:00;   612
26.02.2016 00:00:00;   614
27.02.2016 00:00:00;   600
28.02.2016 00:00:00;   589
29.02.2016 00:00:00;   605
01.03.2016 00:00:00;   618
02.03.2016 00:00:00;   607
03.03.2016 00:00:00;   612
04.03.2016 00:00:00;   618
05.03.2016 00:00:00;   604
06.03.2016 00:00:00;   594
07.03.2016 00:00:00;   607
08.03.2016 00:00:00;   618
09.03.2016 00:00:00;   613
10.03.2016 00:00:00;   608
11.03.2016 00:00:00;   612
12.03.2016 00:00:00;   601
13.03.2016 00:00:00;   592
14.03.2016 00:00:00;   611
15.03.2016 00:00:00;   626
16.03.2016 00:00:00;   622
17.03.2016 00:00:00;   633
18.03.2016 00:00:00;   624
19.03.2016 00:00:00;   616
20.03.2016 00:00:00;   615
21.03.2016 00:00:00;   621
22.03.2016 00:00:00;   619
23.03.2016 00:00:00;   614
24.03.2016 00:00:00;   614
25.03.2016 00:00:00;   600
26.03.2016 00:00:00;   593
27.03.2016 00:00:00;   590
28.03.2016 00:00:00;   592
29.03.2016 00:00:00;   605
30.03.2016 00:00:00;   624
31.03.2016 00:00:00;   621
01.04.2016 00:00:00;   640
02.04.2016 00:00:00;   641
03.04.2016 00:00:00;   635
04.04.2016 00:00:00;   650
05.04.2016 00:00:00;   669
06.04.2016 00:00:00;   666
07.04.2016 00:00:00;   656
08.04.2016 00:00:00;   665
09.04.2016 00:00:00;   651
10.04.2016 00:00:00;   634
11.04.2016 00:00:00;   641
12.04.2016 00:00:00;   649
13.04.2016 00:00:00;   652
14.04.2016 00:00:00;   654
15.04.2016 00:00:00;   648
16.04.2016 00:00:00;   635
17.04.2016 00:00:00;   641
18.04.2016 00:00:00;   693
19.04.2016 00:00:00;   684
20.04.2016 00:00:00;   671
21.04.2016 00:00:00;   673
22.04.2016 00:00:00;   676
23.04.2016 00:00:00;   667
24.04.2016 00:00:00;   656
25.04.2016 00:00:00;   663
26.04.2016 00:00:00;   670
27.04.2016 00:00:00;   671
28.04.2016 00:00:00;   665
29.04.2016 00:00:00;   659
30.04.2016 00:00:00;   647
01.05.2016 00:00:00;   635
02.05.2016 00:00:00;   644
03.05.2016 00:00:00;   652
04.05.2016 00:00:00;   644
05.05.2016 00:00:00;   637
06.05.2016 00:00:00;   633
07.05.2016 00:00:00;   640
08.05.2016 00:00:00;   635
09.05.2016 00:00:00;   657
10.05.2016 00:00:00;   668
11.05.2016 00:00:00;   676
12.05.2016 00:00:00;   684
13.05.2016 00:00:00;   703
14.05.2016 00:00:00;   693
15.05.2016 00:00:00;   678
16.05.2016 00:00:00;   669
17.05.2016 00:00:00;   671
18.05.2016 00:00:00;   666
19.05.2016 00:00:00;   671
20.05.2016 00:00:00;   661
21.05.2016 00:00:00;   654
22.05.2016 00:00:00;   660
23.05.2016 00:00:00;   699
24.05.2016 00:00:00;   685
25.05.2016 00:00:00;   684
26.05.2016 00:00:00;   682
27.05.2016 00:00:00;   690
28.05.2016 00:00:00;   708
29.05.2016 00:00:00;   731
30.05.2016 00:00:00;   742
31.05.2016 00:00:00;   731
01.06.2016 00:00:00;   724
02.06.2016 00:00:00;   723
03.06.2016 00:00:00;   718
04.06.2016 00:00:00;   717
05.06.2016 00:00:00;   715
06.06.2016 00:00:00;   723
07.06.2016 00:00:00;   729
08.06.2016 00:00:00;   734
09.06.2016 00:00:00;   737
10.06.2016 00:00:00;   729
11.06.2016 00:00:00;   727
12.06.2016 00:00:00;   712
13.06.2016 00:00:00;   714
14.06.2016 00:00:00;   715
15.06.2016 00:00:00;   725
16.06.2016 00:00:00;   750
17.06.2016 00:00:00;   896
18.06.2016 00:00:00;   794
19.06.2016 00:00:00;   768
20.06.2016 00:00:00;   752
21.06.2016 00:00:00;   744
22.06.2016 00:00:00;   748
23.06.2016 00:00:00;   755
24.06.2016 00:00:00;   760
25.06.2016 00:00:00;   759
26.06.2016 00:00:00;   744
27.06.2016 00:00:00;   745
28.06.2016 00:00:00;   731
29.06.2016 00:00:00;   728
30.06.2016 00:00:00;   730
01.07.2016 00:00:00;   726
02.07.2016 00:00:00;   712
03.07.2016 00:00:00;   704
04.07.2016 00:00:00;   713
05.07.2016 00:00:00;   705
06.07.2016 00:00:00;   701
07.07.2016 00:00:00;   702
08.07.2016 00:00:00;   696
09.07.2016 00:00:00;   682
10.07.2016 00:00:00;   681
11.07.2016 00:00:00;   692
12.07.2016 00:00:00;   713
13.07.2016 00:00:00;   734
14.07.2016 00:00:00;   724
15.07.2016 00:00:00;   700
16.07.2016 00:00:00;   686
17.07.2016 00:00:00;   675
18.07.2016 00:00:00;   682
19.07.2016 00:00:00;   690
20.07.2016 00:00:00;   685
21.07.2016 00:00:00;   690
22.07.2016 00:00:00;   689
23.07.2016 00:00:00;   680
24.07.2016 00:00:00;   668
25.07.2016 00:00:00;   675
26.07.2016 00:00:00;   679
27.07.2016 00:00:00;   681
28.07.2016 00:00:00;   673
29.07.2016 00:00:00;   666
30.07.2016 00:00:00;   660
31.07.2016 00:00:00;   658
01.08.2016 00:00:00;   668
02.08.2016 00:00:00;   673
03.08.2016 00:00:00;   660
04.08.2016 00:00:00;   670
05.08.2016 00:00:00;   737
06.08.2016 00:00:00;   714
07.08.2016 00:00:00;   685
08.08.2016 00:00:00;   676
09.08.2016 00:00:00;   683
10.08.2016 00:00:00;   690
11.08.2016 00:00:00;   674
12.08.2016 00:00:00;   670
13.08.2016 00:00:00;   658
14.08.2016 00:00:00;   653
15.08.2016 00:00:00;   657
16.08.2016 00:00:00;   662
17.08.2016 00:00:00;   665
18.08.2016 00:00:00;   665
19.08.2016 00:00:00;   673
20.08.2016 00:00:00;   658
21.08.2016 00:00:00;   656
22.08.2016 00:00:00;   656
23.08.2016 00:00:00;   661
24.08.2016 00:00:00;   659
25.08.2016 00:00:00;   664
26.08.2016 00:00:00;   656
27.08.2016 00:00:00;   648
28.08.2016 00:00:00;   639
29.08.2016 00:00:00;   655
30.08.2016 00:00:00;   658
31.08.2016 00:00:00;   661
01.09.2016 00:00:00;   655
02.09.2016 00:00:00;   650
03.09.2016 00:00:00;   635
04.09.2016 00:00:00;   634
05.09.2016 00:00:00;   669
06.09.2016 00:00:00;   661
07.09.2016 00:00:00;   648
08.09.2016 00:00:00;   642
09.09.2016 00:00:00;   644
10.09.2016 00:00:00;   636
11.09.2016 00:00:00;   642
12.09.2016 00:00:00;   648
13.09.2016 00:00:00;   649
14.09.2016 00:00:00;   640
15.09.2016 00:00:00;   641
16.09.2016 00:00:00;   639
17.09.2016 00:00:00;   633
18.09.2016 00:00:00;   625
19.09.2016 00:00:00;   643
20.09.2016 00:00:00;   641
21.09.2016 00:00:00;   645
22.09.2016 00:00:00;   637
23.09.2016 00:00:00;   636
24.09.2016 00:00:00;   623
25.09.2016 00:00:00;   618
26.09.2016 00:00:00;   628
27.09.2016 00:00:00;   632
28.09.2016 00:00:00;   626
29.09.2016 00:00:00;   620
30.09.2016 00:00:00;   625
01.10.2016 00:00:00;   617
02.10.2016 00:00:00;   611
03.10.2016 00:00:00;   622
04.10.2016 00:00:00;   622
05.10.2016 00:00:00;   619
06.10.2016 00:00:00;   626
07.10.2016 00:00:00;   623
08.10.2016 00:00:00;   612
09.10.2016 00:00:00;   609
10.10.2016 00:00:00;   617
11.10.2016 00:00:00;   626
12.10.2016 00:00:00;   622
13.10.2016 00:00:00;   623
14.10.2016 00:00:00;   625
15.10.2016 00:00:00;   617
16.10.2016 00:00:00;   607
17.10.2016 00:00:00;   610
18.10.2016 00:00:00;   622
19.10.2016 00:00:00;   621
20.10.2016 00:00:00;   623
21.10.2016 00:00:00;   619
22.10.2016 00:00:00;   608
23.10.2016 00:00:00;   599
24.10.2016 00:00:00;   607
25.10.2016 00:00:00;   622
26.10.2016 00:00:00;   631
27.10.2016 00:00:00;   622
28.10.2016 00:00:00;   618
29.10.2016 00:00:00;   609
30.10.2016 00:00:00;   606
31.10.2016 00:00:00;   605
01.11.2016 00:00:00;   600
02.11.2016 00:00:00;   603
03.11.2016 00:00:00;   612
04.11.2016 00:00:00;   624
05.11.2016 00:00:00;   607
06.11.2016 00:00:00;   599
07.11.2016 00:00:00;   599
08.11.2016 00:00:00;   606
09.11.2016 00:00:00;   607
10.11.2016 00:00:00;   604
11.11.2016 00:00:00;   604
12.11.2016 00:00:00;   595
13.11.2016 00:00:00;   593
14.11.2016 00:00:00;   609
15.11.2016 00:00:00;   611
16.11.2016 00:00:00;   603
17.11.2016 00:00:00;   601
18.11.2016 00:00:00;   599
19.11.2016 00:00:00;   601
20.11.2016 00:00:00;   594
21.11.2016 00:00:00;   596
22.11.2016 00:00:00;   602
23.11.2016 00:00:00;   606
24.11.2016 00:00:00;   607
25.11.2016 00:00:00;   603
26.11.2016 00:00:00;   600
27.11.2016 00:00:00;   594
28.11.2016 00:00:00;   591
29.11.2016 00:00:00;   601
30.11.2016 00:00:00;   616
01.12.2016 00:00:00;   630
02.12.2016 00:00:00;   618
03.12.2016 00:00:00;   603
04.12.2016 00:00:00;   592
05.12.2016 00:00:00;   600
06.12.2016 00:00:00;   617
07.12.2016 00:00:00;   616
08.12.2016 00:00:00;   607
09.12.2016 00:00:00;   598
10.12.2016 00:00:00;   601
11.12.2016 00:00:00;   590
12.12.2016 00:00:00;   616
13.12.2016 00:00:00;   630
14.12.2016 00:00:00;   631
15.12.2016 00:00:00;   637
16.12.2016 00:00:00;   623
17.12.2016 00:00:00;   602
18.12.2016 00:00:00;   593
19.12.2016 00:00:00;   605
20.12.2016 00:00:00;   618
21.12.2016 00:00:00;   625
22.12.2016 00:00:00;   622
23.12.2016 00:00:00;   605
24.12.2016 00:00:00;   585
25.12.2016 00:00:00;   579
26.12.2016 00:00:00;   578
27.12.2016 00:00:00;   576
28.12.2016 00:00:00;   583
29.12.2016 00:00:00;   574
30.12.2016 00:00:00;   584
31.12.2016 00:00:00;   586
01.01.2017 00:00:00;   575
02.01.2017 00:00:00;   582
03.01.2017 00:00:00;   595
04.01.2017 00:00:00;   609
05.01.2017 00:00:00;   606
06.01.2017 00:00:00;   592
07.01.2017 00:00:00;   596
08.01.2017 00:00:00;   591
09.01.2017 00:00:00;   609
10.01.2017 00:00:00;   622
11.01.2017 00:00:00;   621
12.01.2017 00:00:00;   622
13.01.2017 00:00:00;   621
14.01.2017 00:00:00;   602
15.01.2017 00:00:00;   586
16.01.2017 00:00:00;   609
17.01.2017 00:00:00;   628
18.01.2017 00:00:00;   630
19.01.2017 00:00:00;   633
20.01.2017 00:00:00;   631
21.01.2017 00:00:00;   614
22.01.2017 00:00:00;   591
23.01.2017 00:00:00;   610
24.01.2017 00:00:00;   627
25.01.2017 00:00:00;   634
26.01.2017 00:00:00;   637
27.01.2017 00:00:00;   624
28.01.2017 00:00:00;   598
29.01.2017 00:00:00;   580
30.01.2017 00:00:00;   579
31.01.2017 00:00:00;   607
01.02.2017 00:00:00;   613
02.02.2017 00:00:00;   594
03.02.2017 00:00:00;   586
04.02.2017 00:00:00;   582
05.02.2017 00:00:00;   577
06.02.2017 00:00:00;   584
07.02.2017 00:00:00;   582
08.02.2017 00:00:00;   586
09.02.2017 00:00:00;   595
10.02.2017 00:00:00;   597
11.02.2017 00:00:00;   591
12.02.2017 00:00:00;   586
13.02.2017 00:00:00;   580
14.02.2017 00:00:00;   582
15.02.2017 00:00:00;   579
16.02.2017 00:00:00;   578
17.02.2017 00:00:00;   585
18.02.2017 00:00:00;   577
19.02.2017 00:00:00;   574
20.02.2017 00:00:00;   578
21.02.2017 00:00:00;   585
22.02.2017 00:00:00;   583
23.02.2017 00:00:00;   593
24.02.2017 00:00:00;   594
25.02.2017 00:00:00;   587
26.02.2017 00:00:00;   576
27.02.2017 00:00:00;   580
28.02.2017 00:00:00;   595
01.03.2017 00:00:00;   594
02.03.2017 00:00:00;   593
03.03.2017 00:00:00;   578
04.03.2017 00:00:00;   574
05.03.2017 00:00:00;   580
06.03.2017 00:00:00;   586
07.03.2017 00:00:00;   610
08.03.2017 00:00:00;   604
09.03.2017 00:00:00;   619
10.03.2017 00:00:00;   635
11.03.2017 00:00:00;   613
12.03.2017 00:00:00;   601
13.03.2017 00:00:00;   594
14.03.2017 00:00:00;   610
15.03.2017 00:00:00;   609
16.03.2017 00:00:00;   600
17.03.2017 00:00:00;   601
18.03.2017 00:00:00;   602
19.03.2017 00:00:00;   610
20.03.2017 00:00:00;   612
21.03.2017 00:00:00;   632
22.03.2017 00:00:00;   634
23.03.2017 00:00:00;   632
24.03.2017 00:00:00;   634
25.03.2017 00:00:00;   621
26.03.2017 00:00:00;   611
27.03.2017 00:00:00;   614
28.03.2017 00:00:00;   622
29.03.2017 00:00:00;   618
30.03.2017 00:00:00;   624
31.03.2017 00:00:00;   618
01.04.2017 00:00:00;   622
02.04.2017 00:00:00;   621
03.04.2017 00:00:00;   626
04.04.2017 00:00:00;   632
05.04.2017 00:00:00;   629
06.04.2017 00:00:00;   620
07.04.2017 00:00:00;   624
08.04.2017 00:00:00;   609
09.04.2017 00:00:00;   609
10.04.2017 00:00:00;   617
11.04.2017 00:00:00;   624
12.04.2017 00:00:00;   625
13.04.2017 00:00:00;   624
14.04.2017 00:00:00;   617
15.04.2017 00:00:00;   614
16.04.2017 00:00:00;   610
17.04.2017 00:00:00;   608
18.04.2017 00:00:00;   621
19.04.2017 00:00:00;   628
20.04.2017 00:00:00;   623
21.04.2017 00:00:00;   619
22.04.2017 00:00:00;   603
23.04.2017 00:00:00;   595
24.04.2017 00:00:00;   601
25.04.2017 00:00:00;   605
26.04.2017 00:00:00;   618
27.04.2017 00:00:00;   632
28.04.2017 00:00:00;   629
29.04.2017 00:00:00;   609
30.04.2017 00:00:00;   603
01.05.2017 00:00:00;   608
02.05.2017 00:00:00;   619
03.05.2017 00:00:00;   630
04.05.2017 00:00:00;   624
05.05.2017 00:00:00;   619
06.05.2017 00:00:00;   610
07.05.2017 00:00:00;   621
08.05.2017 00:00:00;   626
09.05.2017 00:00:00;   626
10.05.2017 00:00:00;   626
11.05.2017 00:00:00;   628
12.05.2017 00:00:00;   641
13.05.2017 00:00:00;   636
14.05.2017 00:00:00;   637
15.05.2017 00:00:00;   653
16.05.2017 00:00:00;   654
17.05.2017 00:00:00;   667
18.05.2017 00:00:00;   684
19.05.2017 00:00:00;   689
20.05.2017 00:00:00;   686
21.05.2017 00:00:00;   658
22.05.2017 00:00:00;   667
23.05.2017 00:00:00;   674
24.05.2017 00:00:00;   682
25.05.2017 00:00:00;   681
26.05.2017 00:00:00;   687
27.05.2017 00:00:00;   687
28.05.2017 00:00:00;   689
29.05.2017 00:00:00;   704
30.05.2017 00:00:00;   717
31.05.2017 00:00:00;   709
01.06.2017 00:00:00;   705
02.06.2017 00:00:00;   704
03.06.2017 00:00:00;   696
04.06.2017 00:00:00;   694
05.06.2017 00:00:00;   699
06.06.2017 00:00:00;   726
07.06.2017 00:00:00;   715
08.06.2017 00:00:00;   688
09.06.2017 00:00:00;   687
10.06.2017 00:00:00;   675
11.06.2017 00:00:00;   668
12.06.2017 00:00:00;   682
13.06.2017 00:00:00;   692
14.06.2017 00:00:00;   690
15.06.2017 00:00:00;   676
16.06.2017 00:00:00;   674
17.06.2017 00:00:00;   663
18.06.2017 00:00:00;   658
19.06.2017 00:00:00;   664
20.06.2017 00:00:00;   666
21.06.2017 00:00:00;   665
22.06.2017 00:00:00;   668
23.06.2017 00:00:00;   661
24.06.2017 00:00:00;   647
25.06.2017 00:00:00;   651
26.06.2017 00:00:00;   662
27.06.2017 00:00:00;   677
28.06.2017 00:00:00;   694
29.06.2017 00:00:00;   703
30.06.2017 00:00:00;   696
01.07.2017 00:00:00;   666
02.07.2017 00:00:00;   655
03.07.2017 00:00:00;   663
04.07.2017 00:00:00;   654
05.07.2017 00:00:00;   656
06.07.2017 00:00:00;   659
07.07.2017 00:00:00;   660
08.07.2017 00:00:00;   641
09.07.2017 00:00:00;   639
10.07.2017 00:00:00;   662
11.07.2017 00:00:00;   657
12.07.2017 00:00:00;   646
13.07.2017 00:00:00;   634
14.07.2017 00:00:00;   634
15.07.2017 00:00:00;   626
16.07.2017 00:00:00;   618
17.07.2017 00:00:00;   627
18.07.2017 00:00:00;   632
19.07.2017 00:00:00;   629
20.07.2017 00:00:00;   628
21.07.2017 00:00:00;   625
22.07.2017 00:00:00;   617
23.07.2017 00:00:00;   613
24.07.2017 00:00:00;   635
25.07.2017 00:00:00;   635
26.07.2017 00:00:00;   650
27.07.2017 00:00:00;   644
28.07.2017 00:00:00;   630
29.07.2017 00:00:00;   622
30.07.2017 00:00:00;   623
31.07.2017 00:00:00;   623
01.08.2017 00:00:00;   632
02.08.2017 00:00:00;   631
03.08.2017 00:00:00;   626
04.08.2017 00:00:00;   618
05.08.2017 00:00:00;   617
06.08.2017 00:00:00;   610
07.08.2017 00:00:00;   615
08.08.2017 00:00:00;   624
09.08.2017 00:00:00;   686
10.08.2017 00:00:00;   679
11.08.2017 00:00:00;   670
12.08.2017 00:00:00;   655
13.08.2017 00:00:00;   642
14.08.2017 00:00:00;   641
15.08.2017 00:00:00;   634
16.08.2017 00:00:00;   645
17.08.2017 00:00:00;   637
18.08.2017 00:00:00;   635
19.08.2017 00:00:00;   634
20.08.2017 00:00:00;   622
21.08.2017 00:00:00;   621
22.08.2017 00:00:00;   626
23.08.2017 00:00:00;   627
24.08.2017 00:00:00;   632
25.08.2017 00:00:00;   623
26.08.2017 00:00:00;   615
27.08.2017 00:00:00;   610
28.08.2017 00:00:00;   614
29.08.2017 00:00:00;   623
30.08.2017 00:00:00;   621
31.08.2017 00:00:00;   620
01.09.2017 00:00:00;   735
02.09.2017 00:00:00;   709
03.09.2017 00:00:00;   683
04.09.2017 00:00:00;   674
05.09.2017 00:00:00;   676
06.09.2017 00:00:00;   669
07.09.2017 00:00:00;   669
08.09.2017 00:00:00;   660
09.09.2017 00:00:00;   654
10.09.2017 00:00:00;   705
11.09.2017 00:00:00;   688
12.09.2017 00:00:00;   696
13.09.2017 00:00:00;   682
14.09.2017 00:00:00;   677
15.09.2017 00:00:00;   671
16.09.2017 00:00:00;   670
17.09.2017 00:00:00;   668
18.09.2017 00:00:00;   674
19.09.2017 00:00:00;   666
20.09.2017 00:00:00;   665
21.09.2017 00:00:00;   657
22.09.2017 00:00:00;   655
23.09.2017 00:00:00;   646
24.09.2017 00:00:00;   646
25.09.2017 00:00:00;   658
26.09.2017 00:00:00;   658
27.09.2017 00:00:00;   654
28.09.2017 00:00:00;   648
29.09.2017 00:00:00;   639
30.09.2017 00:00:00;   627
01.10.2017 00:00:00;   629
02.10.2017 00:00:00;   632
03.10.2017 00:00:00;   640
04.10.2017 00:00:00;   643
05.10.2017 00:00:00;   641
06.10.2017 00:00:00;   644
07.10.2017 00:00:00;   629
08.10.2017 00:00:00;   625
09.10.2017 00:00:00;   632
10.10.2017 00:00:00;   632
11.10.2017 00:00:00;   640
12.10.2017 00:00:00;   629
13.10.2017 00:00:00;   621
14.10.2017 00:00:00;   616
15.10.2017 00:00:00;   608
16.10.2017 00:00:00;   616
17.10.2017 00:00:00;   626
18.10.2017 00:00:00;   629
19.10.2017 00:00:00;   624
20.10.2017 00:00:00;   623
21.10.2017 00:00:00;   612
22.10.2017 00:00:00;   607
23.10.2017 00:00:00;   624
24.10.2017 00:00:00;   626
25.10.2017 00:00:00;   630
26.10.2017 00:00:00;   623
27.10.2017 00:00:00;   626
28.10.2017 00:00:00;   615
29.10.2017 00:00:00;   605
30.10.2017 00:00:00;   619
31.10.2017 00:00:00;   626
01.11.2017 00:00:00;   613
02.11.2017 00:00:00;   620
03.11.2017 00:00:00;   621
04.11.2017 00:00:00;   607
05.11.2017 00:00:00;   599
06.11.2017 00:00:00;   611
07.11.2017 00:00:00;   615
08.11.2017 00:00:00;   619
09.11.2017 00:00:00;   622
10.11.2017 00:00:00;   622
11.11.2017 00:00:00;   611
12.11.2017 00:00:00;   613
13.11.2017 00:00:00;   613
14.11.2017 00:00:00;   614
15.11.2017 00:00:00;   615
16.11.2017 00:00:00;   619
17.11.2017 00:00:00;   614
18.11.2017 00:00:00;   603
19.11.2017 00:00:00;   597
20.11.2017 00:00:00;   605
21.11.2017 00:00:00;   605
22.11.2017 00:00:00;   602
23.11.2017 00:00:00;   602
24.11.2017 00:00:00;   609
25.11.2017 00:00:00;   601
26.11.2017 00:00:00;   587
27.11.2017 00:00:00;   601
28.11.2017 00:00:00;   621
29.11.2017 00:00:00;   628
30.11.2017 00:00:00;   629
01.12.2017 00:00:00;   632
02.12.2017 00:00:00;   616
03.12.2017 00:00:00;   598
04.12.2017 00:00:00;   613
05.12.2017 00:00:00;   627
06.12.2017 00:00:00;   630
07.12.2017 00:00:00;   625
08.12.2017 00:00:00;   609
09.12.2017 00:00:00;   608
10.12.2017 00:00:00;   595
11.12.2017 00:00:00;   600
12.12.2017 00:00:00;   636
13.12.2017 00:00:00;   638
14.12.2017 00:00:00;   628
15.12.2017 00:00:00;   622
16.12.2017 00:00:00;   594
17.12.2017 00:00:00;   586
18.12.2017 00:00:00;   599
19.12.2017 00:00:00;   605
20.12.2017 00:00:00;   607
21.12.2017 00:00:00;   606
22.12.2017 00:00:00;   607
23.12.2017 00:00:00;   590
24.12.2017 00:00:00;   579
25.12.2017 00:00:00;   578
26.12.2017 00:00:00;   573
27.12.2017 00:00:00;   575
28.12.2017 00:00:00;   576
29.12.2017 00:00:00;   580
30.12.2017 00:00:00;   576
31.12.2017 00:00:00;   580
01.01.2018 00:00:00;   576
02.01.2018 00:00:00;   576
03.01.2018 00:00:00;   578
04.01.2018 00:00:00;   593
05.01.2018 00:00:00;   615
06.01.2018 00:00:00;   603
07.01.2018 00:00:00;   598
08.01.2018 00:00:00;   605
09.01.2018 00:00:00;   625
10.01.2018 00:00:00;   620
11.01.2018 00:00:00;   614
12.01.2018 00:00:00;   619
13.01.2018 00:00:00;   607
14.01.2018 00:00:00;   604
15.01.2018 00:00:00;   611
16.01.2018 00:00:00;   614
17.01.2018 00:00:00;   615
18.01.2018 00:00:00;   615
19.01.2018 00:00:00;   612
20.01.2018 00:00:00;   600
21.01.2018 00:00:00;   598
22.01.2018 00:00:00;   602
23.01.2018 00:00:00;   625
24.01.2018 00:00:00;   614
25.01.2018 00:00:00;   614
26.01.2018 00:00:00;   615
27.01.2018 00:00:00;   603
28.01.2018 00:00:00;   594
29.01.2018 00:00:00;   606
30.01.2018 00:00:00;   615
31.01.2018 00:00:00;   610
01.02.2018 00:00:00;   613
02.02.2018 00:00:00;   618
03.02.2018 00:00:00;   599
04.02.2018 00:00:00;   588
05.02.2018 00:00:00;   597
06.02.2018 00:00:00;   617
07.02.2018 00:00:00;   618
08.02.2018 00:00:00;   617
09.02.2018 00:00:00;   613
10.02.2018 00:00:00;   601
11.02.2018 00:00:00;   582
12.02.2018 00:00:00;   596
13.02.2018 00:00:00;   603
14.02.2018 00:00:00;   604
15.02.2018 00:00:00;   608
16.02.2018 00:00:00;   616
17.02.2018 00:00:00;   596
18.02.2018 00:00:00;   588
19.02.2018 00:00:00;   603
20.02.2018 00:00:00;   612
21.02.2018 00:00:00;   596
22.02.2018 00:00:00;   598
23.02.2018 00:00:00;   610
24.02.2018 00:00:00;   604
25.02.2018 00:00:00;   595
26.02.2018 00:00:00;   608
27.02.2018 00:00:00;   623
28.02.2018 00:00:00;   636
01.03.2018 00:00:00;   629
02.03.2018 00:00:00;   626
03.03.2018 00:00:00;   605
04.03.2018 00:00:00;   578
05.03.2018 00:00:00;   581
06.03.2018 00:00:00;   576
07.03.2018 00:00:00;   573
08.03.2018 00:00:00;   571
09.03.2018 00:00:00;   565
10.03.2018 00:00:00;   565
11.03.2018 00:00:00;   562
12.03.2018 00:00:00;   573
13.03.2018 00:00:00;   579
14.03.2018 00:00:00;   584
15.03.2018 00:00:00;   590
16.03.2018 00:00:00;   585
17.03.2018 00:00:00;   577
18.03.2018 00:00:00;   577
19.03.2018 00:00:00;   578
20.03.2018 00:00:00;   580
21.03.2018 00:00:00;   577
22.03.2018 00:00:00;   578
23.03.2018 00:00:00;   580
24.03.2018 00:00:00;   572
25.03.2018 00:00:00;   564
26.03.2018 00:00:00;   569
27.03.2018 00:00:00;   579
28.03.2018 00:00:00;   585
29.03.2018 00:00:00;   582
30.03.2018 00:00:00;   578
31.03.2018 00:00:00;   593
01.04.2018 00:00:00;   585
02.04.2018 00:00:00;   579
03.04.2018 00:00:00;   584
04.04.2018 00:00:00;   598
05.04.2018 00:00:00;   611
06.04.2018 00:00:00;   610
07.04.2018 00:00:00;   600
08.04.2018 00:00:00;   611
09.04.2018 00:00:00;   632
10.04.2018 00:00:00;   631
11.04.2018 00:00:00;   636
12.04.2018 00:00:00;   645
13.04.2018 00:00:00;   648
14.04.2018 00:00:00;   626
15.04.2018 00:00:00;   624
16.04.2018 00:00:00;   643
17.04.2018 00:00:00;   649
18.04.2018 00:00:00;   660
19.04.2018 00:00:00;   670
20.04.2018 00:00:00;   681
21.04.2018 00:00:00;   682
22.04.2018 00:00:00;   685
23.04.2018 00:00:00;   698
24.04.2018 00:00:00;   706
25.04.2018 00:00:00;   707
26.04.2018 00:00:00;   719
27.04.2018 00:00:00;   709
28.04.2018 00:00:00;   702
29.04.2018 00:00:00;   702
30.04.2018 00:00:00;   728
01.05.2018 00:00:00;   702
02.05.2018 00:00:00;   699
03.05.2018 00:00:00;   698
04.05.2018 00:00:00;   696
05.05.2018 00:00:00;   701
06.05.2018 00:00:00;   703
07.05.2018 00:00:00;   722
08.05.2018 00:00:00;   729
09.05.2018 00:00:00;   730
10.05.2018 00:00:00;   704
11.05.2018 00:00:00;   708
12.05.2018 00:00:00;   705
13.05.2018 00:00:00;   688
14.05.2018 00:00:00;   696
15.05.2018 00:00:00;   713
16.05.2018 00:00:00;   703
17.05.2018 00:00:00;   685
18.05.2018 00:00:00;   680
19.05.2018 00:00:00;   681
20.05.2018 00:00:00;   666
21.05.2018 00:00:00;   662
22.05.2018 00:00:00;   685
23.05.2018 00:00:00;   693
24.05.2018 00:00:00;   698
25.05.2018 00:00:00;   704
26.05.2018 00:00:00;   707
27.05.2018 00:00:00;   705
28.05.2018 00:00:00;   737
29.05.2018 00:00:00;   734
30.05.2018 00:00:00;   728
31.05.2018 00:00:00;   729
01.06.2018 00:00:00;   733
02.06.2018 00:00:00;   702
03.06.2018 00:00:00;   701
04.06.2018 00:00:00;   711
05.06.2018 00:00:00;   716
06.06.2018 00:00:00;   714
07.06.2018 00:00:00;   710
08.06.2018 00:00:00;   708
09.06.2018 00:00:00;   690
10.06.2018 00:00:00;   686
11.06.2018 00:00:00;   701
12.06.2018 00:00:00;   708
13.06.2018 00:00:00;   720
14.06.2018 00:00:00;   704
15.06.2018 00:00:00;   694
16.06.2018 00:00:00;   680
17.06.2018 00:00:00;   673
18.06.2018 00:00:00;   674
19.06.2018 00:00:00;   683
20.06.2018 00:00:00;   682
21.06.2018 00:00:00;   683
22.06.2018 00:00:00;   675
23.06.2018 00:00:00;   658
24.06.2018 00:00:00;   652
25.06.2018 00:00:00;   660
26.06.2018 00:00:00;   658
27.06.2018 00:00:00;   654
28.06.2018 00:00:00;   654
29.06.2018 00:00:00;   648
30.06.2018 00:00:00;   643
01.07.2018 00:00:00;   639
02.07.2018 00:00:00;   648
03.07.2018 00:00:00;   662
04.07.2018 00:00:00;   662
05.07.2018 00:00:00;   661
06.07.2018 00:00:00;   655
07.07.2018 00:00:00;   637
08.07.2018 00:00:00;   632
09.07.2018 00:00:00;   637
10.07.2018 00:00:00;   640
11.07.2018 00:00:00;   646
12.07.2018 00:00:00;   635
13.07.2018 00:00:00;   634
14.07.2018 00:00:00;   626
15.07.2018 00:00:00;   625
16.07.2018 00:00:00;   631
17.07.2018 00:00:00;   634
18.07.2018 00:00:00;   622
19.07.2018 00:00:00;   625
20.07.2018 00:00:00;   635
21.07.2018 00:00:00;   639
22.07.2018 00:00:00;   633
23.07.2018 00:00:00;   627
24.07.2018 00:00:00;   636
25.07.2018 00:00:00;   634
26.07.2018 00:00:00;   631
27.07.2018 00:00:00;   626
28.07.2018 00:00:00;   622
29.07.2018 00:00:00;   619
30.07.2018 00:00:00;   621
31.07.2018 00:00:00;   629
01.08.2018 00:00:00;   629
02.08.2018 00:00:00;   644
03.08.2018 00:00:00;   641
04.08.2018 00:00:00;   631
05.08.2018 00:00:00;   617
06.08.2018 00:00:00;   626
07.08.2018 00:00:00;   647
08.08.2018 00:00:00;   631
09.08.2018 00:00:00;   624
10.08.2018 00:00:00;   623
11.08.2018 00:00:00;   616
12.08.2018 00:00:00;   612
13.08.2018 00:00:00;   626
14.08.2018 00:00:00;   625
15.08.2018 00:00:00;   614
16.08.2018 00:00:00;   613
17.08.2018 00:00:00;   614
18.08.2018 00:00:00;   613
19.08.2018 00:00:00;   611
20.08.2018 00:00:00;   623
21.08.2018 00:00:00;   634
22.08.2018 00:00:00;   635
23.08.2018 00:00:00;   633
24.08.2018 00:00:00;   623
25.08.2018 00:00:00;   617
26.08.2018 00:00:00;   613
27.08.2018 00:00:00;   613
28.08.2018 00:00:00;   618
29.08.2018 00:00:00;   620
30.08.2018 00:00:00;   619
31.08.2018 00:00:00;   625
01.09.2018 00:00:00;   638
02.09.2018 00:00:00;   632
03.09.2018 00:00:00;   627
04.09.2018 00:00:00;   632
05.09.2018 00:00:00;   632
06.09.2018 00:00:00;   634
07.09.2018 00:00:00;   632
08.09.2018 00:00:00;   615
09.09.2018 00:00:00;   614
10.09.2018 00:00:00;   615
11.09.2018 00:00:00;   618
12.09.2018 00:00:00;   613
13.09.2018 00:00:00;   621
14.09.2018 00:00:00;   620
15.09.2018 00:00:00;   610
16.09.2018 00:00:00;   606
17.09.2018 00:00:00;   606
18.09.2018 00:00:00;   612
19.09.2018 00:00:00;   611
20.09.2018 00:00:00;   607
21.09.2018 00:00:00;   610
22.09.2018 00:00:00;   603
23.09.2018 00:00:00;   601
24.09.2018 00:00:00;   613
25.09.2018 00:00:00;   605
26.09.2018 00:00:00;   605
27.09.2018 00:00:00;   608
28.09.2018 00:00:00;   603
29.09.2018 00:00:00;   596
30.09.2018 00:00:00;   593
01.10.2018 00:00:00;   605
02.10.2018 00:00:00;   610
03.10.2018 00:00:00;   605
04.10.2018 00:00:00;   607
05.10.2018 00:00:00;   601
06.10.2018 00:00:00;   598
07.10.2018 00:00:00;   599
08.10.2018 00:00:00;   600
09.10.2018 00:00:00;   606
10.10.2018 00:00:00;   608
11.10.2018 00:00:00;   601
12.10.2018 00:00:00;   599
13.10.2018 00:00:00;   593
14.10.2018 00:00:00;   589
15.10.2018 00:00:00;   592
16.10.2018 00:00:00;   607
17.10.2018 00:00:00;   613
18.10.2018 00:00:00;   606
19.10.2018 00:00:00;   603
20.10.2018 00:00:00;   597
21.10.2018 00:00:00;   587
22.10.2018 00:00:00;   592
23.10.2018 00:00:00;   598
24.10.2018 00:00:00;   599
25.10.2018 00:00:00;   600
26.10.2018 00:00:00;   611
27.10.2018 00:00:00;   594
28.10.2018 00:00:00;   592
29.10.2018 00:00:00;   626
30.10.2018 00:00:00;   675
31.10.2018 00:00:00;   636
01.11.2018 00:00:00;   623
02.11.2018 00:00:00;   616
03.11.2018 00:00:00;   616
04.11.2018 00:00:00;   611
05.11.2018 00:00:00;   618
06.11.2018 00:00:00;   627
07.11.2018 00:00:00;   633
08.11.2018 00:00:00;   631
09.11.2018 00:00:00;   632
10.11.2018 00:00:00;   618
11.11.2018 00:00:00;   608
12.11.2018 00:00:00;   621
13.11.2018 00:00:00;   618
14.11.2018 00:00:00;   617
15.11.2018 00:00:00;   615
16.11.2018 00:00:00;   611
17.11.2018 00:00:00;   600
18.11.2018 00:00:00;   588
19.11.2018 00:00:00;   604
20.11.2018 00:00:00;   626
21.11.2018 00:00:00;   626
22.11.2018 00:00:00;   627
23.11.2018 00:00:00;   626
24.11.2018 00:00:00;   598
25.11.2018 00:00:00;   588
26.11.2018 00:00:00;   603
27.11.2018 00:00:00;   617
28.11.2018 00:00:00;   599
29.11.2018 00:00:00;   593
30.11.2018 00:00:00;   597
01.12.2018 00:00:00;   594
02.12.2018 00:00:00;   583
03.12.2018 00:00:00;   604
04.12.2018 00:00:00;   625
05.12.2018 00:00:00;   617
06.12.2018 00:00:00;   608
07.12.2018 00:00:00;   605
08.12.2018 00:00:00;   589
09.12.2018 00:00:00;   587
10.12.2018 00:00:00;   605
11.12.2018 00:00:00;   619
12.12.2018 00:00:00;   628
13.12.2018 00:00:00;   624
14.12.2018 00:00:00;   630
15.12.2018 00:00:00;   613
16.12.2018 00:00:00;   597
17.12.2018 00:00:00;   609
18.12.2018 00:00:00;   609
19.12.2018 00:00:00;   600
20.12.2018 00:00:00;   593
21.12.2018 00:00:00;   586
22.12.2018 00:00:00;   587
23.12.2018 00:00:00;   584
24.12.2018 00:00:00;   632
25.12.2018 00:00:00;   615
26.12.2018 00:00:00;   602
27.12.2018 00:00:00;   602
28.12.2018 00:00:00;   607
29.12.2018 00:00:00;   596
30.12.2018 00:00:00;   588
31.12.2018 00:00:00;   590
01.01.2019 00:00:00;   583
02.01.2019 00:00:00;   582
03.01.2019 00:00:00;   596
04.01.2019 00:00:00;   602
05.01.2019 00:00:00;   600
06.01.2019 00:00:00;   585
07.01.2019 00:00:00;   596
08.01.2019 00:00:00;   604
09.01.2019 00:00:00;   608
10.01.2019 00:00:00;   617
11.01.2019 00:00:00;   612
12.01.2019 00:00:00;   597
13.01.2019 00:00:00;   579
14.01.2019 00:00:00;   595
15.01.2019 00:00:00;   611
16.01.2019 00:00:00;   606
17.01.2019 00:00:00;   600
18.01.2019 00:00:00;   614
19.01.2019 00:00:00;   606
20.01.2019 00:00:00;   598
21.01.2019 00:00:00;   610
22.01.2019 00:00:00;   623
23.01.2019 00:00:00;   625
24.01.2019 00:00:00;   636
25.01.2019 00:00:00;   632
26.01.2019 00:00:00;   606
27.01.2019 00:00:00;   590
28.01.2019 00:00:00;   591
29.01.2019 00:00:00;   601
30.01.2019 00:00:00;   595
31.01.2019 00:00:00;   609
01.02.2019 00:00:00;   609
02.02.2019 00:00:00;   594
03.02.2019 00:00:00;   586
04.02.2019 00:00:00;   597
05.02.2019 00:00:00;   606
06.02.2019 00:00:00;   600
07.02.2019 00:00:00;   591
08.02.2019 00:00:00;   578
09.02.2019 00:00:00;   569
10.02.2019 00:00:00;   565
11.02.2019 00:00:00;   573
12.02.2019 00:00:00;   581
13.02.2019 00:00:00;   576
14.02.2019 00:00:00;   583
15.02.2019 00:00:00;   583
16.02.2019 00:00:00;   567
17.02.2019 00:00:00;   565
18.02.2019 00:00:00;   569
19.02.2019 00:00:00;   581
20.02.2019 00:00:00;   582
21.02.2019 00:00:00;   584
22.02.2019 00:00:00;   584
23.02.2019 00:00:00;   572
24.02.2019 00:00:00;   569
25.02.2019 00:00:00;   584
26.02.2019 00:00:00;   587
27.02.2019 00:00:00;   592
28.02.2019 00:00:00;   587
01.03.2019 00:00:00;   598
02.03.2019 00:00:00;   591
03.03.2019 00:00:00;   577
04.03.2019 00:00:00;   579
05.03.2019 00:00:00;   582
06.03.2019 00:00:00;   584
07.03.2019 00:00:00;   583
08.03.2019 00:00:00;   586
09.03.2019 00:00:00;   581
10.03.2019 00:00:00;   582
11.03.2019 00:00:00;   590
12.03.2019 00:00:00;   596
13.03.2019 00:00:00;   580
14.03.2019 00:00:00;   581
15.03.2019 00:00:00;   593
16.03.2019 00:00:00;   587
17.03.2019 00:00:00;   588
18.03.2019 00:00:00;   605
19.03.2019 00:00:00;   602
20.03.2019 00:00:00;   599
21.03.2019 00:00:00;   594
22.03.2019 00:00:00;   604
23.03.2019 00:00:00;   590
24.03.2019 00:00:00;   587
25.03.2019 00:00:00;   594
26.03.2019 00:00:00;   596
27.03.2019 00:00:00;   601
28.03.2019 00:00:00;   603
29.03.2019 00:00:00;   600
30.03.2019 00:00:00;   593
31.03.2019 00:00:00;   590
01.04.2019 00:00:00;   599
02.04.2019 00:00:00;   605
03.04.2019 00:00:00;   615
04.04.2019 00:00:00;   633
05.04.2019 00:00:00;   630
06.04.2019 00:00:00;   623
07.04.2019 00:00:00;   610
08.04.2019 00:00:00;   619
09.04.2019 00:00:00;   619
10.04.2019 00:00:00;   610
11.04.2019 00:00:00;   614
12.04.2019 00:00:00;   617
13.04.2019 00:00:00;   598
14.04.2019 00:00:00;   601
15.04.2019 00:00:00;   608
16.04.2019 00:00:00;   600
17.04.2019 00:00:00;   606
18.04.2019 00:00:00;   614
19.04.2019 00:00:00;   618
20.04.2019 00:00:00;   619
21.04.2019 00:00:00;   624
22.04.2019 00:00:00;   626
23.04.2019 00:00:00;   630
24.04.2019 00:00:00;   644
25.04.2019 00:00:00;   674
26.04.2019 00:00:00;   689
27.04.2019 00:00:00;   665
28.04.2019 00:00:00;   652
29.04.2019 00:00:00;   652
30.04.2019 00:00:00;   645
01.05.2019 00:00:00;   631
02.05.2019 00:00:00;   634
03.05.2019 00:00:00;   652
04.05.2019 00:00:00;   636
05.05.2019 00:00:00;   631
06.05.2019 00:00:00;   635
07.05.2019 00:00:00;   640
08.05.2019 00:00:00;   637
09.05.2019 00:00:00;   630
10.05.2019 00:00:00;   637
11.05.2019 00:00:00;   635
12.05.2019 00:00:00;   635
13.05.2019 00:00:00;   631
14.05.2019 00:00:00;   630
15.05.2019 00:00:00;   626
16.05.2019 00:00:00;   623
17.05.2019 00:00:00;   628
18.05.2019 00:00:00;   624
19.05.2019 00:00:00;   625
20.05.2019 00:00:00;   654
21.05.2019 00:00:00;   683
22.05.2019 00:00:00;   673
23.05.2019 00:00:00;   668
24.05.2019 00:00:00;   675
25.05.2019 00:00:00;   674
26.05.2019 00:00:00;   672
27.05.2019 00:00:00;   675
28.05.2019 00:00:00;   692
29.05.2019 00:00:00;   692
30.05.2019 00:00:00;   669
31.05.2019 00:00:00;   664
01.06.2019 00:00:00;   671
02.06.2019 00:00:00;   685
03.06.2019 00:00:00;   716
04.06.2019 00:00:00;   737
05.06.2019 00:00:00;   756
06.06.2019 00:00:00;   764
07.06.2019 00:00:00;   749
08.06.2019 00:00:00;   758
09.06.2019 00:00:00;   738
10.06.2019 00:00:00;   782
11.06.2019 00:00:00;   848
12.06.2019 00:00:00;   870
13.06.2019 00:00:00;   811
14.06.2019 00:00:00;   767
15.06.2019 00:00:00;   781
16.06.2019 00:00:00;   777
17.06.2019 00:00:00;   740
18.06.2019 00:00:00;   741
19.06.2019 00:00:00;   739
20.06.2019 00:00:00;   740
21.06.2019 00:00:00;   730
22.06.2019 00:00:00;   725
23.06.2019 00:00:00;   716
24.06.2019 00:00:00;   722
25.06.2019 00:00:00;   729
26.06.2019 00:00:00;   741
27.06.2019 00:00:00;   745
28.06.2019 00:00:00;   749
29.06.2019 00:00:00;   744
30.06.2019 00:00:00;   726
01.07.2019 00:00:00;   725
02.07.2019 00:00:00;   716
03.07.2019 00:00:00;   710
04.07.2019 00:00:00;   704
05.07.2019 00:00:00;   700
06.07.2019 00:00:00;   693
07.07.2019 00:00:00;   683
08.07.2019 00:00:00;   698
09.07.2019 00:00:00;   693
10.07.2019 00:00:00;   684
11.07.2019 00:00:00;   685
12.07.2019 00:00:00;   682
13.07.2019 00:00:00;   673
14.07.2019 00:00:00;   659
15.07.2019 00:00:00;   681
16.07.2019 00:00:00;   669
17.07.2019 00:00:00;   665
18.07.2019 00:00:00;   662
19.07.2019 00:00:00;   665
20.07.2019 00:00:00;   655
21.07.2019 00:00:00;   645
22.07.2019 00:00:00;   649
23.07.2019 00:00:00;   660
24.07.2019 00:00:00;   661
25.07.2019 00:00:00;   666
26.07.2019 00:00:00;   663
27.07.2019 00:00:00;   654
28.07.2019 00:00:00;   645
29.07.2019 00:00:00;   652
30.07.2019 00:00:00;   651
31.07.2019 00:00:00;   655
01.08.2019 00:00:00;   654
02.08.2019 00:00:00;   667
03.08.2019 00:00:00;   647
04.08.2019 00:00:00;   635
05.08.2019 00:00:00;   644
06.08.2019 00:00:00;   647
07.08.2019 00:00:00;   653
08.08.2019 00:00:00;   649
09.08.2019 00:00:00;   654
10.08.2019 00:00:00;   638
11.08.2019 00:00:00;   632
12.08.2019 00:00:00;   705
13.08.2019 00:00:00;   750
14.08.2019 00:00:00;   688
15.08.2019 00:00:00;   661
16.08.2019 00:00:00;   680
17.08.2019 00:00:00;   655
18.08.2019 00:00:00;   646
19.08.2019 00:00:00;   653
20.08.2019 00:00:00;   691
21.08.2019 00:00:00;   772
22.08.2019 00:00:00;   707
23.08.2019 00:00:00;   696
24.08.2019 00:00:00;   678
25.08.2019 00:00:00;   662
26.08.2019 00:00:00;   677
27.08.2019 00:00:00;   676
28.08.2019 00:00:00;   669
29.08.2019 00:00:00;   662
30.08.2019 00:00:00;   654
31.08.2019 00:00:00;   636
01.09.2019 00:00:00;   628
02.09.2019 00:00:00;   639
03.09.2019 00:00:00;   634
04.09.2019 00:00:00;   639
05.09.2019 00:00:00;   634
06.09.2019 00:00:00;   643
07.09.2019 00:00:00;   644
08.09.2019 00:00:00;   639
09.09.2019 00:00:00;   660
10.09.2019 00:00:00;   646
11.09.2019 00:00:00;   639
12.09.2019 00:00:00;   638
13.09.2019 00:00:00;   636
14.09.2019 00:00:00;   632
15.09.2019 00:00:00;   625
16.09.2019 00:00:00;   641
17.09.2019 00:00:00;   638
18.09.2019 00:00:00;   618
19.09.2019 00:00:00;   622
20.09.2019 00:00:00;   621
21.09.2019 00:00:00;   611
22.09.2019 00:00:00;   604
23.09.2019 00:00:00;   624
24.09.2019 00:00:00;   628
25.09.2019 00:00:00;   626
26.09.2019 00:00:00;   624
27.09.2019 00:00:00;   611
28.09.2019 00:00:00;   604
29.09.2019 00:00:00;   600
30.09.2019 00:00:00;   601
01.10.2019 00:00:00;   606
02.10.2019 00:00:00;   614
03.10.2019 00:00:00;   609
04.10.2019 00:00:00;   607
05.10.2019 00:00:00;   604
06.10.2019 00:00:00;   607
07.10.2019 00:00:00;   622
08.10.2019 00:00:00;   614
09.10.2019 00:00:00;   615
10.10.2019 00:00:00;   616
11.10.2019 00:00:00;   607
12.10.2019 00:00:00;   599
13.10.2019 00:00:00;   594
14.10.2019 00:00:00;   605
15.10.2019 00:00:00;   614
16.10.2019 00:00:00;   634
17.10.2019 00:00:00;   627
18.10.2019 00:00:00;   622
19.10.2019 00:00:00;   611
20.10.2019 00:00:00;   629
21.10.2019 00:00:00;   707
22.10.2019 00:00:00;   707
23.10.2019 00:00:00;   675
24.10.2019 00:00:00;   661
25.10.2019 00:00:00;   657
26.10.2019 00:00:00;   635
27.10.2019 00:00:00;   622
28.10.2019 00:00:00;   631
29.10.2019 00:00:00;   639
30.10.2019 00:00:00;   640
31.10.2019 00:00:00;   635
01.11.2019 00:00:00;   623
02.11.2019 00:00:00;   616
03.11.2019 00:00:00;   613
04.11.2019 00:00:00;   620
05.11.2019 00:00:00;   624
06.11.2019 00:00:00;   631
07.11.2019 00:00:00;   619
08.11.2019 00:00:00;   627
09.11.2019 00:00:00;   613
10.11.2019 00:00:00;   600
11.11.2019 00:00:00;   603
12.11.2019 00:00:00;   613
13.11.2019 00:00:00;   613
14.11.2019 00:00:00;   612
15.11.2019 00:00:00;   620
16.11.2019 00:00:00;   603
17.11.2019 00:00:00;   595
18.11.2019 00:00:00;   609
19.11.2019 00:00:00;   626
20.11.2019 00:00:00;   628
21.11.2019 00:00:00;   625
22.11.2019 00:00:00;   605
23.11.2019 00:00:00;   588
24.11.2019 00:00:00;   589
25.11.2019 00:00:00;   607
26.11.2019 00:00:00;   597
27.11.2019 00:00:00;   592
28.11.2019 00:00:00;   591
29.11.2019 00:00:00;   593
30.11.2019 00:00:00;   588
01.12.2019 00:00:00;   578
02.12.2019 00:00:00;   590
03.12.2019 00:00:00;   607
04.12.2019 00:00:00;   601
05.12.2019 00:00:00;   607
06.12.2019 00:00:00;   601
07.12.2019 00:00:00;   581
08.12.2019 00:00:00;   568
09.12.2019 00:00:00;   571
10.12.2019 00:00:00;   596
11.12.2019 00:00:00;   605
12.12.2019 00:00:00;   603
13.12.2019 00:00:00;   599
14.12.2019 00:00:00;   575
15.12.2019 00:00:00;   563
16.12.2019 00:00:00;   590
17.12.2019 00:00:00;   593
18.12.2019 00:00:00;   586
19.12.2019 00:00:00;   573
20.12.2019 00:00:00;   574
21.12.2019 00:00:00;   576
22.12.2019 00:00:00;   570
23.12.2019 00:00:00;   567
24.12.2019 00:00:00;   568
25.12.2019 00:00:00;   569
26.12.2019 00:00:00;   568
27.12.2019 00:00:00;   569
28.12.2019 00:00:00;   568
29.12.2019 00:00:00;   562
30.12.2019 00:00:00;   562
31.12.2019 00:00:00;   568
01.01.2020 00:00:00;   567
02.01.2020 00:00:00;   567
03.01.2020 00:00:00;   569
04.01.2020 00:00:00;   557
05.01.2020 00:00:00;   552
06.01.2020 00:00:00;   557
07.01.2020 00:00:00;   588
08.01.2020 00:00:00;   587
09.01.2020 00:00:00;   595
10.01.2020 00:00:00;   598
11.01.2020 00:00:00;   579
12.01.2020 00:00:00;   560
13.01.2020 00:00:00;   576
14.01.2020 00:00:00;   583
15.01.2020 00:00:00;   581
16.01.2020 00:00:00;   601
17.01.2020 00:00:00;   589
18.01.2020 00:00:00;   567
19.01.2020 00:00:00;   558
20.01.2020 00:00:00;   581
21.01.2020 00:00:00;   596
22.01.2020 00:00:00;   605
23.01.2020 00:00:00;   616
24.01.2020 00:00:00;   609
25.01.2020 00:00:00;   595
26.01.2020 00:00:00;   568
27.01.2020 00:00:00;   566
28.01.2020 00:00:00;   574
29.01.2020 00:00:00;   583
30.01.2020 00:00:00;   577
31.01.2020 00:00:00;   566
01.02.2020 00:00:00;   561
02.02.2020 00:00:00;   554
03.02.2020 00:00:00;   594
04.02.2020 00:00:00;   608
05.02.2020 00:00:00;   599
06.02.2020 00:00:00;   592
07.02.2020 00:00:00;   600
08.02.2020 00:00:00;   583
09.02.2020 00:00:00;   571
10.02.2020 00:00:00;   579
11.02.2020 00:00:00;   583
12.02.2020 00:00:00;   585
13.02.2020 00:00:00;   587
14.02.2020 00:00:00;   607
15.02.2020 00:00:00;   581
16.02.2020 00:00:00;   566
17.02.2020 00:00:00;   575
18.02.2020 00:00:00;   583
19.02.2020 00:00:00;   588
20.02.2020 00:00:00;   591
21.02.2020 00:00:00;   575
22.02.2020 00:00:00;   566
23.02.2020 00:00:00;   553
24.02.2020 00:00:00;   572
25.02.2020 00:00:00;   577
26.02.2020 00:00:00;   595
27.02.2020 00:00:00;   609
28.02.2020 00:00:00;   599
29.02.2020 00:00:00;   571
01.03.2020 00:00:00;   560
02.03.2020 00:00:00;   579
03.03.2020 00:00:00;   600
04.03.2020 00:00:00;   599
05.03.2020 00:00:00;   601
06.03.2020 00:00:00;   586
07.03.2020 00:00:00;   580
08.03.2020 00:00:00;   560
09.03.2020 00:00:00;   574
10.03.2020 00:00:00;   584
11.03.2020 00:00:00;   581
12.03.2020 00:00:00;   583
13.03.2020 00:00:00;   590
14.03.2020 00:00:00;   583
15.03.2020 00:00:00;   567
16.03.2020 00:00:00;   567
17.03.2020 00:00:00;   582
18.03.2020 00:00:00;   574
19.03.2020 00:00:00;   586
20.03.2020 00:00:00;   599
21.03.2020 00:00:00;   580
22.03.2020 00:00:00;   574
23.03.2020 00:00:00;   574
24.03.2020 00:00:00;   587
25.03.2020 00:00:00;   598
26.03.2020 00:00:00;   587
27.03.2020 00:00:00;   583
28.03.2020 00:00:00;   572
29.03.2020 00:00:00;   560
30.03.2020 00:00:00;   583
31.03.2020 00:00:00;   589
01.04.2020 00:00:00;   578
02.04.2020 00:00:00;   577
03.04.2020 00:00:00;   579
04.04.2020 00:00:00;   578
05.04.2020 00:00:00;   556
06.04.2020 00:00:00;   558
07.04.2020 00:00:00;   586
08.04.2020 00:00:00;   590
09.04.2020 00:00:00;   600
10.04.2020 00:00:00;   597
11.04.2020 00:00:00;   596
12.04.2020 00:00:00;   588
13.04.2020 00:00:00;   585
14.04.2020 00:00:00;   595
15.04.2020 00:00:00;   596
16.04.2020 00:00:00;   599
17.04.2020 00:00:00;   608
18.04.2020 00:00:00;   599
19.04.2020 00:00:00;   605
20.04.2020 00:00:00;   609
21.04.2020 00:00:00;   610
22.04.2020 00:00:00;   613
23.04.2020 00:00:00;   623
24.04.2020 00:00:00;   633
25.04.2020 00:00:00;   615
26.04.2020 00:00:00;   604
27.04.2020 00:00:00;   615
28.04.2020 00:00:00;   629
29.04.2020 00:00:00;   636
30.04.2020 00:00:00;   617
01.05.2020 00:00:00;   605
02.05.2020 00:00:00;   601
03.05.2020 00:00:00;   603
04.05.2020 00:00:00;   614
05.05.2020 00:00:00;   618
06.05.2020 00:00:00;   641
07.05.2020 00:00:00;   620
08.05.2020 00:00:00;   630
09.05.2020 00:00:00;   623
10.05.2020 00:00:00;   632
11.05.2020 00:00:00;   644
12.05.2020 00:00:00;   657
13.05.2020 00:00:00;   658
14.05.2020 00:00:00;   657
15.05.2020 00:00:00;   657
16.05.2020 00:00:00;   636
17.05.2020 00:00:00;   628
18.05.2020 00:00:00;   637
19.05.2020 00:00:00;   645
20.05.2020 00:00:00;   663
21.05.2020 00:00:00;   645
22.05.2020 00:00:00;   643
23.05.2020 00:00:00;   638
24.05.2020 00:00:00;   641
25.05.2020 00:00:00;   637
26.05.2020 00:00:00;   646
27.05.2020 00:00:00;   641
28.05.2020 00:00:00;   633
29.05.2020 00:00:00;   632
30.05.2020 00:00:00;   616
31.05.2020 00:00:00;   603
01.06.2020 00:00:00;   600
02.06.2020 00:00:00;   622
03.06.2020 00:00:00;   641
04.06.2020 00:00:00;   640
05.06.2020 00:00:00;   631
06.06.2020 00:00:00;   602
07.06.2020 00:00:00;   638
08.06.2020 00:00:00;   666
09.06.2020 00:00:00;   674
10.06.2020 00:00:00;   689
11.06.2020 00:00:00;   689
12.06.2020 00:00:00;   668
13.06.2020 00:00:00;   659
14.06.2020 00:00:00;   658
15.06.2020 00:00:00;   669
16.06.2020 00:00:00;   679
17.06.2020 00:00:00;   672
18.06.2020 00:00:00;   664
19.06.2020 00:00:00;   672
20.06.2020 00:00:00;   646
21.06.2020 00:00:00;   639
22.06.2020 00:00:00;   640
23.06.2020 00:00:00;   649
24.06.2020 00:00:00;   652
25.06.2020 00:00:00;   653
26.06.2020 00:00:00;   652
27.06.2020 00:00:00;   647
28.06.2020 00:00:00;   634
29.06.2020 00:00:00;   655
30.06.2020 00:00:00;   647
01.07.2020 00:00:00;   657
02.07.2020 00:00:00;   668
03.07.2020 00:00:00;   662
04.07.2020 00:00:00;   638
05.07.2020 00:00:00;   624
06.07.2020 00:00:00;   626
07.07.2020 00:00:00;   630
08.07.2020 00:00:00;   638
09.07.2020 00:00:00;   639
10.07.2020 00:00:00;   628
11.07.2020 00:00:00;   620
12.07.2020 00:00:00;   610
13.07.2020 00:00:00;   604
14.07.2020 00:00:00;   614
15.07.2020 00:00:00;   625
16.07.2020 00:00:00;   635
17.07.2020 00:00:00;   625
18.07.2020 00:00:00;   607
19.07.2020 00:00:00;   595
20.07.2020 00:00:00;   598
21.07.2020 00:00:00;   599
22.07.2020 00:00:00;   605
23.07.2020 00:00:00;   614
24.07.2020 00:00:00;   604
25.07.2020 00:00:00;   583
26.07.2020 00:00:00;   581
27.07.2020 00:00:00;   587
28.07.2020 00:00:00;   586
29.07.2020 00:00:00;   589
30.07.2020 00:00:00;   593
31.07.2020 00:00:00;   606
01.08.2020 00:00:00;   589
02.08.2020 00:00:00;   580
03.08.2020 00:00:00;   606
04.08.2020 00:00:00;   638
05.08.2020 00:00:00;   606
06.08.2020 00:00:00;   600
07.08.2020 00:00:00;   603
08.08.2020 00:00:00;   597
09.08.2020 00:00:00;   583
10.08.2020 00:00:00;   585
11.08.2020 00:00:00;   600
12.08.2020 00:00:00;   590
13.08.2020 00:00:00;   596
14.08.2020 00:00:00;   600
15.08.2020 00:00:00;   586
16.08.2020 00:00:00;   576
17.08.2020 00:00:00;   604
18.08.2020 00:00:00;   607
19.08.2020 00:00:00;   591
20.08.2020 00:00:00;   586
21.08.2020 00:00:00;   586
22.08.2020 00:00:00;   572
23.08.2020 00:00:00;   569
24.08.2020 00:00:00;   581
25.08.2020 00:00:00;   584
26.08.2020 00:00:00;   564
27.08.2020 00:00:00;   579
28.08.2020 00:00:00;   592
29.08.2020 00:00:00;   702
30.08.2020 00:00:00;   822
31.08.2020 00:00:00;   742
01.09.2020 00:00:00;   683
02.09.2020 00:00:00;   667
03.09.2020 00:00:00;   654
04.09.2020 00:00:00;   641
05.09.2020 00:00:00;   631
06.09.2020 00:00:00;   621
07.09.2020 00:00:00;   643
08.09.2020 00:00:00;   632
09.09.2020 00:00:00;   629
10.09.2020 00:00:00;   628
11.09.2020 00:00:00;   630
12.09.2020 00:00:00;   609
13.09.2020 00:00:00;   596
14.09.2020 00:00:00;   610
15.09.2020 00:00:00;   631
16.09.2020 00:00:00;   619
17.09.2020 00:00:00;   599
18.09.2020 00:00:00;   596
19.09.2020 00:00:00;   584
20.09.2020 00:00:00;   579
21.09.2020 00:00:00;   592
22.09.2020 00:00:00;   608
23.09.2020 00:00:00;   603
24.09.2020 00:00:00;   596
25.09.2020 00:00:00;   636
26.09.2020 00:00:00;   613
27.09.2020 00:00:00;   597
28.09.2020 00:00:00;   620
29.09.2020 00:00:00;   632
30.09.2020 00:00:00;   630
01.10.2020 00:00:00;   623
02.10.2020 00:00:00;   624
03.10.2020 00:00:00;   811
04.10.2020 00:00:00;   726
05.10.2020 00:00:00;   702
06.10.2020 00:00:00;   685
07.10.2020 00:00:00;   677
08.10.2020 00:00:00;   667
09.10.2020 00:00:00;   664
10.10.2020 00:00:00;   649
11.10.2020 00:00:00;   640
12.10.2020 00:00:00;   652
13.10.2020 00:00:00;   651
14.10.2020 00:00:00;   645
15.10.2020 00:00:00;   644
16.10.2020 00:00:00;   645
17.10.2020 00:00:00;   632
18.10.2020 00:00:00;   616
19.10.2020 00:00:00;   629
20.10.2020 00:00:00;   616
21.10.2020 00:00:00;   618
22.10.2020 00:00:00;   613
23.10.2020 00:00:00;   620
24.10.2020 00:00:00;   624
25.10.2020 00:00:00;   613
26.10.2020 00:00:00;   635
27.10.2020 00:00:00;   638
28.10.2020 00:00:00;   637
29.10.2020 00:00:00;   641
30.10.2020 00:00:00;   642
31.10.2020 00:00:00;   638
01.11.2020 00:00:00;   628
02.11.2020 00:00:00;   630
03.11.2020 00:00:00;   645
04.11.2020 00:00:00;   650
05.11.2020 00:00:00;   643
06.11.2020 00:00:00;   639
07.11.2020 00:00:00;   623
08.11.2020 00:00:00;   620
09.11.2020 00:00:00;   630
10.11.2020 00:00:00;   632
11.11.2020 00:00:00;   640
12.11.2020 00:00:00;   625
13.11.2020 00:00:00;   622
14.11.2020 00:00:00;   613
15.11.2020 00:00:00;   600
16.11.2020 00:00:00;   603
17.11.2020 00:00:00;   605
18.11.2020 00:00:00;   603
19.11.2020 00:00:00;   607
20.11.2020 00:00:00;   625
21.11.2020 00:00:00;   599
22.11.2020 00:00:00;   584
23.11.2020 00:00:00;   604
24.11.2020 00:00:00;   619
25.11.2020 00:00:00;   615
26.11.2020 00:00:00;   632
27.11.2020 00:00:00;   624
28.11.2020 00:00:00;   599
29.11.2020 00:00:00;   581
30.11.2020 00:00:00;   602
01.12.2020 00:00:00;   615
02.12.2020 00:00:00;   628
03.12.2020 00:00:00;   614
04.12.2020 00:00:00;   605
05.12.2020 00:00:00;   596
06.12.2020 00:00:00;   583
07.12.2020 00:00:00;   598
08.12.2020 00:00:00;   610
09.12.2020 00:00:00;   620
10.12.2020 00:00:00;   626
11.12.2020 00:00:00;   627
12.12.2020 00:00:00;   606
13.12.2020 00:00:00;   584
14.12.2020 00:00:00;   593
15.12.2020 00:00:00;   606
16.12.2020 00:00:00;   605
17.12.2020 00:00:00;   618
18.12.2020 00:00:00;   608
19.12.2020 00:00:00;   587
20.12.2020 00:00:00;   579
21.12.2020 00:00:00;   593
22.12.2020 00:00:00;   594
23.12.2020 00:00:00;   583
24.12.2020 00:00:00;   578
25.12.2020 00:00:00;   580
26.12.2020 00:00:00;   570
27.12.2020 00:00:00;   565
28.12.2020 00:00:00;   566
29.12.2020 00:00:00;   573
30.12.2020 00:00:00;   570
31.12.2020 00:00:00;   570
01.01.2021 00:00:00;   565
02.01.2021 00:00:00;   567
03.01.2021 00:00:00;   566
04.01.2021 00:00:00;   573
05.01.2021 00:00:00;   605
06.01.2021 00:00:00;   601
07.01.2021 00:00:00;   617
08.01.2021 00:00:00;   621
09.01.2021 00:00:00;   595
10.01.2021 00:00:00;   579
11.01.2021 00:00:00;   591
12.01.2021 00:00:00;   604
13.01.2021 00:00:00;   624
14.01.2021 00:00:00;   604
15.01.2021 00:00:00;   605
16.01.2021 00:00:00;   590
17.01.2021 00:00:00;   575
18.01.2021 00:00:00;   604
19.01.2021 00:00:00;   603
20.01.2021 00:00:00;   589
21.01.2021 00:00:00;   579
22.01.2021 00:00:00;   588
23.01.2021 00:00:00;   574
24.01.2021 00:00:00;   562
25.01.2021 00:00:00;   582
26.01.2021 00:00:00;   601
27.01.2021 00:00:00;   606
28.01.2021 00:00:00;   600
29.01.2021 00:00:00;   593
30.01.2021 00:00:00;   589
31.01.2021 00:00:00;   586
01.02.2021 00:00:00;   593
02.02.2021 00:00:00;   607
03.02.2021 00:00:00;   600
04.02.2021 00:00:00;   601
05.02.2021 00:00:00;   602
06.02.2021 00:00:00;   595
07.02.2021 00:00:00;   598
08.02.2021 00:00:00;   622
09.02.2021 00:00:00;   629
10.02.2021 00:00:00;   631
11.02.2021 00:00:00;   624
12.02.2021 00:00:00;   616
13.02.2021 00:00:00;   609
14.02.2021 00:00:00;   589
15.02.2021 00:00:00;   595
16.02.2021 00:00:00;   600
17.02.2021 00:00:00;   591
18.02.2021 00:00:00;   588
19.02.2021 00:00:00;   590
20.02.2021 00:00:00;   577
21.02.2021 00:00:00;   565
22.02.2021 00:00:00;   581
23.02.2021 00:00:00;   594
24.02.2021 00:00:00;   593
25.02.2021 00:00:00;   601
26.02.2021 00:00:00;   608
27.02.2021 00:00:00;   594
28.02.2021 00:00:00;   578
01.03.2021 00:00:00;   604
02.03.2021 00:00:00;   612
03.03.2021 00:00:00;   631
04.03.2021 00:00:00;   627
05.03.2021 00:00:00;   617
06.03.2021 00:00:00;   598
07.03.2021 00:00:00;   585
08.03.2021 00:00:00;   601
09.03.2021 00:00:00;   609
10.03.2021 00:00:00;   613
11.03.2021 00:00:00;   600
12.03.2021 00:00:00;   594
13.03.2021 00:00:00;   580
14.03.2021 00:00:00;   570
15.03.2021 00:00:00;   591
16.03.2021 00:00:00;   609
17.03.2021 00:00:00;   604
18.03.2021 00:00:00;   614
19.03.2021 00:00:00;   602
20.03.2021 00:00:00;   586
21.03.2021 00:00:00;   575
22.03.2021 00:00:00;   584
23.03.2021 00:00:00;   587
24.03.2021 00:00:00;   593
25.03.2021 00:00:00;   592
26.03.2021 00:00:00;   596
27.03.2021 00:00:00;   583
28.03.2021 00:00:00;   573
29.03.2021 00:00:00;   581
30.03.2021 00:00:00;   599
31.03.2021 00:00:00;   611
01.04.2021 00:00:00;   617
02.04.2021 00:00:00;   612
03.04.2021 00:00:00;   611
04.04.2021 00:00:00;   599
05.04.2021 00:00:00;   592
06.04.2021 00:00:00;   609
07.04.2021 00:00:00;   607
08.04.2021 00:00:00;   612
09.04.2021 00:00:00;   610
10.04.2021 00:00:00;   596
11.04.2021 00:00:00;   587
12.04.2021 00:00:00;   604
13.04.2021 00:00:00;   598
14.04.2021 00:00:00;   583
15.04.2021 00:00:00;   588
16.04.2021 00:00:00;   581
17.04.2021 00:00:00;   578
18.04.2021 00:00:00;   569
19.04.2021 00:00:00;   576
20.04.2021 00:00:00;   573
21.04.2021 00:00:00;   576
22.04.2021 00:00:00;   573
23.04.2021 00:00:00;   570
24.04.2021 00:00:00;   574
25.04.2021 00:00:00;   581
26.04.2021 00:00:00;   604
27.04.2021 00:00:00;   614
28.04.2021 00:00:00;   631
29.04.2021 00:00:00;   629
30.04.2021 00:00:00;   641
01.05.2021 00:00:00;   632
02.05.2021 00:00:00;   643
03.05.2021 00:00:00;   633
04.05.2021 00:00:00;   613
05.05.2021 00:00:00;   621
06.05.2021 00:00:00;   637
07.05.2021 00:00:00;   617
08.05.2021 00:00:00;   597
09.05.2021 00:00:00;   595
10.05.2021 00:00:00;   637
11.05.2021 00:00:00;   727
12.05.2021 00:00:00;   726
13.05.2021 00:00:00;   682
14.05.2021 00:00:00;   667
15.05.2021 00:00:00;   646
16.05.2021 00:00:00;   637
17.05.2021 00:00:00;   660
18.05.2021 00:00:00;   656
19.05.2021 00:00:00;   655
20.05.2021 00:00:00;   646
21.05.2021 00:00:00;   619
22.05.2021 00:00:00;   616
23.05.2021 00:00:00;   617
24.05.2021 00:00:00;   622
25.05.2021 00:00:00;   646
26.05.2021 00:00:00;   652
27.05.2021 00:00:00;   644
28.05.2021 00:00:00;   641
29.05.2021 00:00:00;   638
30.05.2021 00:00:00;   629
31.05.2021 00:00:00;   650
01.06.2021 00:00:00;   665
02.06.2021 00:00:00;   670
03.06.2021 00:00:00;   667
04.06.2021 00:00:00;   687
05.06.2021 00:00:00;   696
06.06.2021 00:00:00;   696
07.06.2021 00:00:00;   702
08.06.2021 00:00:00;   714
09.06.2021 00:00:00;   717
10.06.2021 00:00:00;   721
11.06.2021 00:00:00;   716
12.06.2021 00:00:00;   699
13.06.2021 00:00:00;   694
14.06.2021 00:00:00;   722
15.06.2021 00:00:00;   721
16.06.2021 00:00:00;   713
17.06.2021 00:00:00;   725
18.06.2021 00:00:00;   727
19.06.2021 00:00:00;   723
20.06.2021 00:00:00;   716
21.06.2021 00:00:00;   736
22.06.2021 00:00:00;   730
23.06.2021 00:00:00;   721
24.06.2021 00:00:00;   709
25.06.2021 00:00:00;   697
26.06.2021 00:00:00;   674
27.06.2021 00:00:00;   667
28.06.2021 00:00:00;   676
29.06.2021 00:00:00;   696
30.06.2021 00:00:00;   700
01.07.2021 00:00:00;   683
02.07.2021 00:00:00;   672
03.07.2021 00:00:00;   656
04.07.2021 00:00:00;   653
05.07.2021 00:00:00;   663
06.07.2021 00:00:00;   654
07.07.2021 00:00:00;   700
08.07.2021 00:00:00;   748
09.07.2021 00:00:00;   774
10.07.2021 00:00:00;   701
11.07.2021 00:00:00;   692
12.07.2021 00:00:00;   688
13.07.2021 00:00:00;   721
14.07.2021 00:00:00;   729
15.07.2021 00:00:00;   710
16.07.2021 00:00:00;   720
17.07.2021 00:00:00;   690
18.07.2021 00:00:00;   700
19.07.2021 00:00:00;   696
20.07.2021 00:00:00;   691
21.07.2021 00:00:00;   679
22.07.2021 00:00:00;   678
23.07.2021 00:00:00;   672
24.07.2021 00:00:00;   661
25.07.2021 00:00:00;   667
26.07.2021 00:00:00;   675
27.07.2021 00:00:00;   685
28.07.2021 00:00:00;   697
29.07.2021 00:00:00;   697
30.07.2021 00:00:00;   679
31.07.2021 00:00:00;   672
01.08.2021 00:00:00;   729
02.08.2021 00:00:00;   717
03.08.2021 00:00:00;   711
04.08.2021 00:00:00;   709
05.08.2021 00:00:00;   741
06.08.2021 00:00:00;   706
07.08.2021 00:00:00;   701
08.08.2021 00:00:00;   758
09.08.2021 00:00:00;   716
10.08.2021 00:00:00;   707
11.08.2021 00:00:00;   697
12.08.2021 00:00:00;   690
13.08.2021 00:00:00;   681
14.08.2021 00:00:00;   663
15.08.2021 00:00:00;   658
16.08.2021 00:00:00;   669
17.08.2021 00:00:00;   672
18.08.2021 00:00:00;   653
19.08.2021 00:00:00;   662
20.08.2021 00:00:00;   656
21.08.2021 00:00:00;   647
22.08.2021 00:00:00;   635
23.08.2021 00:00:00;   649
24.08.2021 00:00:00;   643
25.08.2021 00:00:00;   633
26.08.2021 00:00:00;   637
27.08.2021 00:00:00;   633
28.08.2021 00:00:00;   620
29.08.2021 00:00:00;   609
30.08.2021 00:00:00;   652
31.08.2021 00:00:00;   646
01.09.2021 00:00:00;   630
02.09.2021 00:00:00;   630
03.09.2021 00:00:00;   630
04.09.2021 00:00:00;   615
05.09.2021 00:00:00;   598
06.09.2021 00:00:00;   617
07.09.2021 00:00:00;   622
08.09.2021 00:00:00;   613
09.09.2021 00:00:00;   616
10.09.2021 00:00:00;   624
11.09.2021 00:00:00;   599
12.09.2021 00:00:00;   583
13.09.2021 00:00:00;   592
14.09.2021 00:00:00;   619
15.09.2021 00:00:00;   620
16.09.2021 00:00:00;   604
17.09.2021 00:00:00;   608
18.09.2021 00:00:00;   588
19.09.2021 00:00:00;   587
20.09.2021 00:00:00;   620
21.09.2021 00:00:00;   606
22.09.2021 00:00:00;   598
23.09.2021 00:00:00;   590
24.09.2021 00:00:00;   585
25.09.2021 00:00:00;   576
26.09.2021 00:00:00;   576
27.09.2021 00:00:00;   589
28.09.2021 00:00:00;   581
29.09.2021 00:00:00;   586
30.09.2021 00:00:00;   581
01.10.2021 00:00:00;   583
02.10.2021 00:00:00;   573
03.10.2021 00:00:00;   562
04.10.2021 00:00:00;   599
05.10.2021 00:00:00;   638
06.10.2021 00:00:00;   631
07.10.2021 00:00:00;   626
08.10.2021 00:00:00;   608
09.10.2021 00:00:00;   586
10.10.2021 00:00:00;   580
11.10.2021 00:00:00;   587
12.10.2021 00:00:00;   594
13.10.2021 00:00:00;   591
14.10.2021 00:00:00;   599
15.10.2021 00:00:00;   603
16.10.2021 00:00:00;   585
17.10.2021 00:00:00;   574
18.10.2021 00:00:00;   572
19.10.2021 00:00:00;   574
20.10.2021 00:00:00;   577
21.10.2021 00:00:00;   585
22.10.2021 00:00:00;   584
23.10.2021 00:00:00;   577
24.10.2021 00:00:00;   561
25.10.2021 00:00:00;   572
26.10.2021 00:00:00;   593
27.10.2021 00:00:00;   581
28.10.2021 00:00:00;   577
29.10.2021 00:00:00;   576
30.10.2021 00:00:00;   563
31.10.2021 00:00:00;   561
01.11.2021 00:00:00;   562
02.11.2021 00:00:00;   585
03.11.2021 00:00:00;   600
04.11.2021 00:00:00;   597
05.11.2021 00:00:00;   583
06.11.2021 00:00:00;   581
07.11.2021 00:00:00;   566
08.11.2021 00:00:00;   586
09.11.2021 00:00:00;   590
10.11.2021 00:00:00;   600
11.11.2021 00:00:00;   604
12.11.2021 00:00:00;   611
13.11.2021 00:00:00;   585
14.11.2021 00:00:00;   581
15.11.2021 00:00:00;   601
16.11.2021 00:00:00;   623
17.11.2021 00:00:00;   612
18.11.2021 00:00:00;   600
19.11.2021 00:00:00;   594
20.11.2021 00:00:00;   573
21.11.2021 00:00:00;   568
22.11.2021 00:00:00;   581
23.11.2021 00:00:00;   596
24.11.2021 00:00:00;   601
25.11.2021 00:00:00;   600
26.11.2021 00:00:00;   598
27.11.2021 00:00:00;   563
28.11.2021 00:00:00;   546
29.11.2021 00:00:00;   581
30.11.2021 00:00:00;   595
01.12.2021 00:00:00;   585
02.12.2021 00:00:00;   587
03.12.2021 00:00:00;   607
04.12.2021 00:00:00;   580
05.12.2021 00:00:00;   557
06.12.2021 00:00:00;   577
07.12.2021 00:00:00;   571
08.12.2021 00:00:00;   564
09.12.2021 00:00:00;   588
10.12.2021 00:00:00;   573
11.12.2021 00:00:00;   556
12.12.2021 00:00:00;   546
13.12.2021 00:00:00;   559
14.12.2021 00:00:00;   599
15.12.2021 00:00:00;   594
16.12.2021 00:00:00;   584
17.12.2021 00:00:00;   570
18.12.2021 00:00:00;   553
19.12.2021 00:00:00;   550
20.12.2021 00:00:00;   556
21.12.2021 00:00:00;   581
22.12.2021 00:00:00;   595
23.12.2021 00:00:00;   579
24.12.2021 00:00:00;   556
25.12.2021 00:00:00;   542
26.12.2021 00:00:00;   535
27.12.2021 00:00:00;   531
28.12.2021 00:00:00;   536
29.12.2021 00:00:00;   556
30.12.2021 00:00:00;   587
31.12.2021 00:00:00;   582
01.01.2022 00:00:00; Lücke
