Messstelle:                ;Hopfgarten i.Brt.
HZB-Nummer:                ;102780
HD-Nummer:                 ;HD7000148
DBMS-Nummer:               ;7000148
Sachgebiet:                ;NLV
Dienststelle:              ;HD-Tirol
Messstellenbetreiber:      ;Hydrographischer Dienst
Höhe:
 gültig seit:              ;Höhe [m ü.A.]:
  01.01.1964               ;595
  26.07.1980               ;600
  01.10.2010               ;591
Geographische Koordinaten (Referenzellipsoid: Bessel 1841):
 gültig seit:              ;Länge (Grad,Min,Sek):    ;Breite  (Grad,Min,Sek):
  01.10.2010               ;12 09 10                 ;47 27 15
  26.07.1980               ;12 09 34                 ;47 26 48
  01.01.1964               ;12 09 05                 ;47 27 03
Exportzeitreihe:           ;Neuschnee,I,Sum,T,1,O,Z,0,,,
Exportqualität:            ;MAXQUAL (2)
Exportzeitraum:            ;01.09.1970 07:00; bis ;01.09.2021 07:00
Hinweis:                   ;Der Intervallwert gilt bis zum nächsten Zeitpunkt mit einem Wert oder Lücke
Hinweis:                   ;Messwert=0,001 - Messwert kleiner als 0,5cm
Werteformat:               ;0 Nachkommastellen
Einheit:                   ;cm
Werte:
01.09.1970 07:00:00   ;     0
02.09.1970 07:00:00   ;     0
03.09.1970 07:00:00   ;     0
04.09.1970 07:00:00   ;     0
05.09.1970 07:00:00   ;     0
06.09.1970 07:00:00   ;     0
07.09.1970 07:00:00   ;     0
08.09.1970 07:00:00   ;     0
09.09.1970 07:00:00   ;     0
10.09.1970 07:00:00   ;     0
11.09.1970 07:00:00   ;     0
12.09.1970 07:00:00   ;     0
13.09.1970 07:00:00   ;     0
14.09.1970 07:00:00   ;     0
15.09.1970 07:00:00   ;     0
16.09.1970 07:00:00   ;     0
17.09.1970 07:00:00   ;     0
18.09.1970 07:00:00   ;     0
19.09.1970 07:00:00   ;     0
20.09.1970 07:00:00   ;     0
21.09.1970 07:00:00   ;     0
22.09.1970 07:00:00   ;     0
23.09.1970 07:00:00   ;     0
24.09.1970 07:00:00   ;     0
25.09.1970 07:00:00   ;     0
26.09.1970 07:00:00   ;     0
27.09.1970 07:00:00   ;     0
28.09.1970 07:00:00   ;     0
29.09.1970 07:00:00   ;     0
30.09.1970 07:00:00   ;     0
01.10.1970 07:00:00   ;     0
02.10.1970 07:00:00   ;     0
03.10.1970 07:00:00   ;     0
04.10.1970 07:00:00   ;     0
05.10.1970 07:00:00   ;     0
06.10.1970 07:00:00   ;     0
07.10.1970 07:00:00   ;     0
08.10.1970 07:00:00   ;     0
09.10.1970 07:00:00   ;     0
10.10.1970 07:00:00   ;     0
11.10.1970 07:00:00   ;     0
12.10.1970 07:00:00   ;     0
13.10.1970 07:00:00   ;     0
14.10.1970 07:00:00   ;     0
15.10.1970 07:00:00   ;     0
16.10.1970 07:00:00   ;     0
17.10.1970 07:00:00   ;     0
18.10.1970 07:00:00   ;     0
19.10.1970 07:00:00   ;     0
20.10.1970 07:00:00   ;     0
21.10.1970 07:00:00   ;     0
22.10.1970 07:00:00   ;    11
23.10.1970 07:00:00   ;     0
24.10.1970 07:00:00   ;     0
25.10.1970 07:00:00   ;     0
26.10.1970 07:00:00   ;     0
27.10.1970 07:00:00   ;     0
28.10.1970 07:00:00   ;     0
29.10.1970 07:00:00   ;     0
30.10.1970 07:00:00   ;     0
31.10.1970 07:00:00   ;     0
01.11.1970 07:00:00   ;     0
02.11.1970 07:00:00   ;     0
03.11.1970 07:00:00   ;     0
04.11.1970 07:00:00   ;     0
05.11.1970 07:00:00   ;     0
06.11.1970 07:00:00   ;     0
07.11.1970 07:00:00   ;     0
08.11.1970 07:00:00   ;     0
09.11.1970 07:00:00   ;     0
10.11.1970 07:00:00   ;     0
11.11.1970 07:00:00   ;     0
12.11.1970 07:00:00   ;     0
13.11.1970 07:00:00   ;     0
14.11.1970 07:00:00   ;     0
15.11.1970 07:00:00   ;     3
16.11.1970 07:00:00   ;     0
17.11.1970 07:00:00   ;     0
18.11.1970 07:00:00   ;     0
19.11.1970 07:00:00   ;     0
20.11.1970 07:00:00   ;     0
21.11.1970 07:00:00   ;     0
22.11.1970 07:00:00   ;     0
23.11.1970 07:00:00   ;     0
24.11.1970 07:00:00   ;     0
25.11.1970 07:00:00   ;     0
26.11.1970 07:00:00   ;     0
27.11.1970 07:00:00   ;     0
28.11.1970 07:00:00   ;     0
29.11.1970 07:00:00   ;     0
30.11.1970 07:00:00   ;     0
01.12.1970 07:00:00   ;     0
02.12.1970 07:00:00   ;     0
03.12.1970 07:00:00   ;     0
04.12.1970 07:00:00   ;     0
05.12.1970 07:00:00   ;     0
06.12.1970 07:00:00   ;     0
07.12.1970 07:00:00   ;     0
08.12.1970 07:00:00   ;     0
09.12.1970 07:00:00   ;     0
10.12.1970 07:00:00   ;     0
11.12.1970 07:00:00   ;     0
12.12.1970 07:00:00   ;     0
13.12.1970 07:00:00   ;     0
14.12.1970 07:00:00   ;     4
15.12.1970 07:00:00   ;     0
16.12.1970 07:00:00   ;     0
17.12.1970 07:00:00   ;     0
18.12.1970 07:00:00   ;     0
19.12.1970 07:00:00   ;     0
20.12.1970 07:00:00   ;     0
21.12.1970 07:00:00   ;     8
22.12.1970 07:00:00   ;     7
23.12.1970 07:00:00   ;     2
24.12.1970 07:00:00   ;     0
25.12.1970 07:00:00   ;     0
26.12.1970 07:00:00   ;     0
27.12.1970 07:00:00   ;     0
28.12.1970 07:00:00   ;     0
29.12.1970 07:00:00   ;     0
30.12.1970 07:00:00   ;     5
31.12.1970 07:00:00   ;     5
01.01.1971 07:00:00   ;     0
02.01.1971 07:00:00   ;     5
03.01.1971 07:00:00   ;     7
04.01.1971 07:00:00   ;     0
05.01.1971 07:00:00   ;     0
06.01.1971 07:00:00   ;     0
07.01.1971 07:00:00   ;     0
08.01.1971 07:00:00   ;     0
09.01.1971 07:00:00   ;     0
10.01.1971 07:00:00   ;     0
11.01.1971 07:00:00   ;     0
12.01.1971 07:00:00   ;     0
13.01.1971 07:00:00   ;     0
14.01.1971 07:00:00   ;     0
15.01.1971 07:00:00   ;     0
16.01.1971 07:00:00   ;     0
17.01.1971 07:00:00   ;     0
18.01.1971 07:00:00   ;     0
19.01.1971 07:00:00   ;     0
20.01.1971 07:00:00   ;     1
21.01.1971 07:00:00   ;     0
22.01.1971 07:00:00   ;     0
23.01.1971 07:00:00   ;     0
24.01.1971 07:00:00   ;     0
25.01.1971 07:00:00   ;     0
26.01.1971 07:00:00   ;     0
27.01.1971 07:00:00   ;     0
28.01.1971 07:00:00   ;     0
29.01.1971 07:00:00   ;     0
30.01.1971 07:00:00   ;     0
31.01.1971 07:00:00   ;     0
01.02.1971 07:00:00   ;     6
02.02.1971 07:00:00   ;     0
03.02.1971 07:00:00   ;    22
04.02.1971 07:00:00   ;     2
05.02.1971 07:00:00   ;     0
06.02.1971 07:00:00   ;     0
07.02.1971 07:00:00   ;     0
08.02.1971 07:00:00   ;     0
09.02.1971 07:00:00   ;     0
10.02.1971 07:00:00   ;     0
11.02.1971 07:00:00   ;     0
12.02.1971 07:00:00   ;     0
13.02.1971 07:00:00   ;     0
14.02.1971 07:00:00   ;     2
15.02.1971 07:00:00   ;     0
16.02.1971 07:00:00   ;    13
17.02.1971 07:00:00   ;     0
18.02.1971 07:00:00   ;     0
19.02.1971 07:00:00   ;     4
20.02.1971 07:00:00   ;     0
21.02.1971 07:00:00   ;     0
22.02.1971 07:00:00   ;     9
23.02.1971 07:00:00   ;    29
24.02.1971 07:00:00   ;     0
25.02.1971 07:00:00   ;    10
26.02.1971 07:00:00   ;    27
27.02.1971 07:00:00   ;     3
28.02.1971 07:00:00   ;     8
01.03.1971 07:00:00   ;     2
02.03.1971 07:00:00   ;     0
03.03.1971 07:00:00   ;     0
04.03.1971 07:00:00   ;     0
05.03.1971 07:00:00   ;     0
06.03.1971 07:00:00   ;     2
07.03.1971 07:00:00   ;     0
08.03.1971 07:00:00   ;     0
09.03.1971 07:00:00   ;     0
10.03.1971 07:00:00   ;     1
11.03.1971 07:00:00   ;    20
12.03.1971 07:00:00   ;     1
13.03.1971 07:00:00   ;     0
14.03.1971 07:00:00   ;     0
15.03.1971 07:00:00   ;     0
16.03.1971 07:00:00   ;     0
17.03.1971 07:00:00   ;     0
18.03.1971 07:00:00   ;     0
19.03.1971 07:00:00   ;     0
20.03.1971 07:00:00   ;     0
21.03.1971 07:00:00   ;     0
22.03.1971 07:00:00   ;     1
23.03.1971 07:00:00   ;     0
24.03.1971 07:00:00   ;     0
25.03.1971 07:00:00   ;     0
26.03.1971 07:00:00   ;     2
27.03.1971 07:00:00   ;     0
28.03.1971 07:00:00   ;     0
29.03.1971 07:00:00   ;     0
30.03.1971 07:00:00   ;     0
31.03.1971 07:00:00   ;     0
01.04.1971 07:00:00   ;     0
02.04.1971 07:00:00   ;     0
03.04.1971 07:00:00   ;     0
04.04.1971 07:00:00   ;     0
05.04.1971 07:00:00   ;     0
06.04.1971 07:00:00   ;     0
07.04.1971 07:00:00   ;     0
08.04.1971 07:00:00   ;     0
09.04.1971 07:00:00   ;     0
10.04.1971 07:00:00   ;     0
11.04.1971 07:00:00   ;     0
12.04.1971 07:00:00   ;     0
13.04.1971 07:00:00   ;     0
14.04.1971 07:00:00   ;     0
15.04.1971 07:00:00   ;     0
16.04.1971 07:00:00   ;     0
17.04.1971 07:00:00   ;     0
18.04.1971 07:00:00   ;     0
19.04.1971 07:00:00   ;     0
20.04.1971 07:00:00   ;     0
21.04.1971 07:00:00   ;     0
22.04.1971 07:00:00   ;     0
23.04.1971 07:00:00   ;     0
24.04.1971 07:00:00   ;     0
25.04.1971 07:00:00   ;     0
26.04.1971 07:00:00   ;     0
27.04.1971 07:00:00   ;     0
28.04.1971 07:00:00   ;     0
29.04.1971 07:00:00   ;     0
30.04.1971 07:00:00   ;     0
01.05.1971 07:00:00   ;     0
02.05.1971 07:00:00   ;     0
03.05.1971 07:00:00   ;     0
04.05.1971 07:00:00   ;     0
05.05.1971 07:00:00   ;     0
06.05.1971 07:00:00   ;     0
07.05.1971 07:00:00   ;     0
08.05.1971 07:00:00   ;     0
09.05.1971 07:00:00   ;     0
10.05.1971 07:00:00   ;     0
11.05.1971 07:00:00   ;     0
12.05.1971 07:00:00   ;     0
13.05.1971 07:00:00   ;     0
14.05.1971 07:00:00   ;     0
15.05.1971 07:00:00   ;     0
16.05.1971 07:00:00   ;     0
17.05.1971 07:00:00   ;     0
18.05.1971 07:00:00   ;     0
19.05.1971 07:00:00   ;     0
20.05.1971 07:00:00   ;     0
21.05.1971 07:00:00   ;     0
22.05.1971 07:00:00   ;     0
23.05.1971 07:00:00   ;     0
24.05.1971 07:00:00   ;     0
25.05.1971 07:00:00   ;     0
26.05.1971 07:00:00   ;     0
27.05.1971 07:00:00   ;     0
28.05.1971 07:00:00   ;     0
29.05.1971 07:00:00   ;     0
30.05.1971 07:00:00   ;     0
31.05.1971 07:00:00   ;     0
01.06.1971 07:00:00   ;     0
02.06.1971 07:00:00   ;     0
03.06.1971 07:00:00   ;     0
04.06.1971 07:00:00   ;     0
05.06.1971 07:00:00   ;     0
06.06.1971 07:00:00   ;     0
07.06.1971 07:00:00   ;     0
08.06.1971 07:00:00   ;     0
09.06.1971 07:00:00   ;     0
10.06.1971 07:00:00   ;     0
11.06.1971 07:00:00   ;     0
12.06.1971 07:00:00   ;     0
13.06.1971 07:00:00   ;     0
14.06.1971 07:00:00   ;     0
15.06.1971 07:00:00   ;     0
16.06.1971 07:00:00   ;     0
17.06.1971 07:00:00   ;     0
18.06.1971 07:00:00   ;     0
19.06.1971 07:00:00   ;     0
20.06.1971 07:00:00   ;     0
21.06.1971 07:00:00   ;     0
22.06.1971 07:00:00   ;     0
23.06.1971 07:00:00   ;     0
24.06.1971 07:00:00   ;     0
25.06.1971 07:00:00   ;     0
26.06.1971 07:00:00   ;     0
27.06.1971 07:00:00   ;     0
28.06.1971 07:00:00   ;     0
29.06.1971 07:00:00   ;     0
30.06.1971 07:00:00   ;     0
01.07.1971 07:00:00   ;     0
02.07.1971 07:00:00   ;     0
03.07.1971 07:00:00   ;     0
04.07.1971 07:00:00   ;     0
05.07.1971 07:00:00   ;     0
06.07.1971 07:00:00   ;     0
07.07.1971 07:00:00   ;     0
08.07.1971 07:00:00   ;     0
09.07.1971 07:00:00   ;     0
10.07.1971 07:00:00   ;     0
11.07.1971 07:00:00   ;     0
12.07.1971 07:00:00   ;     0
13.07.1971 07:00:00   ;     0
14.07.1971 07:00:00   ;     0
15.07.1971 07:00:00   ;     0
16.07.1971 07:00:00   ;     0
17.07.1971 07:00:00   ;     0
18.07.1971 07:00:00   ;     0
19.07.1971 07:00:00   ;     0
20.07.1971 07:00:00   ;     0
21.07.1971 07:00:00   ;     0
22.07.1971 07:00:00   ;     0
23.07.1971 07:00:00   ;     0
24.07.1971 07:00:00   ;     0
25.07.1971 07:00:00   ;     0
26.07.1971 07:00:00   ;     0
27.07.1971 07:00:00   ;     0
28.07.1971 07:00:00   ;     0
29.07.1971 07:00:00   ;     0
30.07.1971 07:00:00   ;     0
31.07.1971 07:00:00   ;     0
01.08.1971 07:00:00   ;     0
02.08.1971 07:00:00   ;     0
03.08.1971 07:00:00   ;     0
04.08.1971 07:00:00   ;     0
05.08.1971 07:00:00   ;     0
06.08.1971 07:00:00   ;     0
07.08.1971 07:00:00   ;     0
08.08.1971 07:00:00   ;     0
09.08.1971 07:00:00   ;     0
10.08.1971 07:00:00   ;     0
11.08.1971 07:00:00   ;     0
12.08.1971 07:00:00   ;     0
13.08.1971 07:00:00   ;     0
14.08.1971 07:00:00   ;     0
15.08.1971 07:00:00   ;     0
16.08.1971 07:00:00   ;     0
17.08.1971 07:00:00   ;     0
18.08.1971 07:00:00   ;     0
19.08.1971 07:00:00   ;     0
20.08.1971 07:00:00   ;     0
21.08.1971 07:00:00   ;     0
22.08.1971 07:00:00   ;     0
23.08.1971 07:00:00   ;     0
24.08.1971 07:00:00   ;     0
25.08.1971 07:00:00   ;     0
26.08.1971 07:00:00   ;     0
27.08.1971 07:00:00   ;     0
28.08.1971 07:00:00   ;     0
29.08.1971 07:00:00   ;     0
30.08.1971 07:00:00   ;     0
31.08.1971 07:00:00   ;     0
01.09.1971 07:00:00   ;     0
02.09.1971 07:00:00   ;     0
03.09.1971 07:00:00   ;     0
04.09.1971 07:00:00   ;     0
05.09.1971 07:00:00   ;     0
06.09.1971 07:00:00   ;     0
07.09.1971 07:00:00   ;     0
08.09.1971 07:00:00   ;     0
09.09.1971 07:00:00   ;     0
10.09.1971 07:00:00   ;     0
11.09.1971 07:00:00   ;     0
12.09.1971 07:00:00   ;     0
13.09.1971 07:00:00   ;     0
14.09.1971 07:00:00   ;     0
15.09.1971 07:00:00   ;     0
16.09.1971 07:00:00   ;     0
17.09.1971 07:00:00   ;     0
18.09.1971 07:00:00   ;     0
19.09.1971 07:00:00   ;     0
20.09.1971 07:00:00   ;     0
21.09.1971 07:00:00   ;     0
22.09.1971 07:00:00   ;     0
23.09.1971 07:00:00   ;     0
24.09.1971 07:00:00   ;     0
25.09.1971 07:00:00   ;     0
26.09.1971 07:00:00   ;     0
27.09.1971 07:00:00   ;     0
28.09.1971 07:00:00   ;     0
29.09.1971 07:00:00   ;     0
30.09.1971 07:00:00   ;     0
01.10.1971 07:00:00   ;     0
02.10.1971 07:00:00   ;     0
03.10.1971 07:00:00   ;     0
04.10.1971 07:00:00   ;     0
05.10.1971 07:00:00   ;     0
06.10.1971 07:00:00   ;     0
07.10.1971 07:00:00   ;     0
08.10.1971 07:00:00   ;     0
09.10.1971 07:00:00   ;     0
10.10.1971 07:00:00   ;     0
11.10.1971 07:00:00   ;     0
12.10.1971 07:00:00   ;     0
13.10.1971 07:00:00   ;     0
14.10.1971 07:00:00   ;     0
15.10.1971 07:00:00   ;     0
16.10.1971 07:00:00   ;     0
17.10.1971 07:00:00   ;     0
18.10.1971 07:00:00   ;     0
19.10.1971 07:00:00   ;     0
20.10.1971 07:00:00   ;     0
21.10.1971 07:00:00   ;     0
22.10.1971 07:00:00   ;     0
23.10.1971 07:00:00   ;     0
24.10.1971 07:00:00   ;     0
25.10.1971 07:00:00   ;     0
26.10.1971 07:00:00   ;     0
27.10.1971 07:00:00   ;     0
28.10.1971 07:00:00   ;     0
29.10.1971 07:00:00   ;     0
30.10.1971 07:00:00   ;     0
31.10.1971 07:00:00   ;     0
01.11.1971 07:00:00   ;     0
02.11.1971 07:00:00   ;     0
03.11.1971 07:00:00   ;     0
04.11.1971 07:00:00   ;     0
05.11.1971 07:00:00   ;     0
06.11.1971 07:00:00   ;     0
07.11.1971 07:00:00   ;     0
08.11.1971 07:00:00   ;     0
09.11.1971 07:00:00   ;     0
10.11.1971 07:00:00   ;     0
11.11.1971 07:00:00   ;     0
12.11.1971 07:00:00   ;     0
13.11.1971 07:00:00   ;     0
14.11.1971 07:00:00   ;     0
15.11.1971 07:00:00   ;     0
16.11.1971 07:00:00   ;     0
17.11.1971 07:00:00   ;     0
18.11.1971 07:00:00   ;     0
19.11.1971 07:00:00   ;     3
20.11.1971 07:00:00   ;     0
21.11.1971 07:00:00   ;     3
22.11.1971 07:00:00   ;     7
23.11.1971 07:00:00   ;     0
24.11.1971 07:00:00   ;     0
25.11.1971 07:00:00   ;     0
26.11.1971 07:00:00   ;     0
27.11.1971 07:00:00   ;     0
28.11.1971 07:00:00   ;     0
29.11.1971 07:00:00   ;     0
30.11.1971 07:00:00   ;     0
01.12.1971 07:00:00   ;     3
02.12.1971 07:00:00   ;     0
03.12.1971 07:00:00   ;     0
04.12.1971 07:00:00   ;     0
05.12.1971 07:00:00   ;     0
06.12.1971 07:00:00   ;     0
07.12.1971 07:00:00   ;     0
08.12.1971 07:00:00   ;     9
09.12.1971 07:00:00   ;     9
10.12.1971 07:00:00   ;     8
11.12.1971 07:00:00   ;     0
12.12.1971 07:00:00   ;     0
13.12.1971 07:00:00   ;     0
14.12.1971 07:00:00   ;     0
15.12.1971 07:00:00   ;     0
16.12.1971 07:00:00   ;     0
17.12.1971 07:00:00   ;     0
18.12.1971 07:00:00   ;     0
19.12.1971 07:00:00   ;     0
20.12.1971 07:00:00   ;     0
21.12.1971 07:00:00   ;     0
22.12.1971 07:00:00   ;     0
23.12.1971 07:00:00   ;     0
24.12.1971 07:00:00   ;     0
25.12.1971 07:00:00   ;     0
26.12.1971 07:00:00   ;     0
27.12.1971 07:00:00   ;     0
28.12.1971 07:00:00   ;     0
29.12.1971 07:00:00   ;     0
30.12.1971 07:00:00   ;     0
31.12.1971 07:00:00   ;     0
01.01.1972 07:00:00   ;     0
02.01.1972 07:00:00   ;     0
03.01.1972 07:00:00   ;     0
04.01.1972 07:00:00   ;     0
05.01.1972 07:00:00   ;     0
06.01.1972 07:00:00   ;     0
07.01.1972 07:00:00   ;     0
08.01.1972 07:00:00   ;     0
09.01.1972 07:00:00   ;     0
10.01.1972 07:00:00   ;     0
11.01.1972 07:00:00   ;     0
12.01.1972 07:00:00   ;     0
13.01.1972 07:00:00   ;     0
14.01.1972 07:00:00   ;     0
15.01.1972 07:00:00   ;     0
16.01.1972 07:00:00   ;     0
17.01.1972 07:00:00   ;     0
18.01.1972 07:00:00   ;     0
19.01.1972 07:00:00   ;     0
20.01.1972 07:00:00   ;     0
21.01.1972 07:00:00   ;     5
22.01.1972 07:00:00   ;     0
23.01.1972 07:00:00   ;     0
24.01.1972 07:00:00   ;     0
25.01.1972 07:00:00   ;     0
26.01.1972 07:00:00   ;     0
27.01.1972 07:00:00   ;     7
28.01.1972 07:00:00   ;     0
29.01.1972 07:00:00   ;     0
30.01.1972 07:00:00   ;     0
31.01.1972 07:00:00   ;     0
01.02.1972 07:00:00   ;     0
02.02.1972 07:00:00   ;     0
03.02.1972 07:00:00   ;     0
04.02.1972 07:00:00   ;     0
05.02.1972 07:00:00   ;     0
06.02.1972 07:00:00   ;     0
07.02.1972 07:00:00   ;     0
08.02.1972 07:00:00   ;     0
09.02.1972 07:00:00   ;     0
10.02.1972 07:00:00   ;     0
11.02.1972 07:00:00   ;     0
12.02.1972 07:00:00   ;     7
13.02.1972 07:00:00   ;     0
14.02.1972 07:00:00   ;     6
15.02.1972 07:00:00   ;     0
16.02.1972 07:00:00   ;     0
17.02.1972 07:00:00   ;     0
18.02.1972 07:00:00   ;     0
19.02.1972 07:00:00   ;     0
20.02.1972 07:00:00   ;     0
21.02.1972 07:00:00   ;     0
22.02.1972 07:00:00   ;     0
23.02.1972 07:00:00   ;     0
24.02.1972 07:00:00   ;     0
25.02.1972 07:00:00   ;     0
26.02.1972 07:00:00   ;     0
27.02.1972 07:00:00   ;     0
28.02.1972 07:00:00   ;     0
29.02.1972 07:00:00   ;     0
01.03.1972 07:00:00   ;     0
02.03.1972 07:00:00   ;     0
03.03.1972 07:00:00   ;     0
04.03.1972 07:00:00   ;     0
05.03.1972 07:00:00   ;     0
06.03.1972 07:00:00   ;     0
07.03.1972 07:00:00   ;     0
08.03.1972 07:00:00   ;     0
09.03.1972 07:00:00   ;     0
10.03.1972 07:00:00   ;     0
11.03.1972 07:00:00   ;     0
12.03.1972 07:00:00   ;     0
13.03.1972 07:00:00   ;     0
14.03.1972 07:00:00   ;     0
15.03.1972 07:00:00   ;     0
16.03.1972 07:00:00   ;     0
17.03.1972 07:00:00   ;     0
18.03.1972 07:00:00   ;     0
19.03.1972 07:00:00   ;     0
20.03.1972 07:00:00   ;     0
21.03.1972 07:00:00   ;     0
22.03.1972 07:00:00   ;     0
23.03.1972 07:00:00   ;     0
24.03.1972 07:00:00   ;     0
25.03.1972 07:00:00   ;     0
26.03.1972 07:00:00   ;     0
27.03.1972 07:00:00   ;     0
28.03.1972 07:00:00   ;     0
29.03.1972 07:00:00   ;     0
30.03.1972 07:00:00   ;     0
31.03.1972 07:00:00   ;     0
01.04.1972 07:00:00   ;     0
02.04.1972 07:00:00   ;     0
03.04.1972 07:00:00   ;     0
04.04.1972 07:00:00   ;     0
05.04.1972 07:00:00   ;     0
06.04.1972 07:00:00   ;     0
07.04.1972 07:00:00   ;     0
08.04.1972 07:00:00   ;     0
09.04.1972 07:00:00   ;     0
10.04.1972 07:00:00   ;     0
11.04.1972 07:00:00   ;     0
12.04.1972 07:00:00   ;     0
13.04.1972 07:00:00   ;     0
14.04.1972 07:00:00   ;     0
15.04.1972 07:00:00   ;     0
16.04.1972 07:00:00   ;     9
17.04.1972 07:00:00   ;     0
18.04.1972 07:00:00   ;     0
19.04.1972 07:00:00   ;     0
20.04.1972 07:00:00   ;     0
21.04.1972 07:00:00   ;     0
22.04.1972 07:00:00   ;     0
23.04.1972 07:00:00   ;     0
24.04.1972 07:00:00   ;     0
25.04.1972 07:00:00   ;     0
26.04.1972 07:00:00   ;     0
27.04.1972 07:00:00   ;     0
28.04.1972 07:00:00   ;     0
29.04.1972 07:00:00   ;     0
30.04.1972 07:00:00   ;     0
01.05.1972 07:00:00   ;     0
02.05.1972 07:00:00   ;     0
03.05.1972 07:00:00   ;     0
04.05.1972 07:00:00   ;     0
05.05.1972 07:00:00   ;     0
06.05.1972 07:00:00   ;     0
07.05.1972 07:00:00   ;     0
08.05.1972 07:00:00   ;     0
09.05.1972 07:00:00   ;     0
10.05.1972 07:00:00   ;     0
11.05.1972 07:00:00   ;     0
12.05.1972 07:00:00   ;     0
13.05.1972 07:00:00   ;     0
14.05.1972 07:00:00   ;     0
15.05.1972 07:00:00   ;     0
16.05.1972 07:00:00   ;     0
17.05.1972 07:00:00   ;     0
18.05.1972 07:00:00   ;     0
19.05.1972 07:00:00   ;     0
20.05.1972 07:00:00   ;     0
21.05.1972 07:00:00   ;     0
22.05.1972 07:00:00   ;     0
23.05.1972 07:00:00   ;     0
24.05.1972 07:00:00   ;     0
25.05.1972 07:00:00   ;     0
26.05.1972 07:00:00   ;     0
27.05.1972 07:00:00   ;     0
28.05.1972 07:00:00   ;     0
29.05.1972 07:00:00   ;     0
30.05.1972 07:00:00   ;     0
31.05.1972 07:00:00   ;     0
01.06.1972 07:00:00   ;     0
02.06.1972 07:00:00   ;     0
03.06.1972 07:00:00   ;     0
04.06.1972 07:00:00   ;     0
05.06.1972 07:00:00   ;     0
06.06.1972 07:00:00   ;     0
07.06.1972 07:00:00   ;     0
08.06.1972 07:00:00   ;     0
09.06.1972 07:00:00   ;     0
10.06.1972 07:00:00   ;     0
11.06.1972 07:00:00   ;     0
12.06.1972 07:00:00   ;     0
13.06.1972 07:00:00   ;     0
14.06.1972 07:00:00   ;     0
15.06.1972 07:00:00   ;     0
16.06.1972 07:00:00   ;     0
17.06.1972 07:00:00   ;     0
18.06.1972 07:00:00   ;     0
19.06.1972 07:00:00   ;     0
20.06.1972 07:00:00   ;     0
21.06.1972 07:00:00   ;     0
22.06.1972 07:00:00   ;     0
23.06.1972 07:00:00   ;     0
24.06.1972 07:00:00   ;     0
25.06.1972 07:00:00   ;     0
26.06.1972 07:00:00   ;     0
27.06.1972 07:00:00   ;     0
28.06.1972 07:00:00   ;     0
29.06.1972 07:00:00   ;     0
30.06.1972 07:00:00   ;     0
01.07.1972 07:00:00   ;     0
02.07.1972 07:00:00   ;     0
03.07.1972 07:00:00   ;     0
04.07.1972 07:00:00   ;     0
05.07.1972 07:00:00   ;     0
06.07.1972 07:00:00   ;     0
07.07.1972 07:00:00   ;     0
08.07.1972 07:00:00   ;     0
09.07.1972 07:00:00   ;     0
10.07.1972 07:00:00   ;     0
11.07.1972 07:00:00   ;     0
12.07.1972 07:00:00   ;     0
13.07.1972 07:00:00   ;     0
14.07.1972 07:00:00   ;     0
15.07.1972 07:00:00   ;     0
16.07.1972 07:00:00   ;     0
17.07.1972 07:00:00   ;     0
18.07.1972 07:00:00   ;     0
19.07.1972 07:00:00   ;     0
20.07.1972 07:00:00   ;     0
21.07.1972 07:00:00   ;     0
22.07.1972 07:00:00   ;     0
23.07.1972 07:00:00   ;     0
24.07.1972 07:00:00   ;     0
25.07.1972 07:00:00   ;     0
26.07.1972 07:00:00   ;     0
27.07.1972 07:00:00   ;     0
28.07.1972 07:00:00   ;     0
29.07.1972 07:00:00   ;     0
30.07.1972 07:00:00   ;     0
31.07.1972 07:00:00   ;     0
01.08.1972 07:00:00   ;     0
02.08.1972 07:00:00   ;     0
03.08.1972 07:00:00   ;     0
04.08.1972 07:00:00   ;     0
05.08.1972 07:00:00   ;     0
06.08.1972 07:00:00   ;     0
07.08.1972 07:00:00   ;     0
08.08.1972 07:00:00   ;     0
09.08.1972 07:00:00   ;     0
10.08.1972 07:00:00   ;     0
11.08.1972 07:00:00   ;     0
12.08.1972 07:00:00   ;     0
13.08.1972 07:00:00   ;     0
14.08.1972 07:00:00   ;     0
15.08.1972 07:00:00   ;     0
16.08.1972 07:00:00   ;     0
17.08.1972 07:00:00   ;     0
18.08.1972 07:00:00   ;     0
19.08.1972 07:00:00   ;     0
20.08.1972 07:00:00   ;     0
21.08.1972 07:00:00   ;     0
22.08.1972 07:00:00   ;     0
23.08.1972 07:00:00   ;     0
24.08.1972 07:00:00   ;     0
25.08.1972 07:00:00   ;     0
26.08.1972 07:00:00   ;     0
27.08.1972 07:00:00   ;     0
28.08.1972 07:00:00   ;     0
29.08.1972 07:00:00   ;     0
30.08.1972 07:00:00   ;     0
31.08.1972 07:00:00   ;     0
01.09.1972 07:00:00   ;     0
02.09.1972 07:00:00   ;     0
03.09.1972 07:00:00   ;     0
04.09.1972 07:00:00   ;     0
05.09.1972 07:00:00   ;     0
06.09.1972 07:00:00   ;     0
07.09.1972 07:00:00   ;     0
08.09.1972 07:00:00   ;     0
09.09.1972 07:00:00   ;     0
10.09.1972 07:00:00   ;     0
11.09.1972 07:00:00   ;     0
12.09.1972 07:00:00   ;     0
13.09.1972 07:00:00   ;     0
14.09.1972 07:00:00   ;     0
15.09.1972 07:00:00   ;     0
16.09.1972 07:00:00   ;     0
17.09.1972 07:00:00   ;     0
18.09.1972 07:00:00   ;     0
19.09.1972 07:00:00   ;     0
20.09.1972 07:00:00   ;     0
21.09.1972 07:00:00   ;     0
22.09.1972 07:00:00   ;     0
23.09.1972 07:00:00   ;     0
24.09.1972 07:00:00   ;     0
25.09.1972 07:00:00   ;     0
26.09.1972 07:00:00   ;     0
27.09.1972 07:00:00   ;     0
28.09.1972 07:00:00   ;     0
29.09.1972 07:00:00   ;     0
30.09.1972 07:00:00   ;     0
01.10.1972 07:00:00   ;     0
02.10.1972 07:00:00   ;     0
03.10.1972 07:00:00   ;     0
04.10.1972 07:00:00   ;     0
05.10.1972 07:00:00   ;     0
06.10.1972 07:00:00   ;     0
07.10.1972 07:00:00   ;     0
08.10.1972 07:00:00   ;     0
09.10.1972 07:00:00   ;     0
10.10.1972 07:00:00   ;     0
11.10.1972 07:00:00   ;     0
12.10.1972 07:00:00   ;     0
13.10.1972 07:00:00   ;     0
14.10.1972 07:00:00   ;     0
15.10.1972 07:00:00   ;     0
16.10.1972 07:00:00   ;     0
17.10.1972 07:00:00   ;     0
18.10.1972 07:00:00   ;     0
19.10.1972 07:00:00   ;     0
20.10.1972 07:00:00   ;     0
21.10.1972 07:00:00   ;     8
22.10.1972 07:00:00   ;     8
23.10.1972 07:00:00   ;     0
24.10.1972 07:00:00   ;     0
25.10.1972 07:00:00   ;     0
26.10.1972 07:00:00   ;     0
27.10.1972 07:00:00   ;     0
28.10.1972 07:00:00   ;     0
29.10.1972 07:00:00   ;     0
30.10.1972 07:00:00   ;     0
31.10.1972 07:00:00   ;     0
01.11.1972 07:00:00   ;     0
02.11.1972 07:00:00   ;     0
03.11.1972 07:00:00   ;     0
04.11.1972 07:00:00   ;     0
05.11.1972 07:00:00   ;     0
06.11.1972 07:00:00   ;     0
07.11.1972 07:00:00   ;     0
08.11.1972 07:00:00   ;     0
09.11.1972 07:00:00   ;     0
10.11.1972 07:00:00   ;     0
11.11.1972 07:00:00   ;     0
12.11.1972 07:00:00   ;     5
13.11.1972 07:00:00   ;     0
14.11.1972 07:00:00   ;     0
15.11.1972 07:00:00   ;     0
16.11.1972 07:00:00   ;     0
17.11.1972 07:00:00   ;     0
18.11.1972 07:00:00   ;     0
19.11.1972 07:00:00   ;     0
20.11.1972 07:00:00   ;     0
21.11.1972 07:00:00   ;     0
22.11.1972 07:00:00   ;     0
23.11.1972 07:00:00   ;     0
24.11.1972 07:00:00   ;    17
25.11.1972 07:00:00   ;     7
26.11.1972 07:00:00   ;     0
27.11.1972 07:00:00   ;     0
28.11.1972 07:00:00   ;     0
29.11.1972 07:00:00   ;     0
30.11.1972 07:00:00   ;     0
01.12.1972 07:00:00   ;     0
02.12.1972 07:00:00   ;     0
03.12.1972 07:00:00   ;     0
04.12.1972 07:00:00   ;     0
05.12.1972 07:00:00   ;     0
06.12.1972 07:00:00   ;     0
07.12.1972 07:00:00   ;     0
08.12.1972 07:00:00   ;     0
09.12.1972 07:00:00   ;     4
10.12.1972 07:00:00   ;     0
11.12.1972 07:00:00   ;     0
12.12.1972 07:00:00   ;     0
13.12.1972 07:00:00   ;     0
14.12.1972 07:00:00   ;     0
15.12.1972 07:00:00   ;     0
16.12.1972 07:00:00   ;     0
17.12.1972 07:00:00   ;     0
18.12.1972 07:00:00   ;     0
19.12.1972 07:00:00   ;     0
20.12.1972 07:00:00   ;     0
21.12.1972 07:00:00   ;     0
22.12.1972 07:00:00   ;     0
23.12.1972 07:00:00   ;     0
24.12.1972 07:00:00   ;     0
25.12.1972 07:00:00   ;     0
26.12.1972 07:00:00   ;     0
27.12.1972 07:00:00   ;     0
28.12.1972 07:00:00   ;     0
29.12.1972 07:00:00   ;     0
30.12.1972 07:00:00   ;     0
31.12.1972 07:00:00   ;     0
01.01.1973 07:00:00   ;     0
02.01.1973 07:00:00   ;     0
03.01.1973 07:00:00   ;     0
04.01.1973 07:00:00   ;     0
05.01.1973 07:00:00   ;     0
06.01.1973 07:00:00   ;     0
07.01.1973 07:00:00   ;     0
08.01.1973 07:00:00   ;     0
09.01.1973 07:00:00   ;     0
10.01.1973 07:00:00   ;     0
11.01.1973 07:00:00   ;     0
12.01.1973 07:00:00   ;     0
13.01.1973 07:00:00   ;     0
14.01.1973 07:00:00   ;     0
15.01.1973 07:00:00   ;     0
16.01.1973 07:00:00   ;    10
17.01.1973 07:00:00   ;     0
18.01.1973 07:00:00   ;     0
19.01.1973 07:00:00   ;     0
20.01.1973 07:00:00   ;     0
21.01.1973 07:00:00   ;     0
22.01.1973 07:00:00   ;     6
23.01.1973 07:00:00   ;     0
24.01.1973 07:00:00   ;     0
25.01.1973 07:00:00   ;     0
26.01.1973 07:00:00   ;     0
27.01.1973 07:00:00   ;    18
28.01.1973 07:00:00   ;    21
29.01.1973 07:00:00   ;     7
30.01.1973 07:00:00   ;     0
31.01.1973 07:00:00   ;     2
01.02.1973 07:00:00   ;     0
02.02.1973 07:00:00   ;     0
03.02.1973 07:00:00   ;     0
04.02.1973 07:00:00   ;     0
05.02.1973 07:00:00   ;     0
06.02.1973 07:00:00   ;     0
07.02.1973 07:00:00   ;     0
08.02.1973 07:00:00   ;     0
09.02.1973 07:00:00   ;     0
10.02.1973 07:00:00   ;     2
11.02.1973 07:00:00   ;    14
12.02.1973 07:00:00   ;     0
13.02.1973 07:00:00   ;    12
14.02.1973 07:00:00   ;     0
15.02.1973 07:00:00   ;     0
16.02.1973 07:00:00   ;     0
17.02.1973 07:00:00   ;     0
18.02.1973 07:00:00   ;     0
19.02.1973 07:00:00   ;     0
20.02.1973 07:00:00   ;     0
21.02.1973 07:00:00   ;     4
22.02.1973 07:00:00   ;     9
23.02.1973 07:00:00   ;    12
24.02.1973 07:00:00   ;     4
25.02.1973 07:00:00   ;    20
26.02.1973 07:00:00   ;     5
27.02.1973 07:00:00   ;     0
28.02.1973 07:00:00   ;     0
01.03.1973 07:00:00   ;     0
02.03.1973 07:00:00   ;    14
03.03.1973 07:00:00   ;     6
04.03.1973 07:00:00   ;     0
05.03.1973 07:00:00   ;     0
06.03.1973 07:00:00   ;     2
07.03.1973 07:00:00   ;     4
08.03.1973 07:00:00   ;    14
09.03.1973 07:00:00   ;     4
10.03.1973 07:00:00   ;     0
11.03.1973 07:00:00   ;     0
12.03.1973 07:00:00   ;     0
13.03.1973 07:00:00   ;     1
14.03.1973 07:00:00   ;     0
15.03.1973 07:00:00   ;     0
16.03.1973 07:00:00   ;     0
17.03.1973 07:00:00   ;     0
18.03.1973 07:00:00   ;     6
19.03.1973 07:00:00   ;     0
20.03.1973 07:00:00   ;     0
21.03.1973 07:00:00   ;     0
22.03.1973 07:00:00   ;     0
23.03.1973 07:00:00   ;     0
24.03.1973 07:00:00   ;     0
25.03.1973 07:00:00   ;     0
26.03.1973 07:00:00   ;     0
27.03.1973 07:00:00   ;     0
28.03.1973 07:00:00   ;     0
29.03.1973 07:00:00   ;     0
30.03.1973 07:00:00   ;     0
31.03.1973 07:00:00   ;     0
01.04.1973 07:00:00   ;     0
02.04.1973 07:00:00   ;     2
03.04.1973 07:00:00   ;     7
04.04.1973 07:00:00   ;     0
05.04.1973 07:00:00   ;     0
06.04.1973 07:00:00   ;     0
07.04.1973 07:00:00   ;     0
08.04.1973 07:00:00   ;     0
09.04.1973 07:00:00   ;     0
10.04.1973 07:00:00   ;     0
11.04.1973 07:00:00   ;     0
12.04.1973 07:00:00   ;     0
13.04.1973 07:00:00   ;     6
14.04.1973 07:00:00   ;     2
15.04.1973 07:00:00   ;     0
16.04.1973 07:00:00   ;     0
17.04.1973 07:00:00   ;     0
18.04.1973 07:00:00   ;     0
19.04.1973 07:00:00   ;     4
20.04.1973 07:00:00   ;     0
21.04.1973 07:00:00   ;     0
22.04.1973 07:00:00   ;     0
23.04.1973 07:00:00   ;     0
24.04.1973 07:00:00   ;     0
25.04.1973 07:00:00   ;     0
26.04.1973 07:00:00   ;     0
27.04.1973 07:00:00   ;     0
28.04.1973 07:00:00   ;     0
29.04.1973 07:00:00   ;     0
30.04.1973 07:00:00   ;     0
01.05.1973 07:00:00   ;     0
02.05.1973 07:00:00   ;     0
03.05.1973 07:00:00   ;     0
04.05.1973 07:00:00   ;     0
05.05.1973 07:00:00   ;     0
06.05.1973 07:00:00   ;     0
07.05.1973 07:00:00   ;     0
08.05.1973 07:00:00   ;     0
09.05.1973 07:00:00   ;     0
10.05.1973 07:00:00   ;     0
11.05.1973 07:00:00   ;     0
12.05.1973 07:00:00   ;     0
13.05.1973 07:00:00   ;     0
14.05.1973 07:00:00   ;     0
15.05.1973 07:00:00   ;     0
16.05.1973 07:00:00   ;     0
17.05.1973 07:00:00   ;     0
18.05.1973 07:00:00   ;     0
19.05.1973 07:00:00   ;     0
20.05.1973 07:00:00   ;     0
21.05.1973 07:00:00   ;     0
22.05.1973 07:00:00   ;     0
23.05.1973 07:00:00   ;     0
24.05.1973 07:00:00   ;     0
25.05.1973 07:00:00   ;     0
26.05.1973 07:00:00   ;     0
27.05.1973 07:00:00   ;     0
28.05.1973 07:00:00   ;     0
29.05.1973 07:00:00   ;     0
30.05.1973 07:00:00   ;     0
31.05.1973 07:00:00   ;     0
01.06.1973 07:00:00   ;     0
02.06.1973 07:00:00   ;     0
03.06.1973 07:00:00   ;     0
04.06.1973 07:00:00   ;     0
05.06.1973 07:00:00   ;     0
06.06.1973 07:00:00   ;     0
07.06.1973 07:00:00   ;     0
08.06.1973 07:00:00   ;     0
09.06.1973 07:00:00   ;     0
10.06.1973 07:00:00   ;     0
11.06.1973 07:00:00   ;     0
12.06.1973 07:00:00   ;     0
13.06.1973 07:00:00   ;     0
14.06.1973 07:00:00   ;     0
15.06.1973 07:00:00   ;     0
16.06.1973 07:00:00   ;     0
17.06.1973 07:00:00   ;     0
18.06.1973 07:00:00   ;     0
19.06.1973 07:00:00   ;     0
20.06.1973 07:00:00   ;     0
21.06.1973 07:00:00   ;     0
22.06.1973 07:00:00   ;     0
23.06.1973 07:00:00   ;     0
24.06.1973 07:00:00   ;     0
25.06.1973 07:00:00   ;     0
26.06.1973 07:00:00   ;     0
27.06.1973 07:00:00   ;     0
28.06.1973 07:00:00   ;     0
29.06.1973 07:00:00   ;     0
30.06.1973 07:00:00   ;     0
01.07.1973 07:00:00   ;     0
02.07.1973 07:00:00   ;     0
03.07.1973 07:00:00   ;     0
04.07.1973 07:00:00   ;     0
05.07.1973 07:00:00   ;     0
06.07.1973 07:00:00   ;     0
07.07.1973 07:00:00   ;     0
08.07.1973 07:00:00   ;     0
09.07.1973 07:00:00   ;     0
10.07.1973 07:00:00   ;     0
11.07.1973 07:00:00   ;     0
12.07.1973 07:00:00   ;     0
13.07.1973 07:00:00   ;     0
14.07.1973 07:00:00   ;     0
15.07.1973 07:00:00   ;     0
16.07.1973 07:00:00   ;     0
17.07.1973 07:00:00   ;     0
18.07.1973 07:00:00   ;     0
19.07.1973 07:00:00   ;     0
20.07.1973 07:00:00   ;     0
21.07.1973 07:00:00   ;     0
22.07.1973 07:00:00   ;     0
23.07.1973 07:00:00   ;     0
24.07.1973 07:00:00   ;     0
25.07.1973 07:00:00   ;     0
26.07.1973 07:00:00   ;     0
27.07.1973 07:00:00   ;     0
28.07.1973 07:00:00   ;     0
29.07.1973 07:00:00   ;     0
30.07.1973 07:00:00   ;     0
31.07.1973 07:00:00   ;     0
01.08.1973 07:00:00   ;     0
02.08.1973 07:00:00   ;     0
03.08.1973 07:00:00   ;     0
04.08.1973 07:00:00   ;     0
05.08.1973 07:00:00   ;     0
06.08.1973 07:00:00   ;     0
07.08.1973 07:00:00   ;     0
08.08.1973 07:00:00   ;     0
09.08.1973 07:00:00   ;     0
10.08.1973 07:00:00   ;     0
11.08.1973 07:00:00   ;     0
12.08.1973 07:00:00   ;     0
13.08.1973 07:00:00   ;     0
14.08.1973 07:00:00   ;     0
15.08.1973 07:00:00   ;     0
16.08.1973 07:00:00   ;     0
17.08.1973 07:00:00   ;     0
18.08.1973 07:00:00   ;     0
19.08.1973 07:00:00   ;     0
20.08.1973 07:00:00   ;     0
21.08.1973 07:00:00   ;     0
22.08.1973 07:00:00   ;     0
23.08.1973 07:00:00   ;     0
24.08.1973 07:00:00   ;     0
25.08.1973 07:00:00   ;     0
26.08.1973 07:00:00   ;     0
27.08.1973 07:00:00   ;     0
28.08.1973 07:00:00   ;     0
29.08.1973 07:00:00   ;     0
30.08.1973 07:00:00   ;     0
31.08.1973 07:00:00   ;     0
01.09.1973 07:00:00   ;     0
02.09.1973 07:00:00   ;     0
03.09.1973 07:00:00   ;     0
04.09.1973 07:00:00   ;     0
05.09.1973 07:00:00   ;     0
06.09.1973 07:00:00   ;     0
07.09.1973 07:00:00   ;     0
08.09.1973 07:00:00   ;     0
09.09.1973 07:00:00   ;     0
10.09.1973 07:00:00   ;     0
11.09.1973 07:00:00   ;     0
12.09.1973 07:00:00   ;     0
13.09.1973 07:00:00   ;     0
14.09.1973 07:00:00   ;     0
15.09.1973 07:00:00   ;     0
16.09.1973 07:00:00   ;     0
17.09.1973 07:00:00   ;     0
18.09.1973 07:00:00   ;     0
19.09.1973 07:00:00   ;     0
20.09.1973 07:00:00   ;     0
21.09.1973 07:00:00   ;     0
22.09.1973 07:00:00   ;     0
23.09.1973 07:00:00   ;     0
24.09.1973 07:00:00   ;     0
25.09.1973 07:00:00   ;     0
26.09.1973 07:00:00   ;     0
27.09.1973 07:00:00   ;     0
28.09.1973 07:00:00   ;     0
29.09.1973 07:00:00   ;     0
30.09.1973 07:00:00   ;     0
01.10.1973 07:00:00   ;     0
02.10.1973 07:00:00   ;     0
03.10.1973 07:00:00   ;     0
04.10.1973 07:00:00   ;     0
05.10.1973 07:00:00   ;     0
06.10.1973 07:00:00   ;     0
07.10.1973 07:00:00   ;     0
08.10.1973 07:00:00   ;     0
09.10.1973 07:00:00   ;     0
10.10.1973 07:00:00   ;     0
11.10.1973 07:00:00   ;     0
12.10.1973 07:00:00   ;     0
13.10.1973 07:00:00   ;     0
14.10.1973 07:00:00   ;     0
15.10.1973 07:00:00   ;     0
16.10.1973 07:00:00   ;     0
17.10.1973 07:00:00   ;     0
18.10.1973 07:00:00   ;     0
19.10.1973 07:00:00   ;     0
20.10.1973 07:00:00   ;     0
21.10.1973 07:00:00   ;     0
22.10.1973 07:00:00   ;     0
23.10.1973 07:00:00   ;     0
24.10.1973 07:00:00   ;     0
25.10.1973 07:00:00   ;     0
26.10.1973 07:00:00   ;     0
27.10.1973 07:00:00   ;     0
28.10.1973 07:00:00   ;     0
29.10.1973 07:00:00   ;     0
30.10.1973 07:00:00   ;     0
31.10.1973 07:00:00   ;     0
01.11.1973 07:00:00   ;     0
02.11.1973 07:00:00   ;     0
03.11.1973 07:00:00   ;     0
04.11.1973 07:00:00   ;     0
05.11.1973 07:00:00   ;     0
06.11.1973 07:00:00   ;     0
07.11.1973 07:00:00   ;     0
08.11.1973 07:00:00   ;     0
09.11.1973 07:00:00   ;     0
10.11.1973 07:00:00   ;     0
11.11.1973 07:00:00   ;     0
12.11.1973 07:00:00   ;     0
13.11.1973 07:00:00   ;     0
14.11.1973 07:00:00   ;     0
15.11.1973 07:00:00   ;     0
16.11.1973 07:00:00   ;     0
17.11.1973 07:00:00   ;     0
18.11.1973 07:00:00   ;     0
19.11.1973 07:00:00   ;     0
20.11.1973 07:00:00   ;     0
21.11.1973 07:00:00   ;     0
22.11.1973 07:00:00   ;     0
23.11.1973 07:00:00   ;     0
24.11.1973 07:00:00   ;     0
25.11.1973 07:00:00   ;     3
26.11.1973 07:00:00   ;     2
27.11.1973 07:00:00   ;    10
28.11.1973 07:00:00   ;     1
29.11.1973 07:00:00   ;    17
30.11.1973 07:00:00   ;    12
01.12.1973 07:00:00   ;     3
02.12.1973 07:00:00   ;     0
03.12.1973 07:00:00   ;     0
04.12.1973 07:00:00   ;     0
05.12.1973 07:00:00   ;     0
06.12.1973 07:00:00   ;     0
07.12.1973 07:00:00   ;     0
08.12.1973 07:00:00   ;     1
09.12.1973 07:00:00   ;     0
10.12.1973 07:00:00   ;     0
11.12.1973 07:00:00   ;     0
12.12.1973 07:00:00   ;     0
13.12.1973 07:00:00   ;     5
14.12.1973 07:00:00   ;    38
15.12.1973 07:00:00   ;    12
16.12.1973 07:00:00   ;     4
17.12.1973 07:00:00   ;     3
18.12.1973 07:00:00   ;     0
19.12.1973 07:00:00   ;     0
20.12.1973 07:00:00   ;     0
21.12.1973 07:00:00   ;     0
22.12.1973 07:00:00   ;     0
23.12.1973 07:00:00   ;     0
24.12.1973 07:00:00   ;     0
25.12.1973 07:00:00   ;     0
26.12.1973 07:00:00   ;     0
27.12.1973 07:00:00   ;     0
28.12.1973 07:00:00   ;     0
29.12.1973 07:00:00   ;     0
30.12.1973 07:00:00   ;     0
31.12.1973 07:00:00   ;     0
01.01.1974 07:00:00   ;     0
02.01.1974 07:00:00   ;     0
03.01.1974 07:00:00   ;     0
04.01.1974 07:00:00   ;     0
05.01.1974 07:00:00   ;     0
06.01.1974 07:00:00   ;     5
07.01.1974 07:00:00   ;     2
08.01.1974 07:00:00   ;     0
09.01.1974 07:00:00   ;     0
10.01.1974 07:00:00   ;     0
11.01.1974 07:00:00   ;     0
12.01.1974 07:00:00   ;     0
13.01.1974 07:00:00   ;     0
14.01.1974 07:00:00   ;     0
15.01.1974 07:00:00   ;     0
16.01.1974 07:00:00   ;     0
17.01.1974 07:00:00   ;    23
18.01.1974 07:00:00   ;     8
19.01.1974 07:00:00   ;     0
20.01.1974 07:00:00   ;     0
21.01.1974 07:00:00   ;     0
22.01.1974 07:00:00   ;     0
23.01.1974 07:00:00   ;     0
24.01.1974 07:00:00   ;     0
25.01.1974 07:00:00   ;     0
26.01.1974 07:00:00   ;     0
27.01.1974 07:00:00   ;     0
28.01.1974 07:00:00   ;     0
29.01.1974 07:00:00   ;     0
30.01.1974 07:00:00   ;     0
31.01.1974 07:00:00   ;     0
01.02.1974 07:00:00   ;     0
02.02.1974 07:00:00   ;     0
03.02.1974 07:00:00   ;     7
04.02.1974 07:00:00   ;     0
05.02.1974 07:00:00   ;     0
06.02.1974 07:00:00   ;     1
07.02.1974 07:00:00   ;    23
08.02.1974 07:00:00   ;     4
09.02.1974 07:00:00   ;     0
10.02.1974 07:00:00   ;     0
11.02.1974 07:00:00   ;     0
12.02.1974 07:00:00   ;     0
13.02.1974 07:00:00   ;     0
14.02.1974 07:00:00   ;     0
15.02.1974 07:00:00   ;     0
16.02.1974 07:00:00   ;     0
17.02.1974 07:00:00   ;     0
18.02.1974 07:00:00   ;     0
19.02.1974 07:00:00   ;     0
20.02.1974 07:00:00   ;     0
21.02.1974 07:00:00   ;     0
22.02.1974 07:00:00   ;     0
23.02.1974 07:00:00   ;     0
24.02.1974 07:00:00   ;     4
25.02.1974 07:00:00   ;     1
26.02.1974 07:00:00   ;     0
27.02.1974 07:00:00   ;     0
28.02.1974 07:00:00   ;     0
01.03.1974 07:00:00   ;     0
02.03.1974 07:00:00   ;     2
03.03.1974 07:00:00   ;     0
04.03.1974 07:00:00   ;     0
05.03.1974 07:00:00   ;     2
06.03.1974 07:00:00   ;     0
07.03.1974 07:00:00   ;     0
08.03.1974 07:00:00   ;     0
09.03.1974 07:00:00   ;     0
10.03.1974 07:00:00   ;     0
11.03.1974 07:00:00   ;     0
12.03.1974 07:00:00   ;     0
13.03.1974 07:00:00   ;     0
14.03.1974 07:00:00   ;     0
15.03.1974 07:00:00   ;     0
16.03.1974 07:00:00   ;     0
17.03.1974 07:00:00   ;     0
18.03.1974 07:00:00   ;     0
19.03.1974 07:00:00   ;     0
20.03.1974 07:00:00   ;     0
21.03.1974 07:00:00   ;     0
22.03.1974 07:00:00   ;     0
23.03.1974 07:00:00   ;     0
24.03.1974 07:00:00   ;     0
25.03.1974 07:00:00   ;     0
26.03.1974 07:00:00   ;     0
27.03.1974 07:00:00   ;     0
28.03.1974 07:00:00   ;     0
29.03.1974 07:00:00   ;     0
30.03.1974 07:00:00   ;     0
31.03.1974 07:00:00   ;     0
01.04.1974 07:00:00   ;     0
02.04.1974 07:00:00   ;     0
03.04.1974 07:00:00   ;     0
04.04.1974 07:00:00   ;     0
05.04.1974 07:00:00   ;     0
06.04.1974 07:00:00   ;     0
07.04.1974 07:00:00   ;     0
08.04.1974 07:00:00   ;     0
09.04.1974 07:00:00   ;     0
10.04.1974 07:00:00   ;     0
11.04.1974 07:00:00   ;     0
12.04.1974 07:00:00   ;     0
13.04.1974 07:00:00   ;     0
14.04.1974 07:00:00   ;     0
15.04.1974 07:00:00   ;     4
16.04.1974 07:00:00   ;     2
17.04.1974 07:00:00   ;     0
18.04.1974 07:00:00   ;     0
19.04.1974 07:00:00   ;     0
20.04.1974 07:00:00   ;     0
21.04.1974 07:00:00   ;     0
22.04.1974 07:00:00   ;     0
23.04.1974 07:00:00   ;     0
24.04.1974 07:00:00   ;     0
25.04.1974 07:00:00   ;     0
26.04.1974 07:00:00   ;     0
27.04.1974 07:00:00   ;     0
28.04.1974 07:00:00   ;     0
29.04.1974 07:00:00   ;     0
30.04.1974 07:00:00   ;     0
01.05.1974 07:00:00   ;     0
02.05.1974 07:00:00   ;     0
03.05.1974 07:00:00   ;     0
04.05.1974 07:00:00   ;     0
05.05.1974 07:00:00   ;     0
06.05.1974 07:00:00   ;     0
07.05.1974 07:00:00   ;     0
08.05.1974 07:00:00   ;     0
09.05.1974 07:00:00   ;     0
10.05.1974 07:00:00   ;     0
11.05.1974 07:00:00   ;     0
12.05.1974 07:00:00   ;     0
13.05.1974 07:00:00   ;     0
14.05.1974 07:00:00   ;     0
15.05.1974 07:00:00   ;     0
16.05.1974 07:00:00   ;     0
17.05.1974 07:00:00   ;     0
18.05.1974 07:00:00   ;     0
19.05.1974 07:00:00   ;     0
20.05.1974 07:00:00   ;     0
21.05.1974 07:00:00   ;     0
22.05.1974 07:00:00   ;     0
23.05.1974 07:00:00   ;     0
24.05.1974 07:00:00   ;     0
25.05.1974 07:00:00   ;     0
26.05.1974 07:00:00   ;     0
27.05.1974 07:00:00   ;     0
28.05.1974 07:00:00   ;     0
29.05.1974 07:00:00   ;     0
30.05.1974 07:00:00   ;     0
31.05.1974 07:00:00   ;     0
01.06.1974 07:00:00   ;     0
02.06.1974 07:00:00   ;     0
03.06.1974 07:00:00   ;     0
04.06.1974 07:00:00   ;     0
05.06.1974 07:00:00   ;     0
06.06.1974 07:00:00   ;     0
07.06.1974 07:00:00   ;     0
08.06.1974 07:00:00   ;     0
09.06.1974 07:00:00   ;     0
10.06.1974 07:00:00   ;     0
11.06.1974 07:00:00   ;     0
12.06.1974 07:00:00   ;     0
13.06.1974 07:00:00   ;     0
14.06.1974 07:00:00   ;     0
15.06.1974 07:00:00   ;     0
16.06.1974 07:00:00   ;     0
17.06.1974 07:00:00   ;     0
18.06.1974 07:00:00   ;     0
19.06.1974 07:00:00   ;     0
20.06.1974 07:00:00   ;     0
21.06.1974 07:00:00   ;     0
22.06.1974 07:00:00   ;     0
23.06.1974 07:00:00   ;     0
24.06.1974 07:00:00   ;     0
25.06.1974 07:00:00   ;     0
26.06.1974 07:00:00   ;     0
27.06.1974 07:00:00   ;     0
28.06.1974 07:00:00   ;     0
29.06.1974 07:00:00   ;     0
30.06.1974 07:00:00   ;     0
01.07.1974 07:00:00   ;     0
02.07.1974 07:00:00   ;     0
03.07.1974 07:00:00   ;     0
04.07.1974 07:00:00   ;     0
05.07.1974 07:00:00   ;     0
06.07.1974 07:00:00   ;     0
07.07.1974 07:00:00   ;     0
08.07.1974 07:00:00   ;     0
09.07.1974 07:00:00   ;     0
10.07.1974 07:00:00   ;     0
11.07.1974 07:00:00   ;     0
12.07.1974 07:00:00   ;     0
13.07.1974 07:00:00   ;     0
14.07.1974 07:00:00   ;     0
15.07.1974 07:00:00   ;     0
16.07.1974 07:00:00   ;     0
17.07.1974 07:00:00   ;     0
18.07.1974 07:00:00   ;     0
19.07.1974 07:00:00   ;     0
20.07.1974 07:00:00   ;     0
21.07.1974 07:00:00   ;     0
22.07.1974 07:00:00   ;     0
23.07.1974 07:00:00   ;     0
24.07.1974 07:00:00   ;     0
25.07.1974 07:00:00   ;     0
26.07.1974 07:00:00   ;     0
27.07.1974 07:00:00   ;     0
28.07.1974 07:00:00   ;     0
29.07.1974 07:00:00   ;     0
30.07.1974 07:00:00   ;     0
31.07.1974 07:00:00   ;     0
01.08.1974 07:00:00   ;     0
02.08.1974 07:00:00   ;     0
03.08.1974 07:00:00   ;     0
04.08.1974 07:00:00   ;     0
05.08.1974 07:00:00   ;     0
06.08.1974 07:00:00   ;     0
07.08.1974 07:00:00   ;     0
08.08.1974 07:00:00   ;     0
09.08.1974 07:00:00   ;     0
10.08.1974 07:00:00   ;     0
11.08.1974 07:00:00   ;     0
12.08.1974 07:00:00   ;     0
13.08.1974 07:00:00   ;     0
14.08.1974 07:00:00   ;     0
15.08.1974 07:00:00   ;     0
16.08.1974 07:00:00   ;     0
17.08.1974 07:00:00   ;     0
18.08.1974 07:00:00   ;     0
19.08.1974 07:00:00   ;     0
20.08.1974 07:00:00   ;     0
21.08.1974 07:00:00   ;     0
22.08.1974 07:00:00   ;     0
23.08.1974 07:00:00   ;     0
24.08.1974 07:00:00   ;     0
25.08.1974 07:00:00   ;     0
26.08.1974 07:00:00   ;     0
27.08.1974 07:00:00   ;     0
28.08.1974 07:00:00   ;     0
29.08.1974 07:00:00   ;     0
30.08.1974 07:00:00   ;     0
31.08.1974 07:00:00   ;     0
01.09.1974 07:00:00   ;     0
02.09.1974 07:00:00   ;     0
03.09.1974 07:00:00   ;     0
04.09.1974 07:00:00   ;     0
05.09.1974 07:00:00   ;     0
06.09.1974 07:00:00   ;     0
07.09.1974 07:00:00   ;     0
08.09.1974 07:00:00   ;     0
09.09.1974 07:00:00   ;     0
10.09.1974 07:00:00   ;     0
11.09.1974 07:00:00   ;     0
12.09.1974 07:00:00   ;     0
13.09.1974 07:00:00   ;     0
14.09.1974 07:00:00   ;     0
15.09.1974 07:00:00   ;     0
16.09.1974 07:00:00   ;     0
17.09.1974 07:00:00   ;     0
18.09.1974 07:00:00   ;     0
19.09.1974 07:00:00   ;     0
20.09.1974 07:00:00   ;     0
21.09.1974 07:00:00   ;     0
22.09.1974 07:00:00   ;     0
23.09.1974 07:00:00   ;     0
24.09.1974 07:00:00   ;     0
25.09.1974 07:00:00   ;     0
26.09.1974 07:00:00   ;     0
27.09.1974 07:00:00   ;     0
28.09.1974 07:00:00   ;     0
29.09.1974 07:00:00   ;     0
30.09.1974 07:00:00   ;     0
01.10.1974 07:00:00   ;     0
02.10.1974 07:00:00   ;     0
03.10.1974 07:00:00   ;     0
04.10.1974 07:00:00   ;     0
05.10.1974 07:00:00   ;     0
06.10.1974 07:00:00   ;     0
07.10.1974 07:00:00   ;     0
08.10.1974 07:00:00   ;     0
09.10.1974 07:00:00   ;     0
10.10.1974 07:00:00   ;     0
11.10.1974 07:00:00   ;     0
12.10.1974 07:00:00   ;     0
13.10.1974 07:00:00   ;     0
14.10.1974 07:00:00   ;     0
15.10.1974 07:00:00   ;     0
16.10.1974 07:00:00   ;     0
17.10.1974 07:00:00   ;     0
18.10.1974 07:00:00   ;     0
19.10.1974 07:00:00   ;     0
20.10.1974 07:00:00   ;     0
21.10.1974 07:00:00   ;     3
22.10.1974 07:00:00   ;     0
23.10.1974 07:00:00   ;     0
24.10.1974 07:00:00   ;     0
25.10.1974 07:00:00   ;     0
26.10.1974 07:00:00   ;     5
27.10.1974 07:00:00   ;     0
28.10.1974 07:00:00   ;     4
29.10.1974 07:00:00   ;     3
30.10.1974 07:00:00   ;     2
31.10.1974 07:00:00   ;     4
01.11.1974 07:00:00   ;     0
02.11.1974 07:00:00   ;     2
03.11.1974 07:00:00   ;     0
04.11.1974 07:00:00   ;     0
05.11.1974 07:00:00   ;     0
06.11.1974 07:00:00   ;     0
07.11.1974 07:00:00   ;     0
08.11.1974 07:00:00   ;     0
09.11.1974 07:00:00   ;     0
10.11.1974 07:00:00   ;     0
11.11.1974 07:00:00   ;     0
12.11.1974 07:00:00   ;     0
13.11.1974 07:00:00   ;     0
14.11.1974 07:00:00   ;     0
15.11.1974 07:00:00   ;     0
16.11.1974 07:00:00   ;     0
17.11.1974 07:00:00   ;     0
18.11.1974 07:00:00   ;     0
19.11.1974 07:00:00   ;     0
20.11.1974 07:00:00   ;     0
21.11.1974 07:00:00   ;     0
22.11.1974 07:00:00   ;     0
23.11.1974 07:00:00   ;     0
24.11.1974 07:00:00   ;     0
25.11.1974 07:00:00   ;     1
26.11.1974 07:00:00   ;     4
27.11.1974 07:00:00   ;     0
28.11.1974 07:00:00   ;     6
29.11.1974 07:00:00   ;    24
30.11.1974 07:00:00   ;     6
01.12.1974 07:00:00   ;     0
02.12.1974 07:00:00   ;     0
03.12.1974 07:00:00   ;     0
04.12.1974 07:00:00   ;     0
05.12.1974 07:00:00   ;     2
06.12.1974 07:00:00   ;     7
07.12.1974 07:00:00   ;     0
08.12.1974 07:00:00   ;     0
09.12.1974 07:00:00   ;     0
10.12.1974 07:00:00   ;     0
11.12.1974 07:00:00   ;     0
12.12.1974 07:00:00   ;    15
13.12.1974 07:00:00   ;    20
14.12.1974 07:00:00   ;     0
15.12.1974 07:00:00   ;     4
16.12.1974 07:00:00   ;     0
17.12.1974 07:00:00   ;     0
18.12.1974 07:00:00   ;    21
19.12.1974 07:00:00   ;     4
20.12.1974 07:00:00   ;     0
21.12.1974 07:00:00   ;     0
22.12.1974 07:00:00   ;     0
23.12.1974 07:00:00   ;     0
24.12.1974 07:00:00   ;     0
25.12.1974 07:00:00   ;     0
26.12.1974 07:00:00   ;     0
27.12.1974 07:00:00   ;     0
28.12.1974 07:00:00   ;     0
29.12.1974 07:00:00   ;     0
30.12.1974 07:00:00   ;    18
31.12.1974 07:00:00   ;     0
01.01.1975 07:00:00   ;     0
02.01.1975 07:00:00   ;     0
03.01.1975 07:00:00   ;     0
04.01.1975 07:00:00   ;     0
05.01.1975 07:00:00   ;     0
06.01.1975 07:00:00   ;     0
07.01.1975 07:00:00   ;     4
08.01.1975 07:00:00   ;     3
09.01.1975 07:00:00   ;     0
10.01.1975 07:00:00   ;     0
11.01.1975 07:00:00   ;     0
12.01.1975 07:00:00   ;     0
13.01.1975 07:00:00   ;     0
14.01.1975 07:00:00   ;     0
15.01.1975 07:00:00   ;     0
16.01.1975 07:00:00   ;     0
17.01.1975 07:00:00   ;     0
18.01.1975 07:00:00   ;     0
19.01.1975 07:00:00   ;     0
20.01.1975 07:00:00   ;     0
21.01.1975 07:00:00   ;     0
22.01.1975 07:00:00   ;     0
23.01.1975 07:00:00   ;     0
24.01.1975 07:00:00   ;     0
25.01.1975 07:00:00   ;     0
26.01.1975 07:00:00   ;     0
27.01.1975 07:00:00   ;     0
28.01.1975 07:00:00   ;    10
29.01.1975 07:00:00   ;    10
30.01.1975 07:00:00   ;     0
31.01.1975 07:00:00   ;     0
01.02.1975 07:00:00   ;     0
02.02.1975 07:00:00   ;     0
03.02.1975 07:00:00   ;     0
04.02.1975 07:00:00   ;     0
05.02.1975 07:00:00   ;     0
06.02.1975 07:00:00   ;     0
07.02.1975 07:00:00   ;     0
08.02.1975 07:00:00   ;     0
09.02.1975 07:00:00   ;     0
10.02.1975 07:00:00   ;     0
11.02.1975 07:00:00   ;     0
12.02.1975 07:00:00   ;     0
13.02.1975 07:00:00   ;     0
14.02.1975 07:00:00   ;     0
15.02.1975 07:00:00   ;     0
16.02.1975 07:00:00   ;     0
17.02.1975 07:00:00   ;     0
18.02.1975 07:00:00   ;     0
19.02.1975 07:00:00   ;     1
20.02.1975 07:00:00   ;     0
21.02.1975 07:00:00   ;     0
22.02.1975 07:00:00   ;     0
23.02.1975 07:00:00   ;     0
24.02.1975 07:00:00   ;     0
25.02.1975 07:00:00   ;     0
26.02.1975 07:00:00   ;     0
27.02.1975 07:00:00   ;     0
28.02.1975 07:00:00   ;     0
01.03.1975 07:00:00   ;     0
02.03.1975 07:00:00   ;     0
03.03.1975 07:00:00   ;     0
04.03.1975 07:00:00   ;     0
05.03.1975 07:00:00   ;     0
06.03.1975 07:00:00   ;     0
07.03.1975 07:00:00   ;     0
08.03.1975 07:00:00   ;     0
09.03.1975 07:00:00   ;     0
10.03.1975 07:00:00   ;     0
11.03.1975 07:00:00   ;     0
12.03.1975 07:00:00   ;     0
13.03.1975 07:00:00   ;     0
14.03.1975 07:00:00   ;     0
15.03.1975 07:00:00   ;     0
16.03.1975 07:00:00   ;     0
17.03.1975 07:00:00   ;     5
18.03.1975 07:00:00   ;     0
19.03.1975 07:00:00   ;     0
20.03.1975 07:00:00   ;     0
21.03.1975 07:00:00   ;     0
22.03.1975 07:00:00   ;     0
23.03.1975 07:00:00   ;     8
24.03.1975 07:00:00   ;    14
25.03.1975 07:00:00   ;    18
26.03.1975 07:00:00   ;     0
27.03.1975 07:00:00   ;     0
28.03.1975 07:00:00   ;    12
29.03.1975 07:00:00   ;    10
30.03.1975 07:00:00   ;    20
31.03.1975 07:00:00   ;     0
01.04.1975 07:00:00   ;     0
02.04.1975 07:00:00   ;     0
03.04.1975 07:00:00   ;     0
04.04.1975 07:00:00   ;     0
05.04.1975 07:00:00   ;     0
06.04.1975 07:00:00   ;     2
07.04.1975 07:00:00   ;     0
08.04.1975 07:00:00   ;     0
09.04.1975 07:00:00   ;     2
10.04.1975 07:00:00   ;    10
11.04.1975 07:00:00   ;     2
12.04.1975 07:00:00   ;     0
13.04.1975 07:00:00   ;     0
14.04.1975 07:00:00   ;     0
15.04.1975 07:00:00   ;     0
16.04.1975 07:00:00   ;     0
17.04.1975 07:00:00   ;     0
18.04.1975 07:00:00   ;     0
19.04.1975 07:00:00   ;     0
20.04.1975 07:00:00   ;     0
21.04.1975 07:00:00   ;     0
22.04.1975 07:00:00   ;     0
23.04.1975 07:00:00   ;     0
24.04.1975 07:00:00   ;     0
25.04.1975 07:00:00   ;     0
26.04.1975 07:00:00   ;     0
27.04.1975 07:00:00   ;     0
28.04.1975 07:00:00   ;     0
29.04.1975 07:00:00   ;     0
30.04.1975 07:00:00   ;     0
01.05.1975 07:00:00   ;     0
02.05.1975 07:00:00   ;     0
03.05.1975 07:00:00   ;     0
04.05.1975 07:00:00   ;     0
05.05.1975 07:00:00   ;     0
06.05.1975 07:00:00   ;     0
07.05.1975 07:00:00   ;     0
08.05.1975 07:00:00   ;     0
09.05.1975 07:00:00   ;     0
10.05.1975 07:00:00   ;     0
11.05.1975 07:00:00   ;     0
12.05.1975 07:00:00   ;     0
13.05.1975 07:00:00   ;     0
14.05.1975 07:00:00   ;     0
15.05.1975 07:00:00   ;     0
16.05.1975 07:00:00   ;     0
17.05.1975 07:00:00   ;     0
18.05.1975 07:00:00   ;     0
19.05.1975 07:00:00   ;     0
20.05.1975 07:00:00   ;     0
21.05.1975 07:00:00   ;     0
22.05.1975 07:00:00   ;     0
23.05.1975 07:00:00   ;     0
24.05.1975 07:00:00   ;     0
25.05.1975 07:00:00   ;     0
26.05.1975 07:00:00   ;     0
27.05.1975 07:00:00   ;     0
28.05.1975 07:00:00   ;     0
29.05.1975 07:00:00   ;     0
30.05.1975 07:00:00   ;     0
31.05.1975 07:00:00   ;     0
01.06.1975 07:00:00   ;     0
02.06.1975 07:00:00   ;     0
03.06.1975 07:00:00   ;     0
04.06.1975 07:00:00   ;     0
05.06.1975 07:00:00   ;     0
06.06.1975 07:00:00   ;     0
07.06.1975 07:00:00   ;     0
08.06.1975 07:00:00   ;     0
09.06.1975 07:00:00   ;     0
10.06.1975 07:00:00   ;     0
11.06.1975 07:00:00   ;     0
12.06.1975 07:00:00   ;     0
13.06.1975 07:00:00   ;     0
14.06.1975 07:00:00   ;     0
15.06.1975 07:00:00   ;     0
16.06.1975 07:00:00   ;     0
17.06.1975 07:00:00   ;     0
18.06.1975 07:00:00   ;     0
19.06.1975 07:00:00   ;     0
20.06.1975 07:00:00   ;     0
21.06.1975 07:00:00   ;     0
22.06.1975 07:00:00   ;     0
23.06.1975 07:00:00   ;     0
24.06.1975 07:00:00   ;     0
25.06.1975 07:00:00   ;     0
26.06.1975 07:00:00   ;     0
27.06.1975 07:00:00   ;     0
28.06.1975 07:00:00   ;     0
29.06.1975 07:00:00   ;     0
30.06.1975 07:00:00   ;     0
01.07.1975 07:00:00   ;     0
02.07.1975 07:00:00   ;     0
03.07.1975 07:00:00   ;     0
04.07.1975 07:00:00   ;     0
05.07.1975 07:00:00   ;     0
06.07.1975 07:00:00   ;     0
07.07.1975 07:00:00   ;     0
08.07.1975 07:00:00   ;     0
09.07.1975 07:00:00   ;     0
10.07.1975 07:00:00   ;     0
11.07.1975 07:00:00   ;     0
12.07.1975 07:00:00   ;     0
13.07.1975 07:00:00   ;     0
14.07.1975 07:00:00   ;     0
15.07.1975 07:00:00   ;     0
16.07.1975 07:00:00   ;     0
17.07.1975 07:00:00   ;     0
18.07.1975 07:00:00   ;     0
19.07.1975 07:00:00   ;     0
20.07.1975 07:00:00   ;     0
21.07.1975 07:00:00   ;     0
22.07.1975 07:00:00   ;     0
23.07.1975 07:00:00   ;     0
24.07.1975 07:00:00   ;     0
25.07.1975 07:00:00   ;     0
26.07.1975 07:00:00   ;     0
27.07.1975 07:00:00   ;     0
28.07.1975 07:00:00   ;     0
29.07.1975 07:00:00   ;     0
30.07.1975 07:00:00   ;     0
31.07.1975 07:00:00   ;     0
01.08.1975 07:00:00   ;     0
02.08.1975 07:00:00   ;     0
03.08.1975 07:00:00   ;     0
04.08.1975 07:00:00   ;     0
05.08.1975 07:00:00   ;     0
06.08.1975 07:00:00   ;     0
07.08.1975 07:00:00   ;     0
08.08.1975 07:00:00   ;     0
09.08.1975 07:00:00   ;     0
10.08.1975 07:00:00   ;     0
11.08.1975 07:00:00   ;     0
12.08.1975 07:00:00   ;     0
13.08.1975 07:00:00   ;     0
14.08.1975 07:00:00   ;     0
15.08.1975 07:00:00   ;     0
16.08.1975 07:00:00   ;     0
17.08.1975 07:00:00   ;     0
18.08.1975 07:00:00   ;     0
19.08.1975 07:00:00   ;     0
20.08.1975 07:00:00   ;     0
21.08.1975 07:00:00   ;     0
22.08.1975 07:00:00   ;     0
23.08.1975 07:00:00   ;     0
24.08.1975 07:00:00   ;     0
25.08.1975 07:00:00   ;     0
26.08.1975 07:00:00   ;     0
27.08.1975 07:00:00   ;     0
28.08.1975 07:00:00   ;     0
29.08.1975 07:00:00   ;     0
30.08.1975 07:00:00   ;     0
31.08.1975 07:00:00   ;     0
01.09.1975 07:00:00   ;     0
02.09.1975 07:00:00   ;     0
03.09.1975 07:00:00   ;     0
04.09.1975 07:00:00   ;     0
05.09.1975 07:00:00   ;     0
06.09.1975 07:00:00   ;     0
07.09.1975 07:00:00   ;     0
08.09.1975 07:00:00   ;     0
09.09.1975 07:00:00   ;     0
10.09.1975 07:00:00   ;     0
11.09.1975 07:00:00   ;     0
12.09.1975 07:00:00   ;     0
13.09.1975 07:00:00   ;     0
14.09.1975 07:00:00   ;     0
15.09.1975 07:00:00   ;     0
16.09.1975 07:00:00   ;     0
17.09.1975 07:00:00   ;     0
18.09.1975 07:00:00   ;     0
19.09.1975 07:00:00   ;     0
20.09.1975 07:00:00   ;     0
21.09.1975 07:00:00   ;     0
22.09.1975 07:00:00   ;     0
23.09.1975 07:00:00   ;     0
24.09.1975 07:00:00   ;     0
25.09.1975 07:00:00   ;     0
26.09.1975 07:00:00   ;     0
27.09.1975 07:00:00   ;     0
28.09.1975 07:00:00   ;     0
29.09.1975 07:00:00   ;     0
30.09.1975 07:00:00   ;     0
01.10.1975 07:00:00   ;     0
02.10.1975 07:00:00   ;     0
03.10.1975 07:00:00   ;     0
04.10.1975 07:00:00   ;     0
05.10.1975 07:00:00   ;     0
06.10.1975 07:00:00   ;     0
07.10.1975 07:00:00   ;     0
08.10.1975 07:00:00   ;     0
09.10.1975 07:00:00   ;     0
10.10.1975 07:00:00   ;     0
11.10.1975 07:00:00   ;     0
12.10.1975 07:00:00   ;     0
13.10.1975 07:00:00   ;     0
14.10.1975 07:00:00   ;     0
15.10.1975 07:00:00   ;     0
16.10.1975 07:00:00   ;     0
17.10.1975 07:00:00   ;     0
18.10.1975 07:00:00   ;     0
19.10.1975 07:00:00   ;     0
20.10.1975 07:00:00   ;     0
21.10.1975 07:00:00   ;     0
22.10.1975 07:00:00   ;     0
23.10.1975 07:00:00   ;     0
24.10.1975 07:00:00   ;     0
25.10.1975 07:00:00   ;     0
26.10.1975 07:00:00   ;     0
27.10.1975 07:00:00   ;     0
28.10.1975 07:00:00   ;     0
29.10.1975 07:00:00   ;     0
30.10.1975 07:00:00   ;     0
31.10.1975 07:00:00   ;     0
01.11.1975 07:00:00   ;     0
02.11.1975 07:00:00   ;     0
03.11.1975 07:00:00   ;     0
04.11.1975 07:00:00   ;     0
05.11.1975 07:00:00   ;     0
06.11.1975 07:00:00   ;     0
07.11.1975 07:00:00   ;     0
08.11.1975 07:00:00   ;     0
09.11.1975 07:00:00   ;     0
10.11.1975 07:00:00   ;     0
11.11.1975 07:00:00   ;     0
12.11.1975 07:00:00   ;     0
13.11.1975 07:00:00   ;     0
14.11.1975 07:00:00   ;     0
15.11.1975 07:00:00   ;     0
16.11.1975 07:00:00   ;     0
17.11.1975 07:00:00   ;     0
18.11.1975 07:00:00   ;     0
19.11.1975 07:00:00   ;     0
20.11.1975 07:00:00   ;     0
21.11.1975 07:00:00   ;    12
22.11.1975 07:00:00   ;    23
23.11.1975 07:00:00   ;     0
24.11.1975 07:00:00   ;     0
25.11.1975 07:00:00   ;     0
26.11.1975 07:00:00   ;     0
27.11.1975 07:00:00   ;     0
28.11.1975 07:00:00   ;     0
29.11.1975 07:00:00   ;     0
30.11.1975 07:00:00   ;     8
01.12.1975 07:00:00   ;     2
02.12.1975 07:00:00   ;     0
03.12.1975 07:00:00   ;     0
04.12.1975 07:00:00   ;     2
05.12.1975 07:00:00   ;     0
06.12.1975 07:00:00   ;     0
07.12.1975 07:00:00   ;     0
08.12.1975 07:00:00   ;     0
09.12.1975 07:00:00   ;     0
10.12.1975 07:00:00   ;     0
11.12.1975 07:00:00   ;     0
12.12.1975 07:00:00   ;     0
13.12.1975 07:00:00   ;     0
14.12.1975 07:00:00   ;     2
15.12.1975 07:00:00   ;     0
16.12.1975 07:00:00   ;     0
17.12.1975 07:00:00   ;     3
18.12.1975 07:00:00   ;     3
19.12.1975 07:00:00   ;     0
20.12.1975 07:00:00   ;     0
21.12.1975 07:00:00   ;     0
22.12.1975 07:00:00   ;     0
23.12.1975 07:00:00   ;     0
24.12.1975 07:00:00   ;     3
25.12.1975 07:00:00   ;     2
26.12.1975 07:00:00   ;     1
27.12.1975 07:00:00   ;     0
28.12.1975 07:00:00   ;     0
29.12.1975 07:00:00   ;     0
30.12.1975 07:00:00   ;     0
31.12.1975 07:00:00   ;     0
01.01.1976 07:00:00   ;     0
02.01.1976 07:00:00   ;     0
03.01.1976 07:00:00   ;     0
04.01.1976 07:00:00   ;     5
05.01.1976 07:00:00   ;     0
06.01.1976 07:00:00   ;     0
07.01.1976 07:00:00   ;     0
08.01.1976 07:00:00   ;     0
09.01.1976 07:00:00   ;     0
10.01.1976 07:00:00   ;     0
11.01.1976 07:00:00   ;     0
12.01.1976 07:00:00   ;     0
13.01.1976 07:00:00   ;     0
14.01.1976 07:00:00   ;     0
15.01.1976 07:00:00   ;    25
16.01.1976 07:00:00   ;     5
17.01.1976 07:00:00   ;     8
18.01.1976 07:00:00   ;     0
19.01.1976 07:00:00   ;     3
20.01.1976 07:00:00   ;     0
21.01.1976 07:00:00   ;     0
22.01.1976 07:00:00   ;     0
23.01.1976 07:00:00   ;     2
24.01.1976 07:00:00   ;     2
25.01.1976 07:00:00   ;     0
26.01.1976 07:00:00   ;     0
27.01.1976 07:00:00   ;     0
28.01.1976 07:00:00   ;     0
29.01.1976 07:00:00   ;     0
30.01.1976 07:00:00   ;     0
31.01.1976 07:00:00   ;     0
01.02.1976 07:00:00   ;     0
02.02.1976 07:00:00   ;     0
03.02.1976 07:00:00   ;     0
04.02.1976 07:00:00   ;     0
05.02.1976 07:00:00   ;     0
06.02.1976 07:00:00   ;     0
07.02.1976 07:00:00   ;     0
08.02.1976 07:00:00   ;     0
09.02.1976 07:00:00   ;     0
10.02.1976 07:00:00   ;     0
11.02.1976 07:00:00   ;     6
12.02.1976 07:00:00   ;     0
13.02.1976 07:00:00   ;     4
14.02.1976 07:00:00   ;     4
15.02.1976 07:00:00   ;     0
16.02.1976 07:00:00   ;     0
17.02.1976 07:00:00   ;     0
18.02.1976 07:00:00   ;     0
19.02.1976 07:00:00   ;     0
20.02.1976 07:00:00   ;     0
21.02.1976 07:00:00   ;     0
22.02.1976 07:00:00   ;     0
23.02.1976 07:00:00   ;     0
24.02.1976 07:00:00   ;     0
25.02.1976 07:00:00   ;     0
26.02.1976 07:00:00   ;     0
27.02.1976 07:00:00   ;     0
28.02.1976 07:00:00   ;     0
29.02.1976 07:00:00   ;     0
01.03.1976 07:00:00   ;     0
02.03.1976 07:00:00   ;     0
03.03.1976 07:00:00   ;     0
04.03.1976 07:00:00   ;     0
05.03.1976 07:00:00   ;     0
06.03.1976 07:00:00   ;     0
07.03.1976 07:00:00   ;     0
08.03.1976 07:00:00   ;     0
09.03.1976 07:00:00   ;     0
10.03.1976 07:00:00   ;     0
11.03.1976 07:00:00   ;     0
12.03.1976 07:00:00   ;     0
13.03.1976 07:00:00   ;     0
14.03.1976 07:00:00   ;     0
15.03.1976 07:00:00   ;     0
16.03.1976 07:00:00   ;     0
17.03.1976 07:00:00   ;     0
18.03.1976 07:00:00   ;     0
19.03.1976 07:00:00   ;     0
20.03.1976 07:00:00   ;     0
21.03.1976 07:00:00   ;     0
22.03.1976 07:00:00   ;     0
23.03.1976 07:00:00   ;     0
24.03.1976 07:00:00   ;     0
25.03.1976 07:00:00   ;     0
26.03.1976 07:00:00   ;     0
27.03.1976 07:00:00   ;     0
28.03.1976 07:00:00   ;     0
29.03.1976 07:00:00   ;     0
30.03.1976 07:00:00   ;     0
31.03.1976 07:00:00   ;     0
01.04.1976 07:00:00   ;     0
02.04.1976 07:00:00   ;     0
03.04.1976 07:00:00   ;     0
04.04.1976 07:00:00   ;     0
05.04.1976 07:00:00   ;     0
06.04.1976 07:00:00   ;     0
07.04.1976 07:00:00   ;     0
08.04.1976 07:00:00   ;     4
09.04.1976 07:00:00   ;     0
10.04.1976 07:00:00   ;     0
11.04.1976 07:00:00   ;     0
12.04.1976 07:00:00   ;     0
13.04.1976 07:00:00   ;     0
14.04.1976 07:00:00   ;     0
15.04.1976 07:00:00   ;     0
16.04.1976 07:00:00   ;     0
17.04.1976 07:00:00   ;     0
18.04.1976 07:00:00   ;     0
19.04.1976 07:00:00   ;     0
20.04.1976 07:00:00   ;     0
21.04.1976 07:00:00   ;     0
22.04.1976 07:00:00   ;     0
23.04.1976 07:00:00   ;     0
24.04.1976 07:00:00   ;     0
25.04.1976 07:00:00   ;     0
26.04.1976 07:00:00   ;     0
27.04.1976 07:00:00   ;     0
28.04.1976 07:00:00   ;     0
29.04.1976 07:00:00   ;     0
30.04.1976 07:00:00   ;     0
01.05.1976 07:00:00   ;     0
02.05.1976 07:00:00   ;     0
03.05.1976 07:00:00   ;     0
04.05.1976 07:00:00   ;     0
05.05.1976 07:00:00   ;     0
06.05.1976 07:00:00   ;     0
07.05.1976 07:00:00   ;     0
08.05.1976 07:00:00   ;     0
09.05.1976 07:00:00   ;     0
10.05.1976 07:00:00   ;     0
11.05.1976 07:00:00   ;     0
12.05.1976 07:00:00   ;     0
13.05.1976 07:00:00   ;     0
14.05.1976 07:00:00   ;     0
15.05.1976 07:00:00   ;     0
16.05.1976 07:00:00   ;     0
17.05.1976 07:00:00   ;     0
18.05.1976 07:00:00   ;     0
19.05.1976 07:00:00   ;     0
20.05.1976 07:00:00   ;     0
21.05.1976 07:00:00   ;     0
22.05.1976 07:00:00   ;     0
23.05.1976 07:00:00   ;     0
24.05.1976 07:00:00   ;     0
25.05.1976 07:00:00   ;     0
26.05.1976 07:00:00   ;     0
27.05.1976 07:00:00   ;     0
28.05.1976 07:00:00   ;     0
29.05.1976 07:00:00   ;     0
30.05.1976 07:00:00   ;     0
31.05.1976 07:00:00   ;     0
01.06.1976 07:00:00   ;     0
02.06.1976 07:00:00   ;     0
03.06.1976 07:00:00   ;     0
04.06.1976 07:00:00   ;     0
05.06.1976 07:00:00   ;     0
06.06.1976 07:00:00   ;     0
07.06.1976 07:00:00   ;     0
08.06.1976 07:00:00   ;     0
09.06.1976 07:00:00   ;     0
10.06.1976 07:00:00   ;     0
11.06.1976 07:00:00   ;     0
12.06.1976 07:00:00   ;     0
13.06.1976 07:00:00   ;     0
14.06.1976 07:00:00   ;     0
15.06.1976 07:00:00   ;     0
16.06.1976 07:00:00   ;     0
17.06.1976 07:00:00   ;     0
18.06.1976 07:00:00   ;     0
19.06.1976 07:00:00   ;     0
20.06.1976 07:00:00   ;     0
21.06.1976 07:00:00   ;     0
22.06.1976 07:00:00   ;     0
23.06.1976 07:00:00   ;     0
24.06.1976 07:00:00   ;     0
25.06.1976 07:00:00   ;     0
26.06.1976 07:00:00   ;     0
27.06.1976 07:00:00   ;     0
28.06.1976 07:00:00   ;     0
29.06.1976 07:00:00   ;     0
30.06.1976 07:00:00   ;     0
01.07.1976 07:00:00   ;     0
02.07.1976 07:00:00   ;     0
03.07.1976 07:00:00   ;     0
04.07.1976 07:00:00   ;     0
05.07.1976 07:00:00   ;     0
06.07.1976 07:00:00   ;     0
07.07.1976 07:00:00   ;     0
08.07.1976 07:00:00   ;     0
09.07.1976 07:00:00   ;     0
10.07.1976 07:00:00   ;     0
11.07.1976 07:00:00   ;     0
12.07.1976 07:00:00   ;     0
13.07.1976 07:00:00   ;     0
14.07.1976 07:00:00   ;     0
15.07.1976 07:00:00   ;     0
16.07.1976 07:00:00   ;     0
17.07.1976 07:00:00   ;     0
18.07.1976 07:00:00   ;     0
19.07.1976 07:00:00   ;     0
20.07.1976 07:00:00   ;     0
21.07.1976 07:00:00   ;     0
22.07.1976 07:00:00   ;     0
23.07.1976 07:00:00   ;     0
24.07.1976 07:00:00   ;     0
25.07.1976 07:00:00   ;     0
26.07.1976 07:00:00   ;     0
27.07.1976 07:00:00   ;     0
28.07.1976 07:00:00   ;     0
29.07.1976 07:00:00   ;     0
30.07.1976 07:00:00   ;     0
31.07.1976 07:00:00   ;     0
01.08.1976 07:00:00   ;     0
02.08.1976 07:00:00   ;     0
03.08.1976 07:00:00   ;     0
04.08.1976 07:00:00   ;     0
05.08.1976 07:00:00   ;     0
06.08.1976 07:00:00   ;     0
07.08.1976 07:00:00   ;     0
08.08.1976 07:00:00   ;     0
09.08.1976 07:00:00   ;     0
10.08.1976 07:00:00   ;     0
11.08.1976 07:00:00   ;     0
12.08.1976 07:00:00   ;     0
13.08.1976 07:00:00   ;     0
14.08.1976 07:00:00   ;     0
15.08.1976 07:00:00   ;     0
16.08.1976 07:00:00   ;     0
17.08.1976 07:00:00   ;     0
18.08.1976 07:00:00   ;     0
19.08.1976 07:00:00   ;     0
20.08.1976 07:00:00   ;     0
21.08.1976 07:00:00   ;     0
22.08.1976 07:00:00   ;     0
23.08.1976 07:00:00   ;     0
24.08.1976 07:00:00   ;     0
25.08.1976 07:00:00   ;     0
26.08.1976 07:00:00   ;     0
27.08.1976 07:00:00   ;     0
28.08.1976 07:00:00   ;     0
29.08.1976 07:00:00   ;     0
30.08.1976 07:00:00   ;     0
31.08.1976 07:00:00   ;     0
01.09.1976 07:00:00   ;     0
02.09.1976 07:00:00   ;     0
03.09.1976 07:00:00   ;     0
04.09.1976 07:00:00   ;     0
05.09.1976 07:00:00   ;     0
06.09.1976 07:00:00   ;     0
07.09.1976 07:00:00   ;     0
08.09.1976 07:00:00   ;     0
09.09.1976 07:00:00   ;     0
10.09.1976 07:00:00   ;     0
11.09.1976 07:00:00   ;     0
12.09.1976 07:00:00   ;     0
13.09.1976 07:00:00   ;     0
14.09.1976 07:00:00   ;     0
15.09.1976 07:00:00   ;     0
16.09.1976 07:00:00   ;     0
17.09.1976 07:00:00   ;     0
18.09.1976 07:00:00   ;     0
19.09.1976 07:00:00   ;     0
20.09.1976 07:00:00   ;     0
21.09.1976 07:00:00   ;     0
22.09.1976 07:00:00   ;     0
23.09.1976 07:00:00   ;     0
24.09.1976 07:00:00   ;     0
25.09.1976 07:00:00   ;     0
26.09.1976 07:00:00   ;     0
27.09.1976 07:00:00   ;     0
28.09.1976 07:00:00   ;     0
29.09.1976 07:00:00   ;     0
30.09.1976 07:00:00   ;     0
01.10.1976 07:00:00   ;     0
02.10.1976 07:00:00   ;     0
03.10.1976 07:00:00   ;     0
04.10.1976 07:00:00   ;     0
05.10.1976 07:00:00   ;     0
06.10.1976 07:00:00   ;     0
07.10.1976 07:00:00   ;     0
08.10.1976 07:00:00   ;     0
09.10.1976 07:00:00   ;     0
10.10.1976 07:00:00   ;     0
11.10.1976 07:00:00   ;     0
12.10.1976 07:00:00   ;     0
13.10.1976 07:00:00   ;     0
14.10.1976 07:00:00   ;     0
15.10.1976 07:00:00   ;     0
16.10.1976 07:00:00   ;     0
17.10.1976 07:00:00   ;     0
18.10.1976 07:00:00   ;     0
19.10.1976 07:00:00   ;     0
20.10.1976 07:00:00   ;     0
21.10.1976 07:00:00   ;     0
22.10.1976 07:00:00   ;     0
23.10.1976 07:00:00   ;     0
24.10.1976 07:00:00   ;     0
25.10.1976 07:00:00   ;     0
26.10.1976 07:00:00   ;     0
27.10.1976 07:00:00   ;     0
28.10.1976 07:00:00   ;     0
29.10.1976 07:00:00   ;     0
30.10.1976 07:00:00   ;     0
31.10.1976 07:00:00   ;     0
01.11.1976 07:00:00   ;     0
02.11.1976 07:00:00   ;     0
03.11.1976 07:00:00   ;     0
04.11.1976 07:00:00   ;     0
05.11.1976 07:00:00   ;     0
06.11.1976 07:00:00   ;     0
07.11.1976 07:00:00   ;     0
08.11.1976 07:00:00   ;     0
09.11.1976 07:00:00   ;     0
10.11.1976 07:00:00   ;     0
11.11.1976 07:00:00   ;     0
12.11.1976 07:00:00   ;     0
13.11.1976 07:00:00   ;     0
14.11.1976 07:00:00   ;     0
15.11.1976 07:00:00   ;     0
16.11.1976 07:00:00   ;     0
17.11.1976 07:00:00   ;     0
18.11.1976 07:00:00   ;     0
19.11.1976 07:00:00   ;     0
20.11.1976 07:00:00   ;     8
21.11.1976 07:00:00   ;     0
22.11.1976 07:00:00   ;     6
23.11.1976 07:00:00   ;    20
24.11.1976 07:00:00   ;    20
25.11.1976 07:00:00   ;    12
26.11.1976 07:00:00   ;     0
27.11.1976 07:00:00   ;     0
28.11.1976 07:00:00   ;     0
29.11.1976 07:00:00   ;     0
30.11.1976 07:00:00   ;     0
01.12.1976 07:00:00   ;     0
02.12.1976 07:00:00   ;    15
03.12.1976 07:00:00   ;    17
04.12.1976 07:00:00   ;     0
05.12.1976 07:00:00   ;     0
06.12.1976 07:00:00   ;     0
07.12.1976 07:00:00   ;     5
08.12.1976 07:00:00   ;     1
09.12.1976 07:00:00   ;     8
10.12.1976 07:00:00   ;    10
11.12.1976 07:00:00   ;    32
12.12.1976 07:00:00   ;    30
13.12.1976 07:00:00   ;     2
14.12.1976 07:00:00   ;     0
15.12.1976 07:00:00   ;     0
16.12.1976 07:00:00   ;     0
17.12.1976 07:00:00   ;     0
18.12.1976 07:00:00   ;     0
19.12.1976 07:00:00   ;     0
20.12.1976 07:00:00   ;     0
21.12.1976 07:00:00   ;     0
22.12.1976 07:00:00   ;     0
23.12.1976 07:00:00   ;     0
24.12.1976 07:00:00   ;     0
25.12.1976 07:00:00   ;     0
26.12.1976 07:00:00   ;    10
27.12.1976 07:00:00   ;     0
28.12.1976 07:00:00   ;    15
29.12.1976 07:00:00   ;     0
30.12.1976 07:00:00   ;     0
31.12.1976 07:00:00   ;     0
01.01.1977 07:00:00   ;     0
02.01.1977 07:00:00   ;     1
03.01.1977 07:00:00   ;    25
04.01.1977 07:00:00   ;     5
05.01.1977 07:00:00   ;     0
06.01.1977 07:00:00   ;     0
07.01.1977 07:00:00   ;     3
08.01.1977 07:00:00   ;     5
09.01.1977 07:00:00   ;     0
10.01.1977 07:00:00   ;     0
11.01.1977 07:00:00   ;     0
12.01.1977 07:00:00   ;     6
13.01.1977 07:00:00   ;     0
14.01.1977 07:00:00   ;    16
15.01.1977 07:00:00   ;     0
16.01.1977 07:00:00   ;    15
17.01.1977 07:00:00   ;     8
18.01.1977 07:00:00   ;     0
19.01.1977 07:00:00   ;     7
20.01.1977 07:00:00   ;     0
21.01.1977 07:00:00   ;     0
22.01.1977 07:00:00   ;     0
23.01.1977 07:00:00   ;     0
24.01.1977 07:00:00   ;     0
25.01.1977 07:00:00   ;     0
26.01.1977 07:00:00   ;     0
27.01.1977 07:00:00   ;     0
28.01.1977 07:00:00   ;     0
29.01.1977 07:00:00   ;     2
30.01.1977 07:00:00   ;     0
31.01.1977 07:00:00   ;     0
01.02.1977 07:00:00   ;     0
02.02.1977 07:00:00   ;     0
03.02.1977 07:00:00   ;     0
04.02.1977 07:00:00   ;     0
05.02.1977 07:00:00   ;     0
06.02.1977 07:00:00   ;     0
07.02.1977 07:00:00   ;     0
08.02.1977 07:00:00   ;     0
09.02.1977 07:00:00   ;     0
10.02.1977 07:00:00   ;     0
11.02.1977 07:00:00   ;     0
12.02.1977 07:00:00   ;     0
13.02.1977 07:00:00   ;     0
14.02.1977 07:00:00   ;     0
15.02.1977 07:00:00   ;     0
16.02.1977 07:00:00   ;     0
17.02.1977 07:00:00   ;     0
18.02.1977 07:00:00   ;     0
19.02.1977 07:00:00   ;     0
20.02.1977 07:00:00   ;     0
21.02.1977 07:00:00   ;     0
22.02.1977 07:00:00   ;     0
23.02.1977 07:00:00   ;     0
24.02.1977 07:00:00   ;     0
25.02.1977 07:00:00   ;     0
26.02.1977 07:00:00   ;     5
27.02.1977 07:00:00   ;     3
28.02.1977 07:00:00   ;     0
01.03.1977 07:00:00   ;     0
02.03.1977 07:00:00   ;     1
03.03.1977 07:00:00   ;     0
04.03.1977 07:00:00   ;     0
05.03.1977 07:00:00   ;     0
06.03.1977 07:00:00   ;     0
07.03.1977 07:00:00   ;     0
08.03.1977 07:00:00   ;     0
09.03.1977 07:00:00   ;     0
10.03.1977 07:00:00   ;     0
11.03.1977 07:00:00   ;     0
12.03.1977 07:00:00   ;     0
13.03.1977 07:00:00   ;     0
14.03.1977 07:00:00   ;     0
15.03.1977 07:00:00   ;     0
16.03.1977 07:00:00   ;     0
17.03.1977 07:00:00   ;     0
18.03.1977 07:00:00   ;     0
19.03.1977 07:00:00   ;     0
20.03.1977 07:00:00   ;     0
21.03.1977 07:00:00   ;     0
22.03.1977 07:00:00   ;     0
23.03.1977 07:00:00   ;     0
24.03.1977 07:00:00   ;     0
25.03.1977 07:00:00   ;     0
26.03.1977 07:00:00   ;     0
27.03.1977 07:00:00   ;     0
28.03.1977 07:00:00   ;     2
29.03.1977 07:00:00   ;     3
30.03.1977 07:00:00   ;     2
31.03.1977 07:00:00   ;     0
01.04.1977 07:00:00   ;     0
02.04.1977 07:00:00   ;     0
03.04.1977 07:00:00   ;     0
04.04.1977 07:00:00   ;     0
05.04.1977 07:00:00   ;     0
06.04.1977 07:00:00   ;     0
07.04.1977 07:00:00   ;     0
08.04.1977 07:00:00   ;     4
09.04.1977 07:00:00   ;     5
10.04.1977 07:00:00   ;     3
11.04.1977 07:00:00   ;     5
12.04.1977 07:00:00   ;    12
13.04.1977 07:00:00   ;     0
14.04.1977 07:00:00   ;     3
15.04.1977 07:00:00   ;    14
16.04.1977 07:00:00   ;     2
17.04.1977 07:00:00   ;     0
18.04.1977 07:00:00   ;     0
19.04.1977 07:00:00   ;     0
20.04.1977 07:00:00   ;     0
21.04.1977 07:00:00   ;     0
22.04.1977 07:00:00   ;     0
23.04.1977 07:00:00   ;     0
24.04.1977 07:00:00   ;     0
25.04.1977 07:00:00   ;     0
26.04.1977 07:00:00   ;     0
27.04.1977 07:00:00   ;     0
28.04.1977 07:00:00   ;     0
29.04.1977 07:00:00   ;     0
30.04.1977 07:00:00   ;     0
01.05.1977 07:00:00   ;     0
02.05.1977 07:00:00   ;     0
03.05.1977 07:00:00   ;     0
04.05.1977 07:00:00   ;     0
05.05.1977 07:00:00   ;     0
06.05.1977 07:00:00   ;     0
07.05.1977 07:00:00   ;     0
08.05.1977 07:00:00   ;     0
09.05.1977 07:00:00   ;     0
10.05.1977 07:00:00   ;     0
11.05.1977 07:00:00   ;     0
12.05.1977 07:00:00   ;     0
13.05.1977 07:00:00   ;     0
14.05.1977 07:00:00   ;     0
15.05.1977 07:00:00   ;     0
16.05.1977 07:00:00   ;     0
17.05.1977 07:00:00   ;     0
18.05.1977 07:00:00   ;     0
19.05.1977 07:00:00   ;     0
20.05.1977 07:00:00   ;     0
21.05.1977 07:00:00   ;     0
22.05.1977 07:00:00   ;     0
23.05.1977 07:00:00   ;     0
24.05.1977 07:00:00   ;     0
25.05.1977 07:00:00   ;     0
26.05.1977 07:00:00   ;     0
27.05.1977 07:00:00   ;     0
28.05.1977 07:00:00   ;     0
29.05.1977 07:00:00   ;     0
30.05.1977 07:00:00   ;     0
31.05.1977 07:00:00   ;     0
01.06.1977 07:00:00   ;     0
02.06.1977 07:00:00   ;     0
03.06.1977 07:00:00   ;     0
04.06.1977 07:00:00   ;     0
05.06.1977 07:00:00   ;     0
06.06.1977 07:00:00   ;     0
07.06.1977 07:00:00   ;     0
08.06.1977 07:00:00   ;     0
09.06.1977 07:00:00   ;     0
10.06.1977 07:00:00   ;     0
11.06.1977 07:00:00   ;     0
12.06.1977 07:00:00   ;     0
13.06.1977 07:00:00   ;     0
14.06.1977 07:00:00   ;     0
15.06.1977 07:00:00   ;     0
16.06.1977 07:00:00   ;     0
17.06.1977 07:00:00   ;     0
18.06.1977 07:00:00   ;     0
19.06.1977 07:00:00   ;     0
20.06.1977 07:00:00   ;     0
21.06.1977 07:00:00   ;     0
22.06.1977 07:00:00   ;     0
23.06.1977 07:00:00   ;     0
24.06.1977 07:00:00   ;     0
25.06.1977 07:00:00   ;     0
26.06.1977 07:00:00   ;     0
27.06.1977 07:00:00   ;     0
28.06.1977 07:00:00   ;     0
29.06.1977 07:00:00   ;     0
30.06.1977 07:00:00   ;     0
01.07.1977 07:00:00   ;     0
02.07.1977 07:00:00   ;     0
03.07.1977 07:00:00   ;     0
04.07.1977 07:00:00   ;     0
05.07.1977 07:00:00   ;     0
06.07.1977 07:00:00   ;     0
07.07.1977 07:00:00   ;     0
08.07.1977 07:00:00   ;     0
09.07.1977 07:00:00   ;     0
10.07.1977 07:00:00   ;     0
11.07.1977 07:00:00   ;     0
12.07.1977 07:00:00   ;     0
13.07.1977 07:00:00   ;     0
14.07.1977 07:00:00   ;     0
15.07.1977 07:00:00   ;     0
16.07.1977 07:00:00   ;     0
17.07.1977 07:00:00   ;     0
18.07.1977 07:00:00   ;     0
19.07.1977 07:00:00   ;     0
20.07.1977 07:00:00   ;     0
21.07.1977 07:00:00   ;     0
22.07.1977 07:00:00   ;     0
23.07.1977 07:00:00   ;     0
24.07.1977 07:00:00   ;     0
25.07.1977 07:00:00   ;     0
26.07.1977 07:00:00   ;     0
27.07.1977 07:00:00   ;     0
28.07.1977 07:00:00   ;     0
29.07.1977 07:00:00   ;     0
30.07.1977 07:00:00   ;     0
31.07.1977 07:00:00   ;     0
01.08.1977 07:00:00   ;     0
02.08.1977 07:00:00   ;     0
03.08.1977 07:00:00   ;     0
04.08.1977 07:00:00   ;     0
05.08.1977 07:00:00   ;     0
06.08.1977 07:00:00   ;     0
07.08.1977 07:00:00   ;     0
08.08.1977 07:00:00   ;     0
09.08.1977 07:00:00   ;     0
10.08.1977 07:00:00   ;     0
11.08.1977 07:00:00   ;     0
12.08.1977 07:00:00   ;     0
13.08.1977 07:00:00   ;     0
14.08.1977 07:00:00   ;     0
15.08.1977 07:00:00   ;     0
16.08.1977 07:00:00   ;     0
17.08.1977 07:00:00   ;     0
18.08.1977 07:00:00   ;     0
19.08.1977 07:00:00   ;     0
20.08.1977 07:00:00   ;     0
21.08.1977 07:00:00   ;     0
22.08.1977 07:00:00   ;     0
23.08.1977 07:00:00   ;     0
24.08.1977 07:00:00   ;     0
25.08.1977 07:00:00   ;     0
26.08.1977 07:00:00   ;     0
27.08.1977 07:00:00   ;     0
28.08.1977 07:00:00   ;     0
29.08.1977 07:00:00   ;     0
30.08.1977 07:00:00   ;     0
31.08.1977 07:00:00   ;     0
01.09.1977 07:00:00   ;     0
02.09.1977 07:00:00   ;     0
03.09.1977 07:00:00   ;     0
04.09.1977 07:00:00   ;     0
05.09.1977 07:00:00   ;     0
06.09.1977 07:00:00   ;     0
07.09.1977 07:00:00   ;     0
08.09.1977 07:00:00   ;     0
09.09.1977 07:00:00   ;     0
10.09.1977 07:00:00   ;     0
11.09.1977 07:00:00   ;     0
12.09.1977 07:00:00   ;     0
13.09.1977 07:00:00   ;     0
14.09.1977 07:00:00   ;     0
15.09.1977 07:00:00   ;     0
16.09.1977 07:00:00   ;     0
17.09.1977 07:00:00   ;     0
18.09.1977 07:00:00   ;     0
19.09.1977 07:00:00   ;     0
20.09.1977 07:00:00   ;     0
21.09.1977 07:00:00   ;     0
22.09.1977 07:00:00   ;     0
23.09.1977 07:00:00   ;     0
24.09.1977 07:00:00   ;     0
25.09.1977 07:00:00   ;     0
26.09.1977 07:00:00   ;     0
27.09.1977 07:00:00   ;     0
28.09.1977 07:00:00   ;     0
29.09.1977 07:00:00   ;     0
30.09.1977 07:00:00   ;     0
01.10.1977 07:00:00   ;     0
02.10.1977 07:00:00   ;     0
03.10.1977 07:00:00   ;     0
04.10.1977 07:00:00   ;     0
05.10.1977 07:00:00   ;     0
06.10.1977 07:00:00   ;     0
07.10.1977 07:00:00   ;     0
08.10.1977 07:00:00   ;     0
09.10.1977 07:00:00   ;     0
10.10.1977 07:00:00   ;     0
11.10.1977 07:00:00   ;     0
12.10.1977 07:00:00   ;     0
13.10.1977 07:00:00   ;     0
14.10.1977 07:00:00   ;     0
15.10.1977 07:00:00   ;     0
16.10.1977 07:00:00   ;     0
17.10.1977 07:00:00   ;     0
18.10.1977 07:00:00   ;     0
19.10.1977 07:00:00   ;     0
20.10.1977 07:00:00   ;     0
21.10.1977 07:00:00   ;     0
22.10.1977 07:00:00   ;     0
23.10.1977 07:00:00   ;     0
24.10.1977 07:00:00   ;     0
25.10.1977 07:00:00   ;     0
26.10.1977 07:00:00   ;     0
27.10.1977 07:00:00   ;     0
28.10.1977 07:00:00   ;     0
29.10.1977 07:00:00   ;     0
30.10.1977 07:00:00   ;     0
31.10.1977 07:00:00   ;     0
01.11.1977 07:00:00   ;     0
02.11.1977 07:00:00   ;     0
03.11.1977 07:00:00   ;     0
04.11.1977 07:00:00   ;     0
05.11.1977 07:00:00   ;     0
06.11.1977 07:00:00   ;     0
07.11.1977 07:00:00   ;     0
08.11.1977 07:00:00   ;     0
09.11.1977 07:00:00   ;     0
10.11.1977 07:00:00   ;     0
11.11.1977 07:00:00   ;     0
12.11.1977 07:00:00   ;     0
13.11.1977 07:00:00   ;     0
14.11.1977 07:00:00   ;     0
15.11.1977 07:00:00   ;     0
16.11.1977 07:00:00   ;     0
17.11.1977 07:00:00   ;     5
18.11.1977 07:00:00   ;     1
19.11.1977 07:00:00   ;     0
20.11.1977 07:00:00   ;     0
21.11.1977 07:00:00   ;    10
22.11.1977 07:00:00   ;     0
23.11.1977 07:00:00   ;     0
24.11.1977 07:00:00   ;     0
25.11.1977 07:00:00   ;     8
26.11.1977 07:00:00   ;    22
27.11.1977 07:00:00   ;     8
28.11.1977 07:00:00   ;     0
29.11.1977 07:00:00   ;     0
30.11.1977 07:00:00   ;     0
01.12.1977 07:00:00   ;     2
02.12.1977 07:00:00   ;     8
03.12.1977 07:00:00   ;     6
04.12.1977 07:00:00   ;     0
05.12.1977 07:00:00   ;     0
06.12.1977 07:00:00   ;     0
07.12.1977 07:00:00   ;     0
08.12.1977 07:00:00   ;     0
09.12.1977 07:00:00   ;     0
10.12.1977 07:00:00   ;     0
11.12.1977 07:00:00   ;     0
12.12.1977 07:00:00   ;     0
13.12.1977 07:00:00   ;     0
14.12.1977 07:00:00   ;     0
15.12.1977 07:00:00   ;     0
16.12.1977 07:00:00   ;     0
17.12.1977 07:00:00   ;     0
18.12.1977 07:00:00   ;     0
19.12.1977 07:00:00   ;     0
20.12.1977 07:00:00   ;     0
21.12.1977 07:00:00   ;     0
22.12.1977 07:00:00   ;     0
23.12.1977 07:00:00   ;     0
24.12.1977 07:00:00   ;     0
25.12.1977 07:00:00   ;     0
26.12.1977 07:00:00   ;     0
27.12.1977 07:00:00   ;     3
28.12.1977 07:00:00   ;     0
29.12.1977 07:00:00   ;     0
30.12.1977 07:00:00   ;    12
31.12.1977 07:00:00   ;    24
01.01.1978 07:00:00   ;     0
02.01.1978 07:00:00   ;     5
03.01.1978 07:00:00   ;     3
04.01.1978 07:00:00   ;    22
05.01.1978 07:00:00   ;     7
06.01.1978 07:00:00   ;     0
07.01.1978 07:00:00   ;     0
08.01.1978 07:00:00   ;     0
09.01.1978 07:00:00   ;     0
10.01.1978 07:00:00   ;     0
11.01.1978 07:00:00   ;     0
12.01.1978 07:00:00   ;     0
13.01.1978 07:00:00   ;     0
14.01.1978 07:00:00   ;     0
15.01.1978 07:00:00   ;     0
16.01.1978 07:00:00   ;     0
17.01.1978 07:00:00   ;     0
18.01.1978 07:00:00   ;     0
19.01.1978 07:00:00   ;     0
20.01.1978 07:00:00   ;     0
21.01.1978 07:00:00   ;     0
22.01.1978 07:00:00   ;     0
23.01.1978 07:00:00   ;     0
24.01.1978 07:00:00   ;     2
25.01.1978 07:00:00   ;     1
26.01.1978 07:00:00   ;     1
27.01.1978 07:00:00   ;     0
28.01.1978 07:00:00   ;     8
29.01.1978 07:00:00   ;    10
30.01.1978 07:00:00   ;     7
31.01.1978 07:00:00   ;     0
01.02.1978 07:00:00   ;     6
02.02.1978 07:00:00   ;     7
03.02.1978 07:00:00   ;     3
04.02.1978 07:00:00   ;     0
05.02.1978 07:00:00   ;     0
06.02.1978 07:00:00   ;     2
07.02.1978 07:00:00   ;     4
08.02.1978 07:00:00   ;     0
09.02.1978 07:00:00   ;     0
10.02.1978 07:00:00   ;     0
11.02.1978 07:00:00   ;     0
12.02.1978 07:00:00   ;     0
13.02.1978 07:00:00   ;     1
14.02.1978 07:00:00   ;     6
15.02.1978 07:00:00   ;     0
16.02.1978 07:00:00   ;    16
17.02.1978 07:00:00   ;    22
18.02.1978 07:00:00   ;     0
19.02.1978 07:00:00   ;    20
20.02.1978 07:00:00   ;     0
21.02.1978 07:00:00   ;     0
22.02.1978 07:00:00   ;     0
23.02.1978 07:00:00   ;     0
24.02.1978 07:00:00   ;     0
25.02.1978 07:00:00   ;     0
26.02.1978 07:00:00   ;     0
27.02.1978 07:00:00   ;     0
28.02.1978 07:00:00   ;     0
01.03.1978 07:00:00   ;     0
02.03.1978 07:00:00   ;     0
03.03.1978 07:00:00   ;     0
04.03.1978 07:00:00   ;     0
05.03.1978 07:00:00   ;     0
06.03.1978 07:00:00   ;     0
07.03.1978 07:00:00   ;     0
08.03.1978 07:00:00   ;     0
09.03.1978 07:00:00   ;     0
10.03.1978 07:00:00   ;     0
11.03.1978 07:00:00   ;     0
12.03.1978 07:00:00   ;     0
13.03.1978 07:00:00   ;     0
14.03.1978 07:00:00   ;     0
15.03.1978 07:00:00   ;     0
16.03.1978 07:00:00   ;     6
17.03.1978 07:00:00   ;     2
18.03.1978 07:00:00   ;     0
19.03.1978 07:00:00   ;     0
20.03.1978 07:00:00   ;    28
21.03.1978 07:00:00   ;    20
22.03.1978 07:00:00   ;     0
23.03.1978 07:00:00   ;     1
24.03.1978 07:00:00   ;     0
25.03.1978 07:00:00   ;     0
26.03.1978 07:00:00   ;     0
27.03.1978 07:00:00   ;     0
28.03.1978 07:00:00   ;     0
29.03.1978 07:00:00   ;     0
30.03.1978 07:00:00   ;     0
31.03.1978 07:00:00   ;     0
01.04.1978 07:00:00   ;     0
02.04.1978 07:00:00   ;     0
03.04.1978 07:00:00   ;     0
04.04.1978 07:00:00   ;     0
05.04.1978 07:00:00   ;     0
06.04.1978 07:00:00   ;     0
07.04.1978 07:00:00   ;     0
08.04.1978 07:00:00   ;     0
09.04.1978 07:00:00   ;     0
10.04.1978 07:00:00   ;     0
11.04.1978 07:00:00   ;     3
12.04.1978 07:00:00   ;     4
13.04.1978 07:00:00   ;     0
14.04.1978 07:00:00   ;     0
15.04.1978 07:00:00   ;     0
16.04.1978 07:00:00   ;     6
17.04.1978 07:00:00   ;     0
18.04.1978 07:00:00   ;     0
19.04.1978 07:00:00   ;     0
20.04.1978 07:00:00   ;     0
21.04.1978 07:00:00   ;     0
22.04.1978 07:00:00   ;     0
23.04.1978 07:00:00   ;     0
24.04.1978 07:00:00   ;     0
25.04.1978 07:00:00   ;     0
26.04.1978 07:00:00   ;     0
27.04.1978 07:00:00   ;     0
28.04.1978 07:00:00   ;     0
29.04.1978 07:00:00   ;     0
30.04.1978 07:00:00   ;     0
01.05.1978 07:00:00   ;     0
02.05.1978 07:00:00   ;     0
03.05.1978 07:00:00   ;     0
04.05.1978 07:00:00   ;     0
05.05.1978 07:00:00   ;     0
06.05.1978 07:00:00   ;     0
07.05.1978 07:00:00   ;     0
08.05.1978 07:00:00   ;     0
09.05.1978 07:00:00   ;     0
10.05.1978 07:00:00   ;     0
11.05.1978 07:00:00   ;     0
12.05.1978 07:00:00   ;     0
13.05.1978 07:00:00   ;     0
14.05.1978 07:00:00   ;     0
15.05.1978 07:00:00   ;     0
16.05.1978 07:00:00   ;     0
17.05.1978 07:00:00   ;     0
18.05.1978 07:00:00   ;     0
19.05.1978 07:00:00   ;     0
20.05.1978 07:00:00   ;     0
21.05.1978 07:00:00   ;     0
22.05.1978 07:00:00   ;     0
23.05.1978 07:00:00   ;     0
24.05.1978 07:00:00   ;     0
25.05.1978 07:00:00   ;     0
26.05.1978 07:00:00   ;     0
27.05.1978 07:00:00   ;     0
28.05.1978 07:00:00   ;     0
29.05.1978 07:00:00   ;     0
30.05.1978 07:00:00   ;     0
31.05.1978 07:00:00   ;     0
01.06.1978 07:00:00   ;     0
02.06.1978 07:00:00   ;     0
03.06.1978 07:00:00   ;     0
04.06.1978 07:00:00   ;     0
05.06.1978 07:00:00   ;     0
06.06.1978 07:00:00   ;     0
07.06.1978 07:00:00   ;     0
08.06.1978 07:00:00   ;     0
09.06.1978 07:00:00   ;     0
10.06.1978 07:00:00   ;     0
11.06.1978 07:00:00   ;     0
12.06.1978 07:00:00   ;     0
13.06.1978 07:00:00   ;     0
14.06.1978 07:00:00   ;     0
15.06.1978 07:00:00   ;     0
16.06.1978 07:00:00   ;     0
17.06.1978 07:00:00   ;     0
18.06.1978 07:00:00   ;     0
19.06.1978 07:00:00   ;     0
20.06.1978 07:00:00   ;     0
21.06.1978 07:00:00   ;     0
22.06.1978 07:00:00   ;     0
23.06.1978 07:00:00   ;     0
24.06.1978 07:00:00   ;     0
25.06.1978 07:00:00   ;     0
26.06.1978 07:00:00   ;     0
27.06.1978 07:00:00   ;     0
28.06.1978 07:00:00   ;     0
29.06.1978 07:00:00   ;     0
30.06.1978 07:00:00   ;     0
01.07.1978 07:00:00   ;     0
02.07.1978 07:00:00   ;     0
03.07.1978 07:00:00   ;     0
04.07.1978 07:00:00   ;     0
05.07.1978 07:00:00   ;     0
06.07.1978 07:00:00   ;     0
07.07.1978 07:00:00   ;     0
08.07.1978 07:00:00   ;     0
09.07.1978 07:00:00   ;     0
10.07.1978 07:00:00   ;     0
11.07.1978 07:00:00   ;     0
12.07.1978 07:00:00   ;     0
13.07.1978 07:00:00   ;     0
14.07.1978 07:00:00   ;     0
15.07.1978 07:00:00   ;     0
16.07.1978 07:00:00   ;     0
17.07.1978 07:00:00   ;     0
18.07.1978 07:00:00   ;     0
19.07.1978 07:00:00   ;     0
20.07.1978 07:00:00   ;     0
21.07.1978 07:00:00   ;     0
22.07.1978 07:00:00   ;     0
23.07.1978 07:00:00   ;     0
24.07.1978 07:00:00   ;     0
25.07.1978 07:00:00   ;     0
26.07.1978 07:00:00   ;     0
27.07.1978 07:00:00   ;     0
28.07.1978 07:00:00   ;     0
29.07.1978 07:00:00   ;     0
30.07.1978 07:00:00   ;     0
31.07.1978 07:00:00   ;     0
01.08.1978 07:00:00   ;     0
02.08.1978 07:00:00   ;     0
03.08.1978 07:00:00   ;     0
04.08.1978 07:00:00   ;     0
05.08.1978 07:00:00   ;     0
06.08.1978 07:00:00   ;     0
07.08.1978 07:00:00   ;     0
08.08.1978 07:00:00   ;     0
09.08.1978 07:00:00   ;     0
10.08.1978 07:00:00   ;     0
11.08.1978 07:00:00   ;     0
12.08.1978 07:00:00   ;     0
13.08.1978 07:00:00   ;     0
14.08.1978 07:00:00   ;     0
15.08.1978 07:00:00   ;     0
16.08.1978 07:00:00   ;     0
17.08.1978 07:00:00   ;     0
18.08.1978 07:00:00   ;     0
19.08.1978 07:00:00   ;     0
20.08.1978 07:00:00   ;     0
21.08.1978 07:00:00   ;     0
22.08.1978 07:00:00   ;     0
23.08.1978 07:00:00   ;     0
24.08.1978 07:00:00   ;     0
25.08.1978 07:00:00   ;     0
26.08.1978 07:00:00   ;     0
27.08.1978 07:00:00   ;     0
28.08.1978 07:00:00   ;     0
29.08.1978 07:00:00   ;     0
30.08.1978 07:00:00   ;     0
31.08.1978 07:00:00   ;     0
01.09.1978 07:00:00   ;     0
02.09.1978 07:00:00   ;     0
03.09.1978 07:00:00   ;     0
04.09.1978 07:00:00   ;     0
05.09.1978 07:00:00   ;     0
06.09.1978 07:00:00   ;     0
07.09.1978 07:00:00   ;     0
08.09.1978 07:00:00   ;     0
09.09.1978 07:00:00   ;     0
10.09.1978 07:00:00   ;     0
11.09.1978 07:00:00   ;     0
12.09.1978 07:00:00   ;     0
13.09.1978 07:00:00   ;     0
14.09.1978 07:00:00   ;     0
15.09.1978 07:00:00   ;     0
16.09.1978 07:00:00   ;     0
17.09.1978 07:00:00   ;     0
18.09.1978 07:00:00   ;     0
19.09.1978 07:00:00   ;     0
20.09.1978 07:00:00   ;     0
21.09.1978 07:00:00   ;     0
22.09.1978 07:00:00   ;     0
23.09.1978 07:00:00   ;     0
24.09.1978 07:00:00   ;     0
25.09.1978 07:00:00   ;     0
26.09.1978 07:00:00   ;     0
27.09.1978 07:00:00   ;     0
28.09.1978 07:00:00   ;     0
29.09.1978 07:00:00   ;     0
30.09.1978 07:00:00   ;     0
01.10.1978 07:00:00   ;     0
02.10.1978 07:00:00   ;     0
03.10.1978 07:00:00   ;     0
04.10.1978 07:00:00   ;     0
05.10.1978 07:00:00   ;     0
06.10.1978 07:00:00   ;     0
07.10.1978 07:00:00   ;     0
08.10.1978 07:00:00   ;     0
09.10.1978 07:00:00   ;     0
10.10.1978 07:00:00   ;     0
11.10.1978 07:00:00   ;     0
12.10.1978 07:00:00   ;     0
13.10.1978 07:00:00   ;     0
14.10.1978 07:00:00   ;     0
15.10.1978 07:00:00   ;     0
16.10.1978 07:00:00   ;     0
17.10.1978 07:00:00   ;     0
18.10.1978 07:00:00   ;     0
19.10.1978 07:00:00   ;     0
20.10.1978 07:00:00   ;     0
21.10.1978 07:00:00   ;     0
22.10.1978 07:00:00   ;     0
23.10.1978 07:00:00   ;     0
24.10.1978 07:00:00   ;     0
25.10.1978 07:00:00   ;     0
26.10.1978 07:00:00   ;     0
27.10.1978 07:00:00   ;     0
28.10.1978 07:00:00   ;     0
29.10.1978 07:00:00   ;     0
30.10.1978 07:00:00   ;     0
31.10.1978 07:00:00   ;     0
01.11.1978 07:00:00   ;     0
02.11.1978 07:00:00   ;     0
03.11.1978 07:00:00   ;     0
04.11.1978 07:00:00   ;     0
05.11.1978 07:00:00   ;     0
06.11.1978 07:00:00   ;     0
07.11.1978 07:00:00   ;     0
08.11.1978 07:00:00   ;     0
09.11.1978 07:00:00   ;     0
10.11.1978 07:00:00   ;     0
11.11.1978 07:00:00   ;     0
12.11.1978 07:00:00   ;     0
13.11.1978 07:00:00   ;     0
14.11.1978 07:00:00   ;     0
15.11.1978 07:00:00   ;     0
16.11.1978 07:00:00   ;     0
17.11.1978 07:00:00   ;     0
18.11.1978 07:00:00   ;     0
19.11.1978 07:00:00   ;     0
20.11.1978 07:00:00   ;     0
21.11.1978 07:00:00   ;     0
22.11.1978 07:00:00   ;     0
23.11.1978 07:00:00   ;     0
24.11.1978 07:00:00   ;     0
25.11.1978 07:00:00   ;     0
26.11.1978 07:00:00   ;     8
27.11.1978 07:00:00   ;     6
28.11.1978 07:00:00   ;     4
29.11.1978 07:00:00   ;     4
30.11.1978 07:00:00   ;     0
01.12.1978 07:00:00   ;     0
02.12.1978 07:00:00   ;     0
03.12.1978 07:00:00   ;     0
04.12.1978 07:00:00   ;     0
05.12.1978 07:00:00   ;     0
06.12.1978 07:00:00   ;     0
07.12.1978 07:00:00   ;     0
08.12.1978 07:00:00   ;     4
09.12.1978 07:00:00   ;     0
10.12.1978 07:00:00   ;     0
11.12.1978 07:00:00   ;     0
12.12.1978 07:00:00   ;     0
13.12.1978 07:00:00   ;     0
14.12.1978 07:00:00   ;     0
15.12.1978 07:00:00   ;     0
16.12.1978 07:00:00   ;     0
17.12.1978 07:00:00   ;     8
18.12.1978 07:00:00   ;     0
19.12.1978 07:00:00   ;     0
20.12.1978 07:00:00   ;     0
21.12.1978 07:00:00   ;     0
22.12.1978 07:00:00   ;     0
23.12.1978 07:00:00   ;     0
24.12.1978 07:00:00   ;     0
25.12.1978 07:00:00   ;     0
26.12.1978 07:00:00   ;     0
27.12.1978 07:00:00   ;     0
28.12.1978 07:00:00   ;     0
29.12.1978 07:00:00   ;     0
30.12.1978 07:00:00   ;     0
31.12.1978 07:00:00   ;     0
01.01.1979 07:00:00   ;     2
02.01.1979 07:00:00   ;     5
03.01.1979 07:00:00   ;     4
04.01.1979 07:00:00   ;     0
05.01.1979 07:00:00   ;     0
06.01.1979 07:00:00   ;     3
07.01.1979 07:00:00   ;     0
08.01.1979 07:00:00   ;     0
09.01.1979 07:00:00   ;     9
10.01.1979 07:00:00   ;     3
11.01.1979 07:00:00   ;     5
12.01.1979 07:00:00   ;    18
13.01.1979 07:00:00   ;     8
14.01.1979 07:00:00   ;     6
15.01.1979 07:00:00   ;     3
16.01.1979 07:00:00   ;     0
17.01.1979 07:00:00   ;     0
18.01.1979 07:00:00   ;     0
19.01.1979 07:00:00   ;     0
20.01.1979 07:00:00   ;     0
21.01.1979 07:00:00   ;     0
22.01.1979 07:00:00   ;     0
23.01.1979 07:00:00   ;     0
24.01.1979 07:00:00   ;     3
25.01.1979 07:00:00   ;     0
26.01.1979 07:00:00   ;     0
27.01.1979 07:00:00   ;     0
28.01.1979 07:00:00   ;     2
29.01.1979 07:00:00   ;     0
30.01.1979 07:00:00   ;     0
31.01.1979 07:00:00   ;     1
01.02.1979 07:00:00   ;     0
02.02.1979 07:00:00   ;     0
03.02.1979 07:00:00   ;     0
04.02.1979 07:00:00   ;     0
05.02.1979 07:00:00   ;     0
06.02.1979 07:00:00   ;     0
07.02.1979 07:00:00   ;     0
08.02.1979 07:00:00   ;     0
09.02.1979 07:00:00   ;     0
10.02.1979 07:00:00   ;     0
11.02.1979 07:00:00   ;     0
12.02.1979 07:00:00   ;     0
13.02.1979 07:00:00   ;     0
14.02.1979 07:00:00   ;     0
15.02.1979 07:00:00   ;     0
16.02.1979 07:00:00   ;     0
17.02.1979 07:00:00   ;     0
18.02.1979 07:00:00   ;     1
19.02.1979 07:00:00   ;     0
20.02.1979 07:00:00   ;     0
21.02.1979 07:00:00   ;     1
22.02.1979 07:00:00   ;     1
23.02.1979 07:00:00   ;     1
24.02.1979 07:00:00   ;     0
25.02.1979 07:00:00   ;     3
26.02.1979 07:00:00   ;     0
27.02.1979 07:00:00   ;     0
28.02.1979 07:00:00   ;     0
01.03.1979 07:00:00   ;     3
02.03.1979 07:00:00   ;     0
03.03.1979 07:00:00   ;     0
04.03.1979 07:00:00   ;     0
05.03.1979 07:00:00   ;     0
06.03.1979 07:00:00   ;     0
07.03.1979 07:00:00   ;     0
08.03.1979 07:00:00   ;     0
09.03.1979 07:00:00   ;     0
10.03.1979 07:00:00   ;     0
11.03.1979 07:00:00   ;    14
12.03.1979 07:00:00   ;     0
13.03.1979 07:00:00   ;     0
14.03.1979 07:00:00   ;     0
15.03.1979 07:00:00   ;     0
16.03.1979 07:00:00   ;     0
17.03.1979 07:00:00   ;     0
18.03.1979 07:00:00   ;     0
19.03.1979 07:00:00   ;     0
20.03.1979 07:00:00   ;     0
21.03.1979 07:00:00   ;     0
22.03.1979 07:00:00   ;     0
23.03.1979 07:00:00   ;     0
24.03.1979 07:00:00   ;     0
25.03.1979 07:00:00   ;     0
26.03.1979 07:00:00   ;     0
27.03.1979 07:00:00   ;     0
28.03.1979 07:00:00   ;     0
29.03.1979 07:00:00   ;     0
30.03.1979 07:00:00   ;     0
31.03.1979 07:00:00   ;     0
01.04.1979 07:00:00   ;     0
02.04.1979 07:00:00   ;     0
03.04.1979 07:00:00   ;     0
04.04.1979 07:00:00   ;     0
05.04.1979 07:00:00   ;     1
06.04.1979 07:00:00   ;     1
07.04.1979 07:00:00   ;    10
08.04.1979 07:00:00   ;     0
09.04.1979 07:00:00   ;     0
10.04.1979 07:00:00   ;     0
11.04.1979 07:00:00   ;     0
12.04.1979 07:00:00   ;     0
13.04.1979 07:00:00   ;     0
14.04.1979 07:00:00   ;     0
15.04.1979 07:00:00   ;     0
16.04.1979 07:00:00   ;     0
17.04.1979 07:00:00   ;     0
18.04.1979 07:00:00   ;     0
19.04.1979 07:00:00   ;     0
20.04.1979 07:00:00   ;     0
21.04.1979 07:00:00   ;     0
22.04.1979 07:00:00   ;     0
23.04.1979 07:00:00   ;     0
24.04.1979 07:00:00   ;     0
25.04.1979 07:00:00   ;     0
26.04.1979 07:00:00   ;     0
27.04.1979 07:00:00   ;     0
28.04.1979 07:00:00   ;     0
29.04.1979 07:00:00   ;     0
30.04.1979 07:00:00   ;     0
01.05.1979 07:00:00   ;     0
02.05.1979 07:00:00   ;     0
03.05.1979 07:00:00   ;     0
04.05.1979 07:00:00   ;     1
05.05.1979 07:00:00   ;     0
06.05.1979 07:00:00   ;     0
07.05.1979 07:00:00   ;     0
08.05.1979 07:00:00   ;     0
09.05.1979 07:00:00   ;     0
10.05.1979 07:00:00   ;     0
11.05.1979 07:00:00   ;     0
12.05.1979 07:00:00   ;     0
13.05.1979 07:00:00   ;     0
14.05.1979 07:00:00   ;     0
15.05.1979 07:00:00   ;     0
16.05.1979 07:00:00   ;     0
17.05.1979 07:00:00   ;     0
18.05.1979 07:00:00   ;     0
19.05.1979 07:00:00   ;     0
20.05.1979 07:00:00   ;     0
21.05.1979 07:00:00   ;     0
22.05.1979 07:00:00   ;     0
23.05.1979 07:00:00   ;     0
24.05.1979 07:00:00   ;     0
25.05.1979 07:00:00   ;     0
26.05.1979 07:00:00   ;     0
27.05.1979 07:00:00   ;     0
28.05.1979 07:00:00   ;     0
29.05.1979 07:00:00   ;     0
30.05.1979 07:00:00   ;     0
31.05.1979 07:00:00   ;     0
01.06.1979 07:00:00   ;     0
02.06.1979 07:00:00   ;     0
03.06.1979 07:00:00   ;     0
04.06.1979 07:00:00   ;     0
05.06.1979 07:00:00   ;     0
06.06.1979 07:00:00   ;     0
07.06.1979 07:00:00   ;     0
08.06.1979 07:00:00   ;     0
09.06.1979 07:00:00   ;     0
10.06.1979 07:00:00   ;     0
11.06.1979 07:00:00   ;     0
12.06.1979 07:00:00   ;     0
13.06.1979 07:00:00   ;     0
14.06.1979 07:00:00   ;     0
15.06.1979 07:00:00   ;     0
16.06.1979 07:00:00   ;     0
17.06.1979 07:00:00   ;     0
18.06.1979 07:00:00   ;     0
19.06.1979 07:00:00   ;     0
20.06.1979 07:00:00   ;     0
21.06.1979 07:00:00   ;     0
22.06.1979 07:00:00   ;     0
23.06.1979 07:00:00   ;     0
24.06.1979 07:00:00   ;     0
25.06.1979 07:00:00   ;     0
26.06.1979 07:00:00   ;     0
27.06.1979 07:00:00   ;     0
28.06.1979 07:00:00   ;     0
29.06.1979 07:00:00   ;     0
30.06.1979 07:00:00   ;     0
01.07.1979 07:00:00   ;     0
02.07.1979 07:00:00   ;     0
03.07.1979 07:00:00   ;     0
04.07.1979 07:00:00   ;     0
05.07.1979 07:00:00   ;     0
06.07.1979 07:00:00   ;     0
07.07.1979 07:00:00   ;     0
08.07.1979 07:00:00   ;     0
09.07.1979 07:00:00   ;     0
10.07.1979 07:00:00   ;     0
11.07.1979 07:00:00   ;     0
12.07.1979 07:00:00   ;     0
13.07.1979 07:00:00   ;     0
14.07.1979 07:00:00   ;     0
15.07.1979 07:00:00   ;     0
16.07.1979 07:00:00   ;     0
17.07.1979 07:00:00   ;     0
18.07.1979 07:00:00   ;     0
19.07.1979 07:00:00   ;     0
20.07.1979 07:00:00   ;     0
21.07.1979 07:00:00   ;     0
22.07.1979 07:00:00   ;     0
23.07.1979 07:00:00   ;     0
24.07.1979 07:00:00   ;     0
25.07.1979 07:00:00   ;     0
26.07.1979 07:00:00   ;     0
27.07.1979 07:00:00   ;     0
28.07.1979 07:00:00   ;     0
29.07.1979 07:00:00   ;     0
30.07.1979 07:00:00   ;     0
31.07.1979 07:00:00   ;     0
01.08.1979 07:00:00   ;     0
02.08.1979 07:00:00   ;     0
03.08.1979 07:00:00   ;     0
04.08.1979 07:00:00   ;     0
05.08.1979 07:00:00   ;     0
06.08.1979 07:00:00   ;     0
07.08.1979 07:00:00   ;     0
08.08.1979 07:00:00   ;     0
09.08.1979 07:00:00   ;     0
10.08.1979 07:00:00   ;     0
11.08.1979 07:00:00   ;     0
12.08.1979 07:00:00   ;     0
13.08.1979 07:00:00   ;     0
14.08.1979 07:00:00   ;     0
15.08.1979 07:00:00   ;     0
16.08.1979 07:00:00   ;     0
17.08.1979 07:00:00   ;     0
18.08.1979 07:00:00   ;     0
19.08.1979 07:00:00   ;     0
20.08.1979 07:00:00   ;     0
21.08.1979 07:00:00   ;     0
22.08.1979 07:00:00   ;     0
23.08.1979 07:00:00   ;     0
24.08.1979 07:00:00   ;     0
25.08.1979 07:00:00   ;     0
26.08.1979 07:00:00   ;     0
27.08.1979 07:00:00   ;     0
28.08.1979 07:00:00   ;     0
29.08.1979 07:00:00   ;     0
30.08.1979 07:00:00   ;     0
31.08.1979 07:00:00   ;     0
01.09.1979 07:00:00   ;     0
02.09.1979 07:00:00   ;     0
03.09.1979 07:00:00   ;     0
04.09.1979 07:00:00   ;     0
05.09.1979 07:00:00   ;     0
06.09.1979 07:00:00   ;     0
07.09.1979 07:00:00   ;     0
08.09.1979 07:00:00   ;     0
09.09.1979 07:00:00   ;     0
10.09.1979 07:00:00   ;     0
11.09.1979 07:00:00   ;     0
12.09.1979 07:00:00   ;     0
13.09.1979 07:00:00   ;     0
14.09.1979 07:00:00   ;     0
15.09.1979 07:00:00   ;     0
16.09.1979 07:00:00   ;     0
17.09.1979 07:00:00   ;     0
18.09.1979 07:00:00   ;     0
19.09.1979 07:00:00   ;     0
20.09.1979 07:00:00   ;     0
21.09.1979 07:00:00   ;     0
22.09.1979 07:00:00   ;     0
23.09.1979 07:00:00   ;     0
24.09.1979 07:00:00   ;     0
25.09.1979 07:00:00   ;     0
26.09.1979 07:00:00   ;     0
27.09.1979 07:00:00   ;     0
28.09.1979 07:00:00   ;     0
29.09.1979 07:00:00   ;     0
30.09.1979 07:00:00   ;     0
01.10.1979 07:00:00   ;     0
02.10.1979 07:00:00   ;     0
03.10.1979 07:00:00   ;     0
04.10.1979 07:00:00   ;     0
05.10.1979 07:00:00   ;     0
06.10.1979 07:00:00   ;     0
07.10.1979 07:00:00   ;     0
08.10.1979 07:00:00   ;     0
09.10.1979 07:00:00   ;     0
10.10.1979 07:00:00   ;     0
11.10.1979 07:00:00   ;     0
12.10.1979 07:00:00   ;     0
13.10.1979 07:00:00   ;     0
14.10.1979 07:00:00   ;     0
15.10.1979 07:00:00   ;     0
16.10.1979 07:00:00   ;     0
17.10.1979 07:00:00   ;     0
18.10.1979 07:00:00   ;     0
19.10.1979 07:00:00   ;     0
20.10.1979 07:00:00   ;     0
21.10.1979 07:00:00   ;     0
22.10.1979 07:00:00   ;     0
23.10.1979 07:00:00   ;     0
24.10.1979 07:00:00   ;     0
25.10.1979 07:00:00   ;     0
26.10.1979 07:00:00   ;     0
27.10.1979 07:00:00   ;     0
28.10.1979 07:00:00   ;     0
29.10.1979 07:00:00   ;     0
30.10.1979 07:00:00   ;     0
31.10.1979 07:00:00   ;     0
01.11.1979 07:00:00   ;     0
02.11.1979 07:00:00   ;     0
03.11.1979 07:00:00   ;     0
04.11.1979 07:00:00   ;     0
05.11.1979 07:00:00   ;     0
06.11.1979 07:00:00   ;     0
07.11.1979 07:00:00   ;     0
08.11.1979 07:00:00   ;     0
09.11.1979 07:00:00   ;     0
10.11.1979 07:00:00   ;     0
11.11.1979 07:00:00   ;     0
12.11.1979 07:00:00   ;     0
13.11.1979 07:00:00   ;     0
14.11.1979 07:00:00   ;     0
15.11.1979 07:00:00   ;     0
16.11.1979 07:00:00   ;     0
17.11.1979 07:00:00   ;     0
18.11.1979 07:00:00   ;     0
19.11.1979 07:00:00   ;    10
20.11.1979 07:00:00   ;     2
21.11.1979 07:00:00   ;     0
22.11.1979 07:00:00   ;     0
23.11.1979 07:00:00   ;     0
24.11.1979 07:00:00   ;     0
25.11.1979 07:00:00   ;     0
26.11.1979 07:00:00   ;     0
27.11.1979 07:00:00   ;     0
28.11.1979 07:00:00   ;     0
29.11.1979 07:00:00   ;     0
30.11.1979 07:00:00   ;     0
01.12.1979 07:00:00   ;     0
02.12.1979 07:00:00   ;     0
03.12.1979 07:00:00   ;     0
04.12.1979 07:00:00   ;     0
05.12.1979 07:00:00   ;     0
06.12.1979 07:00:00   ;     0
07.12.1979 07:00:00   ;     0
08.12.1979 07:00:00   ;     0
09.12.1979 07:00:00   ;     0
10.12.1979 07:00:00   ;     0
11.12.1979 07:00:00   ;     0
12.12.1979 07:00:00   ;     0
13.12.1979 07:00:00   ;     0
14.12.1979 07:00:00   ;     0
15.12.1979 07:00:00   ;     0
16.12.1979 07:00:00   ;     0
17.12.1979 07:00:00   ;     6
18.12.1979 07:00:00   ;     0
19.12.1979 07:00:00   ;     0
20.12.1979 07:00:00   ;     0
21.12.1979 07:00:00   ;     0
22.12.1979 07:00:00   ;     0
23.12.1979 07:00:00   ;     0
24.12.1979 07:00:00   ;     0
25.12.1979 07:00:00   ;     0
26.12.1979 07:00:00   ;     0
27.12.1979 07:00:00   ;     0
28.12.1979 07:00:00   ;     3
29.12.1979 07:00:00   ;     3
30.12.1979 07:00:00   ;     8
31.12.1979 07:00:00   ;    10
01.01.1980 07:00:00   ;     2
02.01.1980 07:00:00   ;     3
03.01.1980 07:00:00   ;     0
04.01.1980 07:00:00   ;     5
05.01.1980 07:00:00   ;     4
06.01.1980 07:00:00   ;     1
07.01.1980 07:00:00   ;     8
08.01.1980 07:00:00   ;     0
09.01.1980 07:00:00   ;     0
10.01.1980 07:00:00   ;     0
11.01.1980 07:00:00   ;     0
12.01.1980 07:00:00   ;     0
13.01.1980 07:00:00   ;     0
14.01.1980 07:00:00   ;     0
15.01.1980 07:00:00   ;     0
16.01.1980 07:00:00   ;     0
17.01.1980 07:00:00   ;     0
18.01.1980 07:00:00   ;     0
19.01.1980 07:00:00   ;     0
20.01.1980 07:00:00   ;     0
21.01.1980 07:00:00   ;     0
22.01.1980 07:00:00   ;     8
23.01.1980 07:00:00   ;     0
24.01.1980 07:00:00   ;     0
25.01.1980 07:00:00   ;     0
26.01.1980 07:00:00   ;     5
27.01.1980 07:00:00   ;    13
28.01.1980 07:00:00   ;     0
29.01.1980 07:00:00   ;     0
30.01.1980 07:00:00   ;     0
31.01.1980 07:00:00   ;     0
01.02.1980 07:00:00   ;     0
02.02.1980 07:00:00   ;     0
03.02.1980 07:00:00   ;     8
04.02.1980 07:00:00   ;     2
05.02.1980 07:00:00   ;     2
06.02.1980 07:00:00   ;     0
07.02.1980 07:00:00   ;     0
08.02.1980 07:00:00   ;     0
09.02.1980 07:00:00   ;     0
10.02.1980 07:00:00   ;     0
11.02.1980 07:00:00   ;     0
12.02.1980 07:00:00   ;     0
13.02.1980 07:00:00   ;     0
14.02.1980 07:00:00   ;     0
15.02.1980 07:00:00   ;     0
16.02.1980 07:00:00   ;     0
17.02.1980 07:00:00   ;     0
18.02.1980 07:00:00   ;     0
19.02.1980 07:00:00   ;     0
20.02.1980 07:00:00   ;     0
21.02.1980 07:00:00   ;     0
22.02.1980 07:00:00   ;     0
23.02.1980 07:00:00   ;     0
24.02.1980 07:00:00   ;     0
25.02.1980 07:00:00   ;     0
26.02.1980 07:00:00   ;     0
27.02.1980 07:00:00   ;     0
28.02.1980 07:00:00   ;     0
29.02.1980 07:00:00   ;     0
01.03.1980 07:00:00   ;     0
02.03.1980 07:00:00   ;     0
03.03.1980 07:00:00   ;     0
04.03.1980 07:00:00   ;     0
05.03.1980 07:00:00   ;     0
06.03.1980 07:00:00   ;     0
07.03.1980 07:00:00   ;     0
08.03.1980 07:00:00   ;     0
09.03.1980 07:00:00   ;    13
10.03.1980 07:00:00   ;     0
11.03.1980 07:00:00   ;     0
12.03.1980 07:00:00   ;     0
13.03.1980 07:00:00   ;     0
14.03.1980 07:00:00   ;     0
15.03.1980 07:00:00   ;     0
16.03.1980 07:00:00   ;     0
17.03.1980 07:00:00   ;     0
18.03.1980 07:00:00   ;     0
19.03.1980 07:00:00   ;     0
20.03.1980 07:00:00   ;     0
21.03.1980 07:00:00   ;     0
22.03.1980 07:00:00   ;     0
23.03.1980 07:00:00   ;     0
24.03.1980 07:00:00   ;     0
25.03.1980 07:00:00   ;     0
26.03.1980 07:00:00   ;     0
27.03.1980 07:00:00   ;     0
28.03.1980 07:00:00   ;     0
29.03.1980 07:00:00   ;     0
30.03.1980 07:00:00   ;     0
31.03.1980 07:00:00   ;     0
01.04.1980 07:00:00   ;     0
02.04.1980 07:00:00   ;     0
03.04.1980 07:00:00   ;     8
04.04.1980 07:00:00   ;     0
05.04.1980 07:00:00   ;     1
06.04.1980 07:00:00   ;     0
07.04.1980 07:00:00   ;     0
08.04.1980 07:00:00   ;     0
09.04.1980 07:00:00   ;     0
10.04.1980 07:00:00   ;     0
11.04.1980 07:00:00   ;     0
12.04.1980 07:00:00   ;     0
13.04.1980 07:00:00   ;     0
14.04.1980 07:00:00   ;     0
15.04.1980 07:00:00   ;     0
16.04.1980 07:00:00   ;     0
17.04.1980 07:00:00   ;     0
18.04.1980 07:00:00   ;     0
19.04.1980 07:00:00   ;     0
20.04.1980 07:00:00   ;     0
21.04.1980 07:00:00   ;     0
22.04.1980 07:00:00   ;     0
23.04.1980 07:00:00   ;    16
24.04.1980 07:00:00   ;     0
25.04.1980 07:00:00   ;     0
26.04.1980 07:00:00   ;     0
27.04.1980 07:00:00   ;     0
28.04.1980 07:00:00   ;     0
29.04.1980 07:00:00   ;     0
30.04.1980 07:00:00   ;     0
01.05.1980 07:00:00   ;     0
02.05.1980 07:00:00   ;     0
03.05.1980 07:00:00   ;     0
04.05.1980 07:00:00   ;     0
05.05.1980 07:00:00   ;     0
06.05.1980 07:00:00   ;     0
07.05.1980 07:00:00   ;     0
08.05.1980 07:00:00   ;     0
09.05.1980 07:00:00   ;     0
10.05.1980 07:00:00   ;     0
11.05.1980 07:00:00   ;     0
12.05.1980 07:00:00   ;     0
13.05.1980 07:00:00   ;     0
14.05.1980 07:00:00   ;     0
15.05.1980 07:00:00   ;     0
16.05.1980 07:00:00   ;     0
17.05.1980 07:00:00   ;     0
18.05.1980 07:00:00   ;     0
19.05.1980 07:00:00   ;     0
20.05.1980 07:00:00   ;     0
21.05.1980 07:00:00   ;     0
22.05.1980 07:00:00   ;     0
23.05.1980 07:00:00   ;     0
24.05.1980 07:00:00   ;     0
25.05.1980 07:00:00   ;     0
26.05.1980 07:00:00   ;     0
27.05.1980 07:00:00   ;     0
28.05.1980 07:00:00   ;     0
29.05.1980 07:00:00   ;     0
30.05.1980 07:00:00   ;     0
31.05.1980 07:00:00   ;     0
01.06.1980 07:00:00   ;     0
02.06.1980 07:00:00   ;     0
03.06.1980 07:00:00   ;     0
04.06.1980 07:00:00   ;     0
05.06.1980 07:00:00   ;     0
06.06.1980 07:00:00   ;     0
07.06.1980 07:00:00   ;     0
08.06.1980 07:00:00   ;     0
09.06.1980 07:00:00   ;     0
10.06.1980 07:00:00   ;     0
11.06.1980 07:00:00   ;     0
12.06.1980 07:00:00   ;     0
13.06.1980 07:00:00   ;     0
14.06.1980 07:00:00   ;     0
15.06.1980 07:00:00   ;     0
16.06.1980 07:00:00   ;     0
17.06.1980 07:00:00   ;     0
18.06.1980 07:00:00   ;     0
19.06.1980 07:00:00   ;     0
20.06.1980 07:00:00   ;     0
21.06.1980 07:00:00   ;     0
22.06.1980 07:00:00   ;     0
23.06.1980 07:00:00   ;     0
24.06.1980 07:00:00   ;     0
25.06.1980 07:00:00   ;     0
26.06.1980 07:00:00   ;     0
27.06.1980 07:00:00   ;     0
28.06.1980 07:00:00   ;     0
29.06.1980 07:00:00   ;     0
30.06.1980 07:00:00   ;     0
01.07.1980 07:00:00   ;     0
02.07.1980 07:00:00   ;     0
03.07.1980 07:00:00   ;     0
04.07.1980 07:00:00   ;     0
05.07.1980 07:00:00   ;     0
06.07.1980 07:00:00   ;     0
07.07.1980 07:00:00   ;     0
08.07.1980 07:00:00   ;     0
09.07.1980 07:00:00   ;     0
10.07.1980 07:00:00   ;     0
11.07.1980 07:00:00   ;     0
12.07.1980 07:00:00   ;     0
13.07.1980 07:00:00   ;     0
14.07.1980 07:00:00   ;     0
15.07.1980 07:00:00   ;     0
16.07.1980 07:00:00   ;     0
17.07.1980 07:00:00   ;     0
18.07.1980 07:00:00   ;     0
19.07.1980 07:00:00   ;     0
20.07.1980 07:00:00   ;     0
21.07.1980 07:00:00   ;     0
22.07.1980 07:00:00   ;     0
23.07.1980 07:00:00   ;     0
24.07.1980 07:00:00   ;     0
25.07.1980 07:00:00   ;     0
26.07.1980 07:00:00   ;     0
27.07.1980 07:00:00   ;     0
28.07.1980 07:00:00   ;     0
29.07.1980 07:00:00   ;     0
30.07.1980 07:00:00   ;     0
31.07.1980 07:00:00   ;     0
01.08.1980 07:00:00   ;     0
02.08.1980 07:00:00   ;     0
03.08.1980 07:00:00   ;     0
04.08.1980 07:00:00   ;     0
05.08.1980 07:00:00   ;     0
06.08.1980 07:00:00   ;     0
07.08.1980 07:00:00   ;     0
08.08.1980 07:00:00   ;     0
09.08.1980 07:00:00   ;     0
10.08.1980 07:00:00   ;     0
11.08.1980 07:00:00   ;     0
12.08.1980 07:00:00   ;     0
13.08.1980 07:00:00   ;     0
14.08.1980 07:00:00   ;     0
15.08.1980 07:00:00   ;     0
16.08.1980 07:00:00   ;     0
17.08.1980 07:00:00   ;     0
18.08.1980 07:00:00   ;     0
19.08.1980 07:00:00   ;     0
20.08.1980 07:00:00   ;     0
21.08.1980 07:00:00   ;     0
22.08.1980 07:00:00   ;     0
23.08.1980 07:00:00   ;     0
24.08.1980 07:00:00   ;     0
25.08.1980 07:00:00   ;     0
26.08.1980 07:00:00   ;     0
27.08.1980 07:00:00   ;     0
28.08.1980 07:00:00   ;     0
29.08.1980 07:00:00   ;     0
30.08.1980 07:00:00   ;     0
31.08.1980 07:00:00   ;     0
01.09.1980 07:00:00   ;     0
02.09.1980 07:00:00   ;     0
03.09.1980 07:00:00   ;     0
04.09.1980 07:00:00   ;     0
05.09.1980 07:00:00   ;     0
06.09.1980 07:00:00   ;     0
07.09.1980 07:00:00   ;     0
08.09.1980 07:00:00   ;     0
09.09.1980 07:00:00   ;     0
10.09.1980 07:00:00   ;     0
11.09.1980 07:00:00   ;     0
12.09.1980 07:00:00   ;     0
13.09.1980 07:00:00   ;     0
14.09.1980 07:00:00   ;     0
15.09.1980 07:00:00   ;     0
16.09.1980 07:00:00   ;     0
17.09.1980 07:00:00   ;     0
18.09.1980 07:00:00   ;     0
19.09.1980 07:00:00   ;     0
20.09.1980 07:00:00   ;     0
21.09.1980 07:00:00   ;     0
22.09.1980 07:00:00   ;     0
23.09.1980 07:00:00   ;     0
24.09.1980 07:00:00   ;     0
25.09.1980 07:00:00   ;     0
26.09.1980 07:00:00   ;     0
27.09.1980 07:00:00   ;     0
28.09.1980 07:00:00   ;     0
29.09.1980 07:00:00   ;     0
30.09.1980 07:00:00   ;     0
01.10.1980 07:00:00   ;     0
02.10.1980 07:00:00   ;     0
03.10.1980 07:00:00   ;     0
04.10.1980 07:00:00   ;     0
05.10.1980 07:00:00   ;     0
06.10.1980 07:00:00   ;     0
07.10.1980 07:00:00   ;     0
08.10.1980 07:00:00   ;     0
09.10.1980 07:00:00   ;     0
10.10.1980 07:00:00   ;     0
11.10.1980 07:00:00   ;     0
12.10.1980 07:00:00   ;     0
13.10.1980 07:00:00   ;     0
14.10.1980 07:00:00   ;     0
15.10.1980 07:00:00   ;     0
16.10.1980 07:00:00   ;     0
17.10.1980 07:00:00   ;     0
18.10.1980 07:00:00   ;     0
19.10.1980 07:00:00   ;     0
20.10.1980 07:00:00   ;     0
21.10.1980 07:00:00   ;     0
22.10.1980 07:00:00   ;     0
23.10.1980 07:00:00   ;     0
24.10.1980 07:00:00   ;     0
25.10.1980 07:00:00   ;     0
26.10.1980 07:00:00   ;     0
27.10.1980 07:00:00   ;     0
28.10.1980 07:00:00   ;     0
29.10.1980 07:00:00   ;     0
30.10.1980 07:00:00   ;     0
31.10.1980 07:00:00   ;     0
01.11.1980 07:00:00   ;     0
02.11.1980 07:00:00   ;     0
03.11.1980 07:00:00   ;     0
04.11.1980 07:00:00   ;     1
05.11.1980 07:00:00   ;     0
06.11.1980 07:00:00   ;     0
07.11.1980 07:00:00   ;     0
08.11.1980 07:00:00   ;     0
09.11.1980 07:00:00   ;     0
10.11.1980 07:00:00   ;     0
11.11.1980 07:00:00   ;     0
12.11.1980 07:00:00   ;     3
13.11.1980 07:00:00   ;     0
14.11.1980 07:00:00   ;     0
15.11.1980 07:00:00   ;     0
16.11.1980 07:00:00   ;     0
17.11.1980 07:00:00   ;     0
18.11.1980 07:00:00   ;     0
19.11.1980 07:00:00   ;     0
20.11.1980 07:00:00   ;     0
21.11.1980 07:00:00   ;     0
22.11.1980 07:00:00   ;     0
23.11.1980 07:00:00   ;     0
24.11.1980 07:00:00   ;     0
25.11.1980 07:00:00   ;     0
26.11.1980 07:00:00   ;     0
27.11.1980 07:00:00   ;     5
28.11.1980 07:00:00   ;     6
29.11.1980 07:00:00   ;    15
30.11.1980 07:00:00   ;    15
01.12.1980 07:00:00   ;     0
02.12.1980 07:00:00   ;     0
03.12.1980 07:00:00   ;     3
04.12.1980 07:00:00   ;    18
05.12.1980 07:00:00   ;    34
06.12.1980 07:00:00   ;    20
07.12.1980 07:00:00   ;     2
08.12.1980 07:00:00   ;     0
09.12.1980 07:00:00   ;     0
10.12.1980 07:00:00   ;     0
11.12.1980 07:00:00   ;     0
12.12.1980 07:00:00   ;     0
13.12.1980 07:00:00   ;     0
14.12.1980 07:00:00   ;     0
15.12.1980 07:00:00   ;     0
16.12.1980 07:00:00   ;     0
17.12.1980 07:00:00   ;     0
18.12.1980 07:00:00   ;     9
19.12.1980 07:00:00   ;     4
20.12.1980 07:00:00   ;     3
21.12.1980 07:00:00   ;     8
22.12.1980 07:00:00   ;     7
23.12.1980 07:00:00   ;     3
24.12.1980 07:00:00   ;     0
25.12.1980 07:00:00   ;     0
26.12.1980 07:00:00   ;     0
27.12.1980 07:00:00   ;     7
28.12.1980 07:00:00   ;     9
29.12.1980 07:00:00   ;     0
30.12.1980 07:00:00   ;     0
31.12.1980 07:00:00   ;     0
01.01.1981 07:00:00   ;    16
02.01.1981 07:00:00   ;    10
03.01.1981 07:00:00   ;     0
04.01.1981 07:00:00   ;    10
05.01.1981 07:00:00   ;    28
06.01.1981 07:00:00   ;    30
07.01.1981 07:00:00   ;    13
08.01.1981 07:00:00   ;     0
09.01.1981 07:00:00   ;     0
10.01.1981 07:00:00   ;     0
11.01.1981 07:00:00   ;     0
12.01.1981 07:00:00   ;     0
13.01.1981 07:00:00   ;     8
14.01.1981 07:00:00   ;     0
15.01.1981 07:00:00   ;     7
16.01.1981 07:00:00   ;     6
17.01.1981 07:00:00   ;     3
18.01.1981 07:00:00   ;    13
19.01.1981 07:00:00   ;    23
20.01.1981 07:00:00   ;    25
21.01.1981 07:00:00   ;     3
22.01.1981 07:00:00   ;     0
23.01.1981 07:00:00   ;     0
24.01.1981 07:00:00   ;     0
25.01.1981 07:00:00   ;    16
26.01.1981 07:00:00   ;    10
27.01.1981 07:00:00   ;     0
28.01.1981 07:00:00   ;     0
29.01.1981 07:00:00   ;     0
30.01.1981 07:00:00   ;     0
31.01.1981 07:00:00   ;     0
01.02.1981 07:00:00   ;     0
02.02.1981 07:00:00   ;     0
03.02.1981 07:00:00   ;     0
04.02.1981 07:00:00   ;    13
05.02.1981 07:00:00   ;    20
06.02.1981 07:00:00   ;    15
07.02.1981 07:00:00   ;     0
08.02.1981 07:00:00   ;     0
09.02.1981 07:00:00   ;     0
10.02.1981 07:00:00   ;     0
11.02.1981 07:00:00   ;     2
12.02.1981 07:00:00   ;     4
13.02.1981 07:00:00   ;     0
14.02.1981 07:00:00   ;     0
15.02.1981 07:00:00   ;     0
16.02.1981 07:00:00   ;     0
17.02.1981 07:00:00   ;     0
18.02.1981 07:00:00   ;     2
19.02.1981 07:00:00   ;     0
20.02.1981 07:00:00   ;     0
21.02.1981 07:00:00   ;     0
22.02.1981 07:00:00   ;     0
23.02.1981 07:00:00   ;     0
24.02.1981 07:00:00   ;     0
25.02.1981 07:00:00   ;     0
26.02.1981 07:00:00   ;     0
27.02.1981 07:00:00   ;     0
28.02.1981 07:00:00   ;     0
01.03.1981 07:00:00   ;     0
02.03.1981 07:00:00   ;     0
03.03.1981 07:00:00   ;     0
04.03.1981 07:00:00   ;     1
05.03.1981 07:00:00   ;     0
06.03.1981 07:00:00   ;     0
07.03.1981 07:00:00   ;     0
08.03.1981 07:00:00   ;     0
09.03.1981 07:00:00   ;     0
10.03.1981 07:00:00   ;     0
11.03.1981 07:00:00   ;     0
12.03.1981 07:00:00   ;     0
13.03.1981 07:00:00   ;     0
14.03.1981 07:00:00   ;     0
15.03.1981 07:00:00   ;     0
16.03.1981 07:00:00   ;     0
17.03.1981 07:00:00   ;     6
18.03.1981 07:00:00   ;     1
19.03.1981 07:00:00   ;     0
20.03.1981 07:00:00   ;     0
21.03.1981 07:00:00   ;     0
22.03.1981 07:00:00   ;     0
23.03.1981 07:00:00   ;     0
24.03.1981 07:00:00   ;     0
25.03.1981 07:00:00   ;     0
26.03.1981 07:00:00   ;     0
27.03.1981 07:00:00   ;     0
28.03.1981 07:00:00   ;     0
29.03.1981 07:00:00   ;     0
30.03.1981 07:00:00   ;     0
31.03.1981 07:00:00   ;     0
01.04.1981 07:00:00   ;     0
02.04.1981 07:00:00   ;     0
03.04.1981 07:00:00   ;     0
04.04.1981 07:00:00   ;     0
05.04.1981 07:00:00   ;     0
06.04.1981 07:00:00   ;     0
07.04.1981 07:00:00   ;     0
08.04.1981 07:00:00   ;     0
09.04.1981 07:00:00   ;     0
10.04.1981 07:00:00   ;     0
11.04.1981 07:00:00   ;     0
12.04.1981 07:00:00   ;     0
13.04.1981 07:00:00   ;     0
14.04.1981 07:00:00   ;     0
15.04.1981 07:00:00   ;     0
16.04.1981 07:00:00   ;     0
17.04.1981 07:00:00   ;     0
18.04.1981 07:00:00   ;     0
19.04.1981 07:00:00   ;     0
20.04.1981 07:00:00   ;     0
21.04.1981 07:00:00   ;     0
22.04.1981 07:00:00   ;     0
23.04.1981 07:00:00   ;     0
24.04.1981 07:00:00   ;     0
25.04.1981 07:00:00   ;     0
26.04.1981 07:00:00   ;     0
27.04.1981 07:00:00   ;     0
28.04.1981 07:00:00   ;     0
29.04.1981 07:00:00   ;     0
30.04.1981 07:00:00   ;     0
01.05.1981 07:00:00   ;     0
02.05.1981 07:00:00   ;     0
03.05.1981 07:00:00   ;     0
04.05.1981 07:00:00   ;     0
05.05.1981 07:00:00   ;     0
06.05.1981 07:00:00   ;     0
07.05.1981 07:00:00   ;     0
08.05.1981 07:00:00   ;     0
09.05.1981 07:00:00   ;     0
10.05.1981 07:00:00   ;     0
11.05.1981 07:00:00   ;     0
12.05.1981 07:00:00   ;     0
13.05.1981 07:00:00   ;     0
14.05.1981 07:00:00   ;     0
15.05.1981 07:00:00   ;     0
16.05.1981 07:00:00   ;     0
17.05.1981 07:00:00   ;     0
18.05.1981 07:00:00   ;     0
19.05.1981 07:00:00   ;     0
20.05.1981 07:00:00   ;     0
21.05.1981 07:00:00   ;     0
22.05.1981 07:00:00   ;     0
23.05.1981 07:00:00   ;     0
24.05.1981 07:00:00   ;     0
25.05.1981 07:00:00   ;     0
26.05.1981 07:00:00   ;     0
27.05.1981 07:00:00   ;     0
28.05.1981 07:00:00   ;     0
29.05.1981 07:00:00   ;     0
30.05.1981 07:00:00   ;     0
31.05.1981 07:00:00   ;     0
01.06.1981 07:00:00   ;     0
02.06.1981 07:00:00   ;     0
03.06.1981 07:00:00   ;     0
04.06.1981 07:00:00   ;     0
05.06.1981 07:00:00   ;     0
06.06.1981 07:00:00   ;     0
07.06.1981 07:00:00   ;     0
08.06.1981 07:00:00   ;     0
09.06.1981 07:00:00   ;     0
10.06.1981 07:00:00   ;     0
11.06.1981 07:00:00   ;     0
12.06.1981 07:00:00   ;     0
13.06.1981 07:00:00   ;     0
14.06.1981 07:00:00   ;     0
15.06.1981 07:00:00   ;     0
16.06.1981 07:00:00   ;     0
17.06.1981 07:00:00   ;     0
18.06.1981 07:00:00   ;     0
19.06.1981 07:00:00   ;     0
20.06.1981 07:00:00   ;     0
21.06.1981 07:00:00   ;     0
22.06.1981 07:00:00   ;     0
23.06.1981 07:00:00   ;     0
24.06.1981 07:00:00   ;     0
25.06.1981 07:00:00   ;     0
26.06.1981 07:00:00   ;     0
27.06.1981 07:00:00   ;     0
28.06.1981 07:00:00   ;     0
29.06.1981 07:00:00   ;     0
30.06.1981 07:00:00   ;     0
01.07.1981 07:00:00   ;     0
02.07.1981 07:00:00   ;     0
03.07.1981 07:00:00   ;     0
04.07.1981 07:00:00   ;     0
05.07.1981 07:00:00   ;     0
06.07.1981 07:00:00   ;     0
07.07.1981 07:00:00   ;     0
08.07.1981 07:00:00   ;     0
09.07.1981 07:00:00   ;     0
10.07.1981 07:00:00   ;     0
11.07.1981 07:00:00   ;     0
12.07.1981 07:00:00   ;     0
13.07.1981 07:00:00   ;     0
14.07.1981 07:00:00   ;     0
15.07.1981 07:00:00   ;     0
16.07.1981 07:00:00   ;     0
17.07.1981 07:00:00   ;     0
18.07.1981 07:00:00   ;     0
19.07.1981 07:00:00   ;     0
20.07.1981 07:00:00   ;     0
21.07.1981 07:00:00   ;     0
22.07.1981 07:00:00   ;     0
23.07.1981 07:00:00   ;     0
24.07.1981 07:00:00   ;     0
25.07.1981 07:00:00   ;     0
26.07.1981 07:00:00   ;     0
27.07.1981 07:00:00   ;     0
28.07.1981 07:00:00   ;     0
29.07.1981 07:00:00   ;     0
30.07.1981 07:00:00   ;     0
31.07.1981 07:00:00   ;     0
01.08.1981 07:00:00   ;     0
02.08.1981 07:00:00   ;     0
03.08.1981 07:00:00   ;     0
04.08.1981 07:00:00   ;     0
05.08.1981 07:00:00   ;     0
06.08.1981 07:00:00   ;     0
07.08.1981 07:00:00   ;     0
08.08.1981 07:00:00   ;     0
09.08.1981 07:00:00   ;     0
10.08.1981 07:00:00   ;     0
11.08.1981 07:00:00   ;     0
12.08.1981 07:00:00   ;     0
13.08.1981 07:00:00   ;     0
14.08.1981 07:00:00   ;     0
15.08.1981 07:00:00   ;     0
16.08.1981 07:00:00   ;     0
17.08.1981 07:00:00   ;     0
18.08.1981 07:00:00   ;     0
19.08.1981 07:00:00   ;     0
20.08.1981 07:00:00   ;     0
21.08.1981 07:00:00   ;     0
22.08.1981 07:00:00   ;     0
23.08.1981 07:00:00   ;     0
24.08.1981 07:00:00   ;     0
25.08.1981 07:00:00   ;     0
26.08.1981 07:00:00   ;     0
27.08.1981 07:00:00   ;     0
28.08.1981 07:00:00   ;     0
29.08.1981 07:00:00   ;     0
30.08.1981 07:00:00   ;     0
31.08.1981 07:00:00   ;     0
01.09.1981 07:00:00   ;     0
02.09.1981 07:00:00   ;     0
03.09.1981 07:00:00   ;     0
04.09.1981 07:00:00   ;     0
05.09.1981 07:00:00   ;     0
06.09.1981 07:00:00   ;     0
07.09.1981 07:00:00   ;     0
08.09.1981 07:00:00   ;     0
09.09.1981 07:00:00   ;     0
10.09.1981 07:00:00   ;     0
11.09.1981 07:00:00   ;     0
12.09.1981 07:00:00   ;     0
13.09.1981 07:00:00   ;     0
14.09.1981 07:00:00   ;     0
15.09.1981 07:00:00   ;     0
16.09.1981 07:00:00   ;     0
17.09.1981 07:00:00   ;     0
18.09.1981 07:00:00   ;     0
19.09.1981 07:00:00   ;     0
20.09.1981 07:00:00   ;     0
21.09.1981 07:00:00   ;     0
22.09.1981 07:00:00   ;     0
23.09.1981 07:00:00   ;     0
24.09.1981 07:00:00   ;     0
25.09.1981 07:00:00   ;     0
26.09.1981 07:00:00   ;     0
27.09.1981 07:00:00   ;     0
28.09.1981 07:00:00   ;     0
29.09.1981 07:00:00   ;     0
30.09.1981 07:00:00   ;     0
01.10.1981 07:00:00   ;     0
02.10.1981 07:00:00   ;     0
03.10.1981 07:00:00   ;     0
04.10.1981 07:00:00   ;     0
05.10.1981 07:00:00   ;     0
06.10.1981 07:00:00   ;     0
07.10.1981 07:00:00   ;     0
08.10.1981 07:00:00   ;     0
09.10.1981 07:00:00   ;     0
10.10.1981 07:00:00   ;     0
11.10.1981 07:00:00   ;     0
12.10.1981 07:00:00   ;     0
13.10.1981 07:00:00   ;     0
14.10.1981 07:00:00   ;     0
15.10.1981 07:00:00   ;     0
16.10.1981 07:00:00   ;     0
17.10.1981 07:00:00   ;     0
18.10.1981 07:00:00   ;     0
19.10.1981 07:00:00   ;     0
20.10.1981 07:00:00   ;     0
21.10.1981 07:00:00   ;     0
22.10.1981 07:00:00   ;     5
23.10.1981 07:00:00   ;     0
24.10.1981 07:00:00   ;     0
25.10.1981 07:00:00   ;     0
26.10.1981 07:00:00   ;     0
27.10.1981 07:00:00   ;     0
28.10.1981 07:00:00   ;     0
29.10.1981 07:00:00   ;     0
30.10.1981 07:00:00   ;     0
31.10.1981 07:00:00   ;     0
01.11.1981 07:00:00   ;     0
02.11.1981 07:00:00   ;     0
03.11.1981 07:00:00   ;     0
04.11.1981 07:00:00   ;     0
05.11.1981 07:00:00   ;     0
06.11.1981 07:00:00   ;     0
07.11.1981 07:00:00   ;     2
08.11.1981 07:00:00   ;     0
09.11.1981 07:00:00   ;     5
10.11.1981 07:00:00   ;     0
11.11.1981 07:00:00   ;     2
12.11.1981 07:00:00   ;     5
13.11.1981 07:00:00   ;     0
14.11.1981 07:00:00   ;    10
15.11.1981 07:00:00   ;     5
16.11.1981 07:00:00   ;     0
17.11.1981 07:00:00   ;     0
18.11.1981 07:00:00   ;     0
19.11.1981 07:00:00   ;     0
20.11.1981 07:00:00   ;     0
21.11.1981 07:00:00   ;     0
22.11.1981 07:00:00   ;     0
23.11.1981 07:00:00   ;     0
24.11.1981 07:00:00   ;     0
25.11.1981 07:00:00   ;     0
26.11.1981 07:00:00   ;     0
27.11.1981 07:00:00   ;     0
28.11.1981 07:00:00   ;    20
29.11.1981 07:00:00   ;    12
30.11.1981 07:00:00   ;    43
01.12.1981 07:00:00   ;    15
02.12.1981 07:00:00   ;    13
03.12.1981 07:00:00   ;     2
04.12.1981 07:00:00   ;    15
05.12.1981 07:00:00   ;     3
06.12.1981 07:00:00   ;     3
07.12.1981 07:00:00   ;     0
08.12.1981 07:00:00   ;     0
09.12.1981 07:00:00   ;     2
10.12.1981 07:00:00   ;    11
11.12.1981 07:00:00   ;     0
12.12.1981 07:00:00   ;     2
13.12.1981 07:00:00   ;     0
14.12.1981 07:00:00   ;     3
15.12.1981 07:00:00   ;    13
16.12.1981 07:00:00   ;     5
17.12.1981 07:00:00   ;     7
18.12.1981 07:00:00   ;     3
19.12.1981 07:00:00   ;     1
20.12.1981 07:00:00   ;     0
21.12.1981 07:00:00   ;     0
22.12.1981 07:00:00   ;     5
23.12.1981 07:00:00   ;     0
24.12.1981 07:00:00   ;     0
25.12.1981 07:00:00   ;     4
26.12.1981 07:00:00   ;     2
27.12.1981 07:00:00   ;     0
28.12.1981 07:00:00   ;     0
29.12.1981 07:00:00   ;     0
30.12.1981 07:00:00   ;     0
31.12.1981 07:00:00   ;     0
01.01.1982 07:00:00   ;     0
02.01.1982 07:00:00   ;     1
03.01.1982 07:00:00   ;     0
04.01.1982 07:00:00   ;     0
05.01.1982 07:00:00   ;     0
06.01.1982 07:00:00   ;     0
07.01.1982 07:00:00   ;     0
08.01.1982 07:00:00   ;    39
09.01.1982 07:00:00   ;    30
10.01.1982 07:00:00   ;    15
11.01.1982 07:00:00   ;     0
12.01.1982 07:00:00   ;     5
13.01.1982 07:00:00   ;     0
14.01.1982 07:00:00   ;     0
15.01.1982 07:00:00   ;     0
16.01.1982 07:00:00   ;     0
17.01.1982 07:00:00   ;     0
18.01.1982 07:00:00   ;     0
19.01.1982 07:00:00   ;     0
20.01.1982 07:00:00   ;     0
21.01.1982 07:00:00   ;     0
22.01.1982 07:00:00   ;     0
23.01.1982 07:00:00   ;     8
24.01.1982 07:00:00   ;     1
25.01.1982 07:00:00   ;     0
26.01.1982 07:00:00   ;     0
27.01.1982 07:00:00   ;     3
28.01.1982 07:00:00   ;     3
29.01.1982 07:00:00   ;    45
30.01.1982 07:00:00   ;     0
31.01.1982 07:00:00   ;     2
01.02.1982 07:00:00   ;     0
02.02.1982 07:00:00   ;     0
03.02.1982 07:00:00   ;     0
04.02.1982 07:00:00   ;     0
05.02.1982 07:00:00   ;     0
06.02.1982 07:00:00   ;     0
07.02.1982 07:00:00   ;     0
08.02.1982 07:00:00   ;     0
09.02.1982 07:00:00   ;     0
10.02.1982 07:00:00   ;     0
11.02.1982 07:00:00   ;     0
12.02.1982 07:00:00   ;     0
13.02.1982 07:00:00   ;     0
14.02.1982 07:00:00   ;     0
15.02.1982 07:00:00   ;     0
16.02.1982 07:00:00   ;     0
17.02.1982 07:00:00   ;     0
18.02.1982 07:00:00   ;     7
19.02.1982 07:00:00   ;     0
20.02.1982 07:00:00   ;     0
21.02.1982 07:00:00   ;     0
22.02.1982 07:00:00   ;     0
23.02.1982 07:00:00   ;     3
24.02.1982 07:00:00   ;     8
25.02.1982 07:00:00   ;     0
26.02.1982 07:00:00   ;     0
27.02.1982 07:00:00   ;     0
28.02.1982 07:00:00   ;     0
01.03.1982 07:00:00   ;     0
02.03.1982 07:00:00   ;     5
03.03.1982 07:00:00   ;     0
04.03.1982 07:00:00   ;     2
05.03.1982 07:00:00   ;     4
06.03.1982 07:00:00   ;     0
07.03.1982 07:00:00   ;     0
08.03.1982 07:00:00   ;     0
09.03.1982 07:00:00   ;     0
10.03.1982 07:00:00   ;     0
11.03.1982 07:00:00   ;    10
12.03.1982 07:00:00   ;     0
13.03.1982 07:00:00   ;    15
14.03.1982 07:00:00   ;     0
15.03.1982 07:00:00   ;     0
16.03.1982 07:00:00   ;     0
17.03.1982 07:00:00   ;     3
18.03.1982 07:00:00   ;    15
19.03.1982 07:00:00   ;     0
20.03.1982 07:00:00   ;     0
21.03.1982 07:00:00   ;     0
22.03.1982 07:00:00   ;     4
23.03.1982 07:00:00   ;     0
24.03.1982 07:00:00   ;     0
25.03.1982 07:00:00   ;     0
26.03.1982 07:00:00   ;     0
27.03.1982 07:00:00   ;     0
28.03.1982 07:00:00   ;     0
29.03.1982 07:00:00   ;     0
30.03.1982 07:00:00   ;     0
31.03.1982 07:00:00   ;     0
01.04.1982 07:00:00   ;     0
02.04.1982 07:00:00   ;     0
03.04.1982 07:00:00   ;     0
04.04.1982 07:00:00   ;     0
05.04.1982 07:00:00   ;     0
06.04.1982 07:00:00   ;     0
07.04.1982 07:00:00   ;     0
08.04.1982 07:00:00   ;     0
09.04.1982 07:00:00   ;     0
10.04.1982 07:00:00   ;     0
11.04.1982 07:00:00   ;     0
12.04.1982 07:00:00   ;     0
13.04.1982 07:00:00   ;     0
14.04.1982 07:00:00   ;     0
15.04.1982 07:00:00   ;     0
16.04.1982 07:00:00   ;     0
17.04.1982 07:00:00   ;     0
18.04.1982 07:00:00   ;     0
19.04.1982 07:00:00   ;     0
20.04.1982 07:00:00   ;     0
21.04.1982 07:00:00   ;     0
22.04.1982 07:00:00   ;     0
23.04.1982 07:00:00   ;     0
24.04.1982 07:00:00   ;     0
25.04.1982 07:00:00   ;     0
26.04.1982 07:00:00   ;     0
27.04.1982 07:00:00   ;     0
28.04.1982 07:00:00   ;     0
29.04.1982 07:00:00   ;     0
30.04.1982 07:00:00   ;     0
01.05.1982 07:00:00   ;     0
02.05.1982 07:00:00   ;     0
03.05.1982 07:00:00   ;     0
04.05.1982 07:00:00   ;     0
05.05.1982 07:00:00   ;     0
06.05.1982 07:00:00   ;     0
07.05.1982 07:00:00   ;     0
08.05.1982 07:00:00   ;     0
09.05.1982 07:00:00   ;     0
10.05.1982 07:00:00   ;     0
11.05.1982 07:00:00   ;     0
12.05.1982 07:00:00   ;     0
13.05.1982 07:00:00   ;     0
14.05.1982 07:00:00   ;     0
15.05.1982 07:00:00   ;     0
16.05.1982 07:00:00   ;     0
17.05.1982 07:00:00   ;     0
18.05.1982 07:00:00   ;     0
19.05.1982 07:00:00   ;     0
20.05.1982 07:00:00   ;     0
21.05.1982 07:00:00   ;     0
22.05.1982 07:00:00   ;     0
23.05.1982 07:00:00   ;     0
24.05.1982 07:00:00   ;     0
25.05.1982 07:00:00   ;     0
26.05.1982 07:00:00   ;     0
27.05.1982 07:00:00   ;     0
28.05.1982 07:00:00   ;     0
29.05.1982 07:00:00   ;     0
30.05.1982 07:00:00   ;     0
31.05.1982 07:00:00   ;     0
01.06.1982 07:00:00   ;     0
02.06.1982 07:00:00   ;     0
03.06.1982 07:00:00   ;     0
04.06.1982 07:00:00   ;     0
05.06.1982 07:00:00   ;     0
06.06.1982 07:00:00   ;     0
07.06.1982 07:00:00   ;     0
08.06.1982 07:00:00   ;     0
09.06.1982 07:00:00   ;     0
10.06.1982 07:00:00   ;     0
11.06.1982 07:00:00   ;     0
12.06.1982 07:00:00   ;     0
13.06.1982 07:00:00   ;     0
14.06.1982 07:00:00   ;     0
15.06.1982 07:00:00   ;     0
16.06.1982 07:00:00   ;     0
17.06.1982 07:00:00   ;     0
18.06.1982 07:00:00   ;     0
19.06.1982 07:00:00   ;     0
20.06.1982 07:00:00   ;     0
21.06.1982 07:00:00   ;     0
22.06.1982 07:00:00   ;     0
23.06.1982 07:00:00   ;     0
24.06.1982 07:00:00   ;     0
25.06.1982 07:00:00   ;     0
26.06.1982 07:00:00   ;     0
27.06.1982 07:00:00   ;     0
28.06.1982 07:00:00   ;     0
29.06.1982 07:00:00   ;     0
30.06.1982 07:00:00   ;     0
01.07.1982 07:00:00   ;     0
02.07.1982 07:00:00   ;     0
03.07.1982 07:00:00   ;     0
04.07.1982 07:00:00   ;     0
05.07.1982 07:00:00   ;     0
06.07.1982 07:00:00   ;     0
07.07.1982 07:00:00   ;     0
08.07.1982 07:00:00   ;     0
09.07.1982 07:00:00   ;     0
10.07.1982 07:00:00   ;     0
11.07.1982 07:00:00   ;     0
12.07.1982 07:00:00   ;     0
13.07.1982 07:00:00   ;     0
14.07.1982 07:00:00   ;     0
15.07.1982 07:00:00   ;     0
16.07.1982 07:00:00   ;     0
17.07.1982 07:00:00   ;     0
18.07.1982 07:00:00   ;     0
19.07.1982 07:00:00   ;     0
20.07.1982 07:00:00   ;     0
21.07.1982 07:00:00   ;     0
22.07.1982 07:00:00   ;     0
23.07.1982 07:00:00   ;     0
24.07.1982 07:00:00   ;     0
25.07.1982 07:00:00   ;     0
26.07.1982 07:00:00   ;     0
27.07.1982 07:00:00   ;     0
28.07.1982 07:00:00   ;     0
29.07.1982 07:00:00   ;     0
30.07.1982 07:00:00   ;     0
31.07.1982 07:00:00   ;     0
01.08.1982 07:00:00   ;     0
02.08.1982 07:00:00   ;     0
03.08.1982 07:00:00   ;     0
04.08.1982 07:00:00   ;     0
05.08.1982 07:00:00   ;     0
06.08.1982 07:00:00   ;     0
07.08.1982 07:00:00   ;     0
08.08.1982 07:00:00   ;     0
09.08.1982 07:00:00   ;     0
10.08.1982 07:00:00   ;     0
11.08.1982 07:00:00   ;     0
12.08.1982 07:00:00   ;     0
13.08.1982 07:00:00   ;     0
14.08.1982 07:00:00   ;     0
15.08.1982 07:00:00   ;     0
16.08.1982 07:00:00   ;     0
17.08.1982 07:00:00   ;     0
18.08.1982 07:00:00   ;     0
19.08.1982 07:00:00   ;     0
20.08.1982 07:00:00   ;     0
21.08.1982 07:00:00   ;     0
22.08.1982 07:00:00   ;     0
23.08.1982 07:00:00   ;     0
24.08.1982 07:00:00   ;     0
25.08.1982 07:00:00   ;     0
26.08.1982 07:00:00   ;     0
27.08.1982 07:00:00   ;     0
28.08.1982 07:00:00   ;     0
29.08.1982 07:00:00   ;     0
30.08.1982 07:00:00   ;     0
31.08.1982 07:00:00   ;     0
01.09.1982 07:00:00   ;     0
02.09.1982 07:00:00   ;     0
03.09.1982 07:00:00   ;     0
04.09.1982 07:00:00   ;     0
05.09.1982 07:00:00   ;     0
06.09.1982 07:00:00   ;     0
07.09.1982 07:00:00   ;     0
08.09.1982 07:00:00   ;     0
09.09.1982 07:00:00   ;     0
10.09.1982 07:00:00   ;     0
11.09.1982 07:00:00   ;     0
12.09.1982 07:00:00   ;     0
13.09.1982 07:00:00   ;     0
14.09.1982 07:00:00   ;     0
15.09.1982 07:00:00   ;     0
16.09.1982 07:00:00   ;     0
17.09.1982 07:00:00   ;     0
18.09.1982 07:00:00   ;     0
19.09.1982 07:00:00   ;     0
20.09.1982 07:00:00   ;     0
21.09.1982 07:00:00   ;     0
22.09.1982 07:00:00   ;     0
23.09.1982 07:00:00   ;     0
24.09.1982 07:00:00   ;     0
25.09.1982 07:00:00   ;     0
26.09.1982 07:00:00   ;     0
27.09.1982 07:00:00   ;     0
28.09.1982 07:00:00   ;     0
29.09.1982 07:00:00   ;     0
30.09.1982 07:00:00   ;     0
01.10.1982 07:00:00   ;     0
02.10.1982 07:00:00   ;     0
03.10.1982 07:00:00   ;     0
04.10.1982 07:00:00   ;     0
05.10.1982 07:00:00   ;     0
06.10.1982 07:00:00   ;     0
07.10.1982 07:00:00   ;     0
08.10.1982 07:00:00   ;     0
09.10.1982 07:00:00   ;     0
10.10.1982 07:00:00   ;     0
11.10.1982 07:00:00   ;     0
12.10.1982 07:00:00   ;     0
13.10.1982 07:00:00   ;     0
14.10.1982 07:00:00   ;     0
15.10.1982 07:00:00   ;     0
16.10.1982 07:00:00   ;     0
17.10.1982 07:00:00   ;     0
18.10.1982 07:00:00   ;     0
19.10.1982 07:00:00   ;     0
20.10.1982 07:00:00   ;     0
21.10.1982 07:00:00   ;     0
22.10.1982 07:00:00   ;     0
23.10.1982 07:00:00   ;     0
24.10.1982 07:00:00   ;     0
25.10.1982 07:00:00   ;     0
26.10.1982 07:00:00   ;     0
27.10.1982 07:00:00   ;     0
28.10.1982 07:00:00   ;     0
29.10.1982 07:00:00   ;     0
30.10.1982 07:00:00   ;     0
31.10.1982 07:00:00   ;     0
01.11.1982 07:00:00   ;     0
02.11.1982 07:00:00   ;     0
03.11.1982 07:00:00   ;     0
04.11.1982 07:00:00   ;     0
05.11.1982 07:00:00   ;     0
06.11.1982 07:00:00   ;     0
07.11.1982 07:00:00   ;     0
08.11.1982 07:00:00   ;     0
09.11.1982 07:00:00   ;     0
10.11.1982 07:00:00   ;     0
11.11.1982 07:00:00   ;     0
12.11.1982 07:00:00   ;     0
13.11.1982 07:00:00   ;     0
14.11.1982 07:00:00   ;     0
15.11.1982 07:00:00   ;     0
16.11.1982 07:00:00   ;     8
17.11.1982 07:00:00   ;    12
18.11.1982 07:00:00   ;     0
19.11.1982 07:00:00   ;     0
20.11.1982 07:00:00   ;     0
21.11.1982 07:00:00   ;     0
22.11.1982 07:00:00   ;     0
23.11.1982 07:00:00   ;     0
24.11.1982 07:00:00   ;     0
25.11.1982 07:00:00   ;     0
26.11.1982 07:00:00   ;     0
27.11.1982 07:00:00   ;     0
28.11.1982 07:00:00   ;     0
29.11.1982 07:00:00   ;     0
30.11.1982 07:00:00   ;     0
01.12.1982 07:00:00   ;     0
02.12.1982 07:00:00   ;     0
03.12.1982 07:00:00   ;     0
04.12.1982 07:00:00   ;     0
05.12.1982 07:00:00   ;     0
06.12.1982 07:00:00   ;     0
07.12.1982 07:00:00   ;     0
08.12.1982 07:00:00   ;     0
09.12.1982 07:00:00   ;     0
10.12.1982 07:00:00   ;     0
11.12.1982 07:00:00   ;     0
12.12.1982 07:00:00   ;     0
13.12.1982 07:00:00   ;     0
14.12.1982 07:00:00   ;     0
15.12.1982 07:00:00   ;     0
16.12.1982 07:00:00   ;     0
17.12.1982 07:00:00   ;     5
18.12.1982 07:00:00   ;    20
19.12.1982 07:00:00   ;     2
20.12.1982 07:00:00   ;     3
21.12.1982 07:00:00   ;     2
22.12.1982 07:00:00   ;     6
23.12.1982 07:00:00   ;     3
24.12.1982 07:00:00   ;     1
25.12.1982 07:00:00   ;     5
26.12.1982 07:00:00   ;     0
27.12.1982 07:00:00   ;     0
28.12.1982 07:00:00   ;    22
29.12.1982 07:00:00   ;     0
30.12.1982 07:00:00   ;     0
31.12.1982 07:00:00   ;     0
01.01.1983 07:00:00   ;     0
02.01.1983 07:00:00   ;     2
03.01.1983 07:00:00   ;     0
04.01.1983 07:00:00   ;     0
05.01.1983 07:00:00   ;     0
06.01.1983 07:00:00   ;     0
07.01.1983 07:00:00   ;     0
08.01.1983 07:00:00   ;     2
09.01.1983 07:00:00   ;     0
10.01.1983 07:00:00   ;     0
11.01.1983 07:00:00   ;     0
12.01.1983 07:00:00   ;     0
13.01.1983 07:00:00   ;     3
14.01.1983 07:00:00   ;    15
15.01.1983 07:00:00   ;    17
16.01.1983 07:00:00   ;     0
17.01.1983 07:00:00   ;     0
18.01.1983 07:00:00   ;     2
19.01.1983 07:00:00   ;    16
20.01.1983 07:00:00   ;    10
21.01.1983 07:00:00   ;     0
22.01.1983 07:00:00   ;     0
23.01.1983 07:00:00   ;     0
24.01.1983 07:00:00   ;     0
25.01.1983 07:00:00   ;     0
26.01.1983 07:00:00   ;     0
27.01.1983 07:00:00   ;     0
28.01.1983 07:00:00   ;     0
29.01.1983 07:00:00   ;     0
30.01.1983 07:00:00   ;     0
31.01.1983 07:00:00   ;    13
01.02.1983 07:00:00   ;     0
02.02.1983 07:00:00   ;     0
03.02.1983 07:00:00   ;    22
04.02.1983 07:00:00   ;     0
05.02.1983 07:00:00   ;     0
06.02.1983 07:00:00   ;     6
07.02.1983 07:00:00   ;     3
08.02.1983 07:00:00   ;     2
09.02.1983 07:00:00   ;     0
10.02.1983 07:00:00   ;     0
11.02.1983 07:00:00   ;     8
12.02.1983 07:00:00   ;     0
13.02.1983 07:00:00   ;     0
14.02.1983 07:00:00   ;     0
15.02.1983 07:00:00   ;     0
16.02.1983 07:00:00   ;     0
17.02.1983 07:00:00   ;     0
18.02.1983 07:00:00   ;     0
19.02.1983 07:00:00   ;     0
20.02.1983 07:00:00   ;     0
21.02.1983 07:00:00   ;     0
22.02.1983 07:00:00   ;     0
23.02.1983 07:00:00   ;     0
24.02.1983 07:00:00   ;     0
25.02.1983 07:00:00   ;     2
26.02.1983 07:00:00   ;     0
27.02.1983 07:00:00   ;     0
28.02.1983 07:00:00   ;     0
01.03.1983 07:00:00   ;     0
02.03.1983 07:00:00   ;     0
03.03.1983 07:00:00   ;     0
04.03.1983 07:00:00   ;     0
05.03.1983 07:00:00   ;     0
06.03.1983 07:00:00   ;     0
07.03.1983 07:00:00   ;     0
08.03.1983 07:00:00   ;     0
09.03.1983 07:00:00   ;     0
10.03.1983 07:00:00   ;     0
11.03.1983 07:00:00   ;     0
12.03.1983 07:00:00   ;     0
13.03.1983 07:00:00   ;     0
14.03.1983 07:00:00   ;     0
15.03.1983 07:00:00   ;     0
16.03.1983 07:00:00   ;     0
17.03.1983 07:00:00   ;     0
18.03.1983 07:00:00   ;     0
19.03.1983 07:00:00   ;     0
20.03.1983 07:00:00   ;     0
21.03.1983 07:00:00   ;     0
22.03.1983 07:00:00   ;     0
23.03.1983 07:00:00   ;     0
24.03.1983 07:00:00   ;     0
25.03.1983 07:00:00   ;     0
26.03.1983 07:00:00   ;    15
27.03.1983 07:00:00   ;     0
28.03.1983 07:00:00   ;     0
29.03.1983 07:00:00   ;     0
30.03.1983 07:00:00   ;     0
31.03.1983 07:00:00   ;     0
01.04.1983 07:00:00   ;     0
02.04.1983 07:00:00   ;     0
03.04.1983 07:00:00   ;     0
04.04.1983 07:00:00   ;     0
05.04.1983 07:00:00   ;     0
06.04.1983 07:00:00   ;     0
07.04.1983 07:00:00   ;     0
08.04.1983 07:00:00   ;     0
09.04.1983 07:00:00   ;     0
10.04.1983 07:00:00   ;     0
11.04.1983 07:00:00   ;     0
12.04.1983 07:00:00   ;     0
13.04.1983 07:00:00   ;     0
14.04.1983 07:00:00   ;     0
15.04.1983 07:00:00   ;     0
16.04.1983 07:00:00   ;     0
17.04.1983 07:00:00   ;     0
18.04.1983 07:00:00   ;     0
19.04.1983 07:00:00   ;     0
20.04.1983 07:00:00   ;     0
21.04.1983 07:00:00   ;     0
22.04.1983 07:00:00   ;     0
23.04.1983 07:00:00   ;     0
24.04.1983 07:00:00   ;     0
25.04.1983 07:00:00   ;     0
26.04.1983 07:00:00   ;     0
27.04.1983 07:00:00   ;     0
28.04.1983 07:00:00   ;     0
29.04.1983 07:00:00   ;     0
30.04.1983 07:00:00   ;     0
01.05.1983 07:00:00   ;     0
02.05.1983 07:00:00   ;     0
03.05.1983 07:00:00   ;     0
04.05.1983 07:00:00   ;     0
05.05.1983 07:00:00   ;     0
06.05.1983 07:00:00   ;     0
07.05.1983 07:00:00   ;     0
08.05.1983 07:00:00   ;     0
09.05.1983 07:00:00   ;     0
10.05.1983 07:00:00   ;     0
11.05.1983 07:00:00   ;     0
12.05.1983 07:00:00   ;     0
13.05.1983 07:00:00   ;     0
14.05.1983 07:00:00   ;     0
15.05.1983 07:00:00   ;     0
16.05.1983 07:00:00   ;     0
17.05.1983 07:00:00   ;     0
18.05.1983 07:00:00   ;     0
19.05.1983 07:00:00   ;     0
20.05.1983 07:00:00   ;     0
21.05.1983 07:00:00   ;     0
22.05.1983 07:00:00   ;     0
23.05.1983 07:00:00   ;     0
24.05.1983 07:00:00   ;     0
25.05.1983 07:00:00   ;     0
26.05.1983 07:00:00   ;     0
27.05.1983 07:00:00   ;     0
28.05.1983 07:00:00   ;     0
29.05.1983 07:00:00   ;     0
30.05.1983 07:00:00   ;     0
31.05.1983 07:00:00   ;     0
01.06.1983 07:00:00   ;     0
02.06.1983 07:00:00   ;     0
03.06.1983 07:00:00   ;     0
04.06.1983 07:00:00   ;     0
05.06.1983 07:00:00   ;     0
06.06.1983 07:00:00   ;     0
07.06.1983 07:00:00   ;     0
08.06.1983 07:00:00   ;     0
09.06.1983 07:00:00   ;     0
10.06.1983 07:00:00   ;     0
11.06.1983 07:00:00   ;     0
12.06.1983 07:00:00   ;     0
13.06.1983 07:00:00   ;     0
14.06.1983 07:00:00   ;     0
15.06.1983 07:00:00   ;     0
16.06.1983 07:00:00   ;     0
17.06.1983 07:00:00   ;     0
18.06.1983 07:00:00   ;     0
19.06.1983 07:00:00   ;     0
20.06.1983 07:00:00   ;     0
21.06.1983 07:00:00   ;     0
22.06.1983 07:00:00   ;     0
23.06.1983 07:00:00   ;     0
24.06.1983 07:00:00   ;     0
25.06.1983 07:00:00   ;     0
26.06.1983 07:00:00   ;     0
27.06.1983 07:00:00   ;     0
28.06.1983 07:00:00   ;     0
29.06.1983 07:00:00   ;     0
30.06.1983 07:00:00   ;     0
01.07.1983 07:00:00   ;     0
02.07.1983 07:00:00   ;     0
03.07.1983 07:00:00   ;     0
04.07.1983 07:00:00   ;     0
05.07.1983 07:00:00   ;     0
06.07.1983 07:00:00   ;     0
07.07.1983 07:00:00   ;     0
08.07.1983 07:00:00   ;     0
09.07.1983 07:00:00   ;     0
10.07.1983 07:00:00   ;     0
11.07.1983 07:00:00   ;     0
12.07.1983 07:00:00   ;     0
13.07.1983 07:00:00   ;     0
14.07.1983 07:00:00   ;     0
15.07.1983 07:00:00   ;     0
16.07.1983 07:00:00   ;     0
17.07.1983 07:00:00   ;     0
18.07.1983 07:00:00   ;     0
19.07.1983 07:00:00   ;     0
20.07.1983 07:00:00   ;     0
21.07.1983 07:00:00   ;     0
22.07.1983 07:00:00   ;     0
23.07.1983 07:00:00   ;     0
24.07.1983 07:00:00   ;     0
25.07.1983 07:00:00   ;     0
26.07.1983 07:00:00   ;     0
27.07.1983 07:00:00   ;     0
28.07.1983 07:00:00   ;     0
29.07.1983 07:00:00   ;     0
30.07.1983 07:00:00   ;     0
31.07.1983 07:00:00   ;     0
01.08.1983 07:00:00   ;     0
02.08.1983 07:00:00   ;     0
03.08.1983 07:00:00   ;     0
04.08.1983 07:00:00   ;     0
05.08.1983 07:00:00   ;     0
06.08.1983 07:00:00   ;     0
07.08.1983 07:00:00   ;     0
08.08.1983 07:00:00   ;     0
09.08.1983 07:00:00   ;     0
10.08.1983 07:00:00   ;     0
11.08.1983 07:00:00   ;     0
12.08.1983 07:00:00   ;     0
13.08.1983 07:00:00   ;     0
14.08.1983 07:00:00   ;     0
15.08.1983 07:00:00   ;     0
16.08.1983 07:00:00   ;     0
17.08.1983 07:00:00   ;     0
18.08.1983 07:00:00   ;     0
19.08.1983 07:00:00   ;     0
20.08.1983 07:00:00   ;     0
21.08.1983 07:00:00   ;     0
22.08.1983 07:00:00   ;     0
23.08.1983 07:00:00   ;     0
24.08.1983 07:00:00   ;     0
25.08.1983 07:00:00   ;     0
26.08.1983 07:00:00   ;     0
27.08.1983 07:00:00   ;     0
28.08.1983 07:00:00   ;     0
29.08.1983 07:00:00   ;     0
30.08.1983 07:00:00   ;     0
31.08.1983 07:00:00   ;     0
01.09.1983 07:00:00   ;     0
02.09.1983 07:00:00   ;     0
03.09.1983 07:00:00   ;     0
04.09.1983 07:00:00   ;     0
05.09.1983 07:00:00   ;     0
06.09.1983 07:00:00   ;     0
07.09.1983 07:00:00   ;     0
08.09.1983 07:00:00   ;     0
09.09.1983 07:00:00   ;     0
10.09.1983 07:00:00   ;     0
11.09.1983 07:00:00   ;     0
12.09.1983 07:00:00   ;     0
13.09.1983 07:00:00   ;     0
14.09.1983 07:00:00   ;     0
15.09.1983 07:00:00   ;     0
16.09.1983 07:00:00   ;     0
17.09.1983 07:00:00   ;     0
18.09.1983 07:00:00   ;     0
19.09.1983 07:00:00   ;     0
20.09.1983 07:00:00   ;     0
21.09.1983 07:00:00   ;     0
22.09.1983 07:00:00   ;     0
23.09.1983 07:00:00   ;     0
24.09.1983 07:00:00   ;     0
25.09.1983 07:00:00   ;     0
26.09.1983 07:00:00   ;     0
27.09.1983 07:00:00   ;     0
28.09.1983 07:00:00   ;     0
29.09.1983 07:00:00   ;     0
30.09.1983 07:00:00   ;     0
01.10.1983 07:00:00   ;     0
02.10.1983 07:00:00   ;     0
03.10.1983 07:00:00   ;     0
04.10.1983 07:00:00   ;     0
05.10.1983 07:00:00   ;     0
06.10.1983 07:00:00   ;     0
07.10.1983 07:00:00   ;     0
08.10.1983 07:00:00   ;     0
09.10.1983 07:00:00   ;     0
10.10.1983 07:00:00   ;     0
11.10.1983 07:00:00   ;     0
12.10.1983 07:00:00   ;     0
13.10.1983 07:00:00   ;     0
14.10.1983 07:00:00   ;     0
15.10.1983 07:00:00   ;     0
16.10.1983 07:00:00   ;     0
17.10.1983 07:00:00   ;     0
18.10.1983 07:00:00   ;     0
19.10.1983 07:00:00   ;     0
20.10.1983 07:00:00   ;     0
21.10.1983 07:00:00   ;     0
22.10.1983 07:00:00   ;     0
23.10.1983 07:00:00   ;     0
24.10.1983 07:00:00   ;     0
25.10.1983 07:00:00   ;     0
26.10.1983 07:00:00   ;     0
27.10.1983 07:00:00   ;     0
28.10.1983 07:00:00   ;     0
29.10.1983 07:00:00   ;     0
30.10.1983 07:00:00   ;     0
31.10.1983 07:00:00   ;     0
01.11.1983 07:00:00   ;     0
02.11.1983 07:00:00   ;     0
03.11.1983 07:00:00   ;     0
04.11.1983 07:00:00   ;     0
05.11.1983 07:00:00   ;     0
06.11.1983 07:00:00   ;     0
07.11.1983 07:00:00   ;     0
08.11.1983 07:00:00   ;     0
09.11.1983 07:00:00   ;     0
10.11.1983 07:00:00   ;     0
11.11.1983 07:00:00   ;     0
12.11.1983 07:00:00   ;     0
13.11.1983 07:00:00   ;     0
14.11.1983 07:00:00   ;     0
15.11.1983 07:00:00   ;     0
16.11.1983 07:00:00   ;     0
17.11.1983 07:00:00   ;     0
18.11.1983 07:00:00   ;     0
19.11.1983 07:00:00   ;     0
20.11.1983 07:00:00   ;     0
21.11.1983 07:00:00   ;     0
22.11.1983 07:00:00   ;     0
23.11.1983 07:00:00   ;     0
24.11.1983 07:00:00   ;     0
25.11.1983 07:00:00   ;     0
26.11.1983 07:00:00   ;     0
27.11.1983 07:00:00   ;     0
28.11.1983 07:00:00   ;     0
29.11.1983 07:00:00   ;     0
30.11.1983 07:00:00   ;    16
01.12.1983 07:00:00   ;     4
02.12.1983 07:00:00   ;     0
03.12.1983 07:00:00   ;     0
04.12.1983 07:00:00   ;     0
05.12.1983 07:00:00   ;     0
06.12.1983 07:00:00   ;    12
07.12.1983 07:00:00   ;    10
08.12.1983 07:00:00   ;     0
09.12.1983 07:00:00   ;     0
10.12.1983 07:00:00   ;     1
11.12.1983 07:00:00   ;     0
12.12.1983 07:00:00   ;     0
13.12.1983 07:00:00   ;     0
14.12.1983 07:00:00   ;     0
15.12.1983 07:00:00   ;     0
16.12.1983 07:00:00   ;     0
17.12.1983 07:00:00   ;     0
18.12.1983 07:00:00   ;     0
19.12.1983 07:00:00   ;     0
20.12.1983 07:00:00   ;     0
21.12.1983 07:00:00   ;     2
22.12.1983 07:00:00   ;     0
23.12.1983 07:00:00   ;     0
24.12.1983 07:00:00   ;     0
25.12.1983 07:00:00   ;     0
26.12.1983 07:00:00   ;     2
27.12.1983 07:00:00   ;     0
28.12.1983 07:00:00   ;     0
29.12.1983 07:00:00   ;     0
30.12.1983 07:00:00   ;     0
31.12.1983 07:00:00   ;     0
01.01.1984 07:00:00   ;     0
02.01.1984 07:00:00   ;     0
03.01.1984 07:00:00   ;     0
04.01.1984 07:00:00   ;    12
05.01.1984 07:00:00   ;     2
06.01.1984 07:00:00   ;     0
07.01.1984 07:00:00   ;     3
08.01.1984 07:00:00   ;     0
09.01.1984 07:00:00   ;    12
10.01.1984 07:00:00   ;     0
11.01.1984 07:00:00   ;     0
12.01.1984 07:00:00   ;     0
13.01.1984 07:00:00   ;     0
14.01.1984 07:00:00   ;     0
15.01.1984 07:00:00   ;     1
16.01.1984 07:00:00   ;     0
17.01.1984 07:00:00   ;     2
18.01.1984 07:00:00   ;     0
19.01.1984 07:00:00   ;     0
20.01.1984 07:00:00   ;     0
21.01.1984 07:00:00   ;     0
22.01.1984 07:00:00   ;     2
23.01.1984 07:00:00   ;     3
24.01.1984 07:00:00   ;     8
25.01.1984 07:00:00   ;     9
26.01.1984 07:00:00   ;     0
27.01.1984 07:00:00   ;     0
28.01.1984 07:00:00   ;     3
29.01.1984 07:00:00   ;     0
30.01.1984 07:00:00   ;     0
31.01.1984 07:00:00   ;     0
01.02.1984 07:00:00   ;     0
02.02.1984 07:00:00   ;     4
03.02.1984 07:00:00   ;     4
04.02.1984 07:00:00   ;     0
05.02.1984 07:00:00   ;     0
06.02.1984 07:00:00   ;     3
07.02.1984 07:00:00   ;     6
08.02.1984 07:00:00   ;    40
09.02.1984 07:00:00   ;    26
10.02.1984 07:00:00   ;     8
11.02.1984 07:00:00   ;    20
12.02.1984 07:00:00   ;     0
13.02.1984 07:00:00   ;     0
14.02.1984 07:00:00   ;     2
15.02.1984 07:00:00   ;     0
16.02.1984 07:00:00   ;     0
17.02.1984 07:00:00   ;     0
18.02.1984 07:00:00   ;     0
19.02.1984 07:00:00   ;     0
20.02.1984 07:00:00   ;     0
21.02.1984 07:00:00   ;     0
22.02.1984 07:00:00   ;     0
23.02.1984 07:00:00   ;     5
24.02.1984 07:00:00   ;     0
25.02.1984 07:00:00   ;     0
26.02.1984 07:00:00   ;     0
27.02.1984 07:00:00   ;     0
28.02.1984 07:00:00   ;     0
29.02.1984 07:00:00   ;     0
01.03.1984 07:00:00   ;     0
02.03.1984 07:00:00   ;     7
03.03.1984 07:00:00   ;     2
04.03.1984 07:00:00   ;     0
05.03.1984 07:00:00   ;     0
06.03.1984 07:00:00   ;     0
07.03.1984 07:00:00   ;     3
08.03.1984 07:00:00   ;     1
09.03.1984 07:00:00   ;     0
10.03.1984 07:00:00   ;     0
11.03.1984 07:00:00   ;     0
12.03.1984 07:00:00   ;     0
13.03.1984 07:00:00   ;     0
14.03.1984 07:00:00   ;     0
15.03.1984 07:00:00   ;     0
16.03.1984 07:00:00   ;     0
17.03.1984 07:00:00   ;     0
18.03.1984 07:00:00   ;     0
19.03.1984 07:00:00   ;     0
20.03.1984 07:00:00   ;     0
21.03.1984 07:00:00   ;     0
22.03.1984 07:00:00   ;     0
23.03.1984 07:00:00   ;     0
24.03.1984 07:00:00   ;     0
25.03.1984 07:00:00   ;     0
26.03.1984 07:00:00   ;     0
27.03.1984 07:00:00   ;     0
28.03.1984 07:00:00   ;     0
29.03.1984 07:00:00   ;     0
30.03.1984 07:00:00   ;     2
31.03.1984 07:00:00   ;     0
01.04.1984 07:00:00   ;     0
02.04.1984 07:00:00   ;     2
03.04.1984 07:00:00   ;     2
04.04.1984 07:00:00   ;     0
05.04.1984 07:00:00   ;     0
06.04.1984 07:00:00   ;     0
07.04.1984 07:00:00   ;     0
08.04.1984 07:00:00   ;     0
09.04.1984 07:00:00   ;     0
10.04.1984 07:00:00   ;     0
11.04.1984 07:00:00   ;     0
12.04.1984 07:00:00   ;     0
13.04.1984 07:00:00   ;     0
14.04.1984 07:00:00   ;     0
15.04.1984 07:00:00   ;     0
16.04.1984 07:00:00   ;     0
17.04.1984 07:00:00   ;     0
18.04.1984 07:00:00   ;     0
19.04.1984 07:00:00   ;     0
20.04.1984 07:00:00   ;     0
21.04.1984 07:00:00   ;     0
22.04.1984 07:00:00   ;     0
23.04.1984 07:00:00   ;     0
24.04.1984 07:00:00   ;     0
25.04.1984 07:00:00   ;     0
26.04.1984 07:00:00   ;     0
27.04.1984 07:00:00   ;     0
28.04.1984 07:00:00   ;     0
29.04.1984 07:00:00   ;     0
30.04.1984 07:00:00   ;     0
01.05.1984 07:00:00   ;     0
02.05.1984 07:00:00   ;     0
03.05.1984 07:00:00   ;     0
04.05.1984 07:00:00   ;     0
05.05.1984 07:00:00   ;     0
06.05.1984 07:00:00   ;     0
07.05.1984 07:00:00   ;     0
08.05.1984 07:00:00   ;     0
09.05.1984 07:00:00   ;     0
10.05.1984 07:00:00   ;     0
11.05.1984 07:00:00   ;     0
12.05.1984 07:00:00   ;     0
13.05.1984 07:00:00   ;     0
14.05.1984 07:00:00   ;     0
15.05.1984 07:00:00   ;     0
16.05.1984 07:00:00   ;     0
17.05.1984 07:00:00   ;     0
18.05.1984 07:00:00   ;     0
19.05.1984 07:00:00   ;     0
20.05.1984 07:00:00   ;     0
21.05.1984 07:00:00   ;     0
22.05.1984 07:00:00   ;     0
23.05.1984 07:00:00   ;     0
24.05.1984 07:00:00   ;     0
25.05.1984 07:00:00   ;     0
26.05.1984 07:00:00   ;     0
27.05.1984 07:00:00   ;     0
28.05.1984 07:00:00   ;     0
29.05.1984 07:00:00   ;     0
30.05.1984 07:00:00   ;     0
31.05.1984 07:00:00   ;     0
01.06.1984 07:00:00   ;     0
02.06.1984 07:00:00   ;     0
03.06.1984 07:00:00   ;     0
04.06.1984 07:00:00   ;     0
05.06.1984 07:00:00   ;     0
06.06.1984 07:00:00   ;     0
07.06.1984 07:00:00   ;     0
08.06.1984 07:00:00   ;     0
09.06.1984 07:00:00   ;     0
10.06.1984 07:00:00   ;     0
11.06.1984 07:00:00   ;     0
12.06.1984 07:00:00   ;     0
13.06.1984 07:00:00   ;     0
14.06.1984 07:00:00   ;     0
15.06.1984 07:00:00   ;     0
16.06.1984 07:00:00   ;     0
17.06.1984 07:00:00   ;     0
18.06.1984 07:00:00   ;     0
19.06.1984 07:00:00   ;     0
20.06.1984 07:00:00   ;     0
21.06.1984 07:00:00   ;     0
22.06.1984 07:00:00   ;     0
23.06.1984 07:00:00   ;     0
24.06.1984 07:00:00   ;     0
25.06.1984 07:00:00   ;     0
26.06.1984 07:00:00   ;     0
27.06.1984 07:00:00   ;     0
28.06.1984 07:00:00   ;     0
29.06.1984 07:00:00   ;     0
30.06.1984 07:00:00   ;     0
01.07.1984 07:00:00   ;     0
02.07.1984 07:00:00   ;     0
03.07.1984 07:00:00   ;     0
04.07.1984 07:00:00   ;     0
05.07.1984 07:00:00   ;     0
06.07.1984 07:00:00   ;     0
07.07.1984 07:00:00   ;     0
08.07.1984 07:00:00   ;     0
09.07.1984 07:00:00   ;     0
10.07.1984 07:00:00   ;     0
11.07.1984 07:00:00   ;     0
12.07.1984 07:00:00   ;     0
13.07.1984 07:00:00   ;     0
14.07.1984 07:00:00   ;     0
15.07.1984 07:00:00   ;     0
16.07.1984 07:00:00   ;     0
17.07.1984 07:00:00   ;     0
18.07.1984 07:00:00   ;     0
19.07.1984 07:00:00   ;     0
20.07.1984 07:00:00   ;     0
21.07.1984 07:00:00   ;     0
22.07.1984 07:00:00   ;     0
23.07.1984 07:00:00   ;     0
24.07.1984 07:00:00   ;     0
25.07.1984 07:00:00   ;     0
26.07.1984 07:00:00   ;     0
27.07.1984 07:00:00   ;     0
28.07.1984 07:00:00   ;     0
29.07.1984 07:00:00   ;     0
30.07.1984 07:00:00   ;     0
31.07.1984 07:00:00   ;     0
01.08.1984 07:00:00   ;     0
02.08.1984 07:00:00   ;     0
03.08.1984 07:00:00   ;     0
04.08.1984 07:00:00   ;     0
05.08.1984 07:00:00   ;     0
06.08.1984 07:00:00   ;     0
07.08.1984 07:00:00   ;     0
08.08.1984 07:00:00   ;     0
09.08.1984 07:00:00   ;     0
10.08.1984 07:00:00   ;     0
11.08.1984 07:00:00   ;     0
12.08.1984 07:00:00   ;     0
13.08.1984 07:00:00   ;     0
14.08.1984 07:00:00   ;     0
15.08.1984 07:00:00   ;     0
16.08.1984 07:00:00   ;     0
17.08.1984 07:00:00   ;     0
18.08.1984 07:00:00   ;     0
19.08.1984 07:00:00   ;     0
20.08.1984 07:00:00   ;     0
21.08.1984 07:00:00   ;     0
22.08.1984 07:00:00   ;     0
23.08.1984 07:00:00   ;     0
24.08.1984 07:00:00   ;     0
25.08.1984 07:00:00   ;     0
26.08.1984 07:00:00   ;     0
27.08.1984 07:00:00   ;     0
28.08.1984 07:00:00   ;     0
29.08.1984 07:00:00   ;     0
30.08.1984 07:00:00   ;     0
31.08.1984 07:00:00   ;     0
01.09.1984 07:00:00   ;     0
02.09.1984 07:00:00   ;     0
03.09.1984 07:00:00   ;     0
04.09.1984 07:00:00   ;     0
05.09.1984 07:00:00   ;     0
06.09.1984 07:00:00   ;     0
07.09.1984 07:00:00   ;     0
08.09.1984 07:00:00   ;     0
09.09.1984 07:00:00   ;     0
10.09.1984 07:00:00   ;     0
11.09.1984 07:00:00   ;     0
12.09.1984 07:00:00   ;     0
13.09.1984 07:00:00   ;     0
14.09.1984 07:00:00   ;     0
15.09.1984 07:00:00   ;     0
16.09.1984 07:00:00   ;     0
17.09.1984 07:00:00   ;     0
18.09.1984 07:00:00   ;     0
19.09.1984 07:00:00   ;     0
20.09.1984 07:00:00   ;     0
21.09.1984 07:00:00   ;     0
22.09.1984 07:00:00   ;     0
23.09.1984 07:00:00   ;     0
24.09.1984 07:00:00   ;     0
25.09.1984 07:00:00   ;     0
26.09.1984 07:00:00   ;     0
27.09.1984 07:00:00   ;     0
28.09.1984 07:00:00   ;     0
29.09.1984 07:00:00   ;     0
30.09.1984 07:00:00   ;     0
01.10.1984 07:00:00   ;     0
02.10.1984 07:00:00   ;     0
03.10.1984 07:00:00   ;     0
04.10.1984 07:00:00   ;     0
05.10.1984 07:00:00   ;     0
06.10.1984 07:00:00   ;     0
07.10.1984 07:00:00   ;     0
08.10.1984 07:00:00   ;     0
09.10.1984 07:00:00   ;     0
10.10.1984 07:00:00   ;     0
11.10.1984 07:00:00   ;     0
12.10.1984 07:00:00   ;     0
13.10.1984 07:00:00   ;     0
14.10.1984 07:00:00   ;     0
15.10.1984 07:00:00   ;     0
16.10.1984 07:00:00   ;     0
17.10.1984 07:00:00   ;     0
18.10.1984 07:00:00   ;     0
19.10.1984 07:00:00   ;     0
20.10.1984 07:00:00   ;     0
21.10.1984 07:00:00   ;     0
22.10.1984 07:00:00   ;     0
23.10.1984 07:00:00   ;     0
24.10.1984 07:00:00   ;     0
25.10.1984 07:00:00   ;     0
26.10.1984 07:00:00   ;     0
27.10.1984 07:00:00   ;     0
28.10.1984 07:00:00   ;     0
29.10.1984 07:00:00   ;     0
30.10.1984 07:00:00   ;     0
31.10.1984 07:00:00   ;     0
01.11.1984 07:00:00   ;     0
02.11.1984 07:00:00   ;     0
03.11.1984 07:00:00   ;     0
04.11.1984 07:00:00   ;     0
05.11.1984 07:00:00   ;     0
06.11.1984 07:00:00   ;     0
07.11.1984 07:00:00   ;     0
08.11.1984 07:00:00   ;     0
09.11.1984 07:00:00   ;     0
10.11.1984 07:00:00   ;     0
11.11.1984 07:00:00   ;     0
12.11.1984 07:00:00   ;     0
13.11.1984 07:00:00   ;     0
14.11.1984 07:00:00   ;     0
15.11.1984 07:00:00   ;     0
16.11.1984 07:00:00   ;     0
17.11.1984 07:00:00   ;     0
18.11.1984 07:00:00   ;     0
19.11.1984 07:00:00   ;     0
20.11.1984 07:00:00   ;     0
21.11.1984 07:00:00   ;     0
22.11.1984 07:00:00   ;     0
23.11.1984 07:00:00   ;     0
24.11.1984 07:00:00   ;     0
25.11.1984 07:00:00   ;     0
26.11.1984 07:00:00   ;     0
27.11.1984 07:00:00   ;     0
28.11.1984 07:00:00   ;     0
29.11.1984 07:00:00   ;     0
30.11.1984 07:00:00   ;     0
01.12.1984 07:00:00   ;     0
02.12.1984 07:00:00   ;     0
03.12.1984 07:00:00   ;     0
04.12.1984 07:00:00   ;     0
05.12.1984 07:00:00   ;     0
06.12.1984 07:00:00   ;     0
07.12.1984 07:00:00   ;     0
08.12.1984 07:00:00   ;     0
09.12.1984 07:00:00   ;     0
10.12.1984 07:00:00   ;     0
11.12.1984 07:00:00   ;     0
12.12.1984 07:00:00   ;     0
13.12.1984 07:00:00   ;     0
14.12.1984 07:00:00   ;     0
15.12.1984 07:00:00   ;     0
16.12.1984 07:00:00   ;     1
17.12.1984 07:00:00   ;     2
18.12.1984 07:00:00   ;     0
19.12.1984 07:00:00   ;     0
20.12.1984 07:00:00   ;     0
21.12.1984 07:00:00   ;     2
22.12.1984 07:00:00   ;     0
23.12.1984 07:00:00   ;     0
24.12.1984 07:00:00   ;     0
25.12.1984 07:00:00   ;     1
26.12.1984 07:00:00   ;     0
27.12.1984 07:00:00   ;     0
28.12.1984 07:00:00   ;     0
29.12.1984 07:00:00   ;     5
30.12.1984 07:00:00   ;     8
31.12.1984 07:00:00   ;     0
01.01.1985 07:00:00   ;     0
02.01.1985 07:00:00   ;     0
03.01.1985 07:00:00   ;     0
04.01.1985 07:00:00   ;     6
05.01.1985 07:00:00   ;     0
06.01.1985 07:00:00   ;     0
07.01.1985 07:00:00   ;     0
08.01.1985 07:00:00   ;     1
09.01.1985 07:00:00   ;     0
10.01.1985 07:00:00   ;     0
11.01.1985 07:00:00   ;     0
12.01.1985 07:00:00   ;     2
13.01.1985 07:00:00   ;     0
14.01.1985 07:00:00   ;     0
15.01.1985 07:00:00   ;     0
16.01.1985 07:00:00   ;     0
17.01.1985 07:00:00   ;     0
18.01.1985 07:00:00   ;     0
19.01.1985 07:00:00   ;     2
20.01.1985 07:00:00   ;     0
21.01.1985 07:00:00   ;     0
22.01.1985 07:00:00   ;     0
23.01.1985 07:00:00   ;    11
24.01.1985 07:00:00   ;     2
25.01.1985 07:00:00   ;     0
26.01.1985 07:00:00   ;     0
27.01.1985 07:00:00   ;     0
28.01.1985 07:00:00   ;     2
29.01.1985 07:00:00   ;     0
30.01.1985 07:00:00   ;     0
31.01.1985 07:00:00   ;     8
01.02.1985 07:00:00   ;     0
02.02.1985 07:00:00   ;     0
03.02.1985 07:00:00   ;     0
04.02.1985 07:00:00   ;     0
05.02.1985 07:00:00   ;     0
06.02.1985 07:00:00   ;     0
07.02.1985 07:00:00   ;     0
08.02.1985 07:00:00   ;     0
09.02.1985 07:00:00   ;     0
10.02.1985 07:00:00   ;     1
11.02.1985 07:00:00   ;     0
12.02.1985 07:00:00   ;     0
13.02.1985 07:00:00   ;     0
14.02.1985 07:00:00   ;     6
15.02.1985 07:00:00   ;     5
16.02.1985 07:00:00   ;     0
17.02.1985 07:00:00   ;     0
18.02.1985 07:00:00   ;     0
19.02.1985 07:00:00   ;     0
20.02.1985 07:00:00   ;     0
21.02.1985 07:00:00   ;     3
22.02.1985 07:00:00   ;     0
23.02.1985 07:00:00   ;     1
24.02.1985 07:00:00   ;     3
25.02.1985 07:00:00   ;     0
26.02.1985 07:00:00   ;     0
27.02.1985 07:00:00   ;     0
28.02.1985 07:00:00   ;     0
01.03.1985 07:00:00   ;     0
02.03.1985 07:00:00   ;     0
03.03.1985 07:00:00   ;     0
04.03.1985 07:00:00   ;     0
05.03.1985 07:00:00   ;     0
06.03.1985 07:00:00   ;     0
07.03.1985 07:00:00   ;     0
08.03.1985 07:00:00   ;     0
09.03.1985 07:00:00   ;     0
10.03.1985 07:00:00   ;     5
11.03.1985 07:00:00   ;     2
12.03.1985 07:00:00   ;     0
13.03.1985 07:00:00   ;     0
14.03.1985 07:00:00   ;     0
15.03.1985 07:00:00   ;     0
16.03.1985 07:00:00   ;     5
17.03.1985 07:00:00   ;     7
18.03.1985 07:00:00   ;     5
19.03.1985 07:00:00   ;     0
20.03.1985 07:00:00   ;     0
21.03.1985 07:00:00   ;     0
22.03.1985 07:00:00   ;     0
23.03.1985 07:00:00   ;     0
24.03.1985 07:00:00   ;     0
25.03.1985 07:00:00   ;     0
26.03.1985 07:00:00   ;     0
27.03.1985 07:00:00   ;     0
28.03.1985 07:00:00   ;     0
29.03.1985 07:00:00   ;     0
30.03.1985 07:00:00   ;     0
31.03.1985 07:00:00   ;     0
01.04.1985 07:00:00   ;     0
02.04.1985 07:00:00   ;     0
03.04.1985 07:00:00   ;     0
04.04.1985 07:00:00   ;     0
05.04.1985 07:00:00   ;     0
06.04.1985 07:00:00   ;     0
07.04.1985 07:00:00   ;     0
08.04.1985 07:00:00   ;     0
09.04.1985 07:00:00   ;     0
10.04.1985 07:00:00   ;     0
11.04.1985 07:00:00   ;     0
12.04.1985 07:00:00   ;     0
13.04.1985 07:00:00   ;     0
14.04.1985 07:00:00   ;     0
15.04.1985 07:00:00   ;     0
16.04.1985 07:00:00   ;     0
17.04.1985 07:00:00   ;     0
18.04.1985 07:00:00   ;     0
19.04.1985 07:00:00   ;     0
20.04.1985 07:00:00   ;     0
21.04.1985 07:00:00   ;     0
22.04.1985 07:00:00   ;     0
23.04.1985 07:00:00   ;     0
24.04.1985 07:00:00   ;     0
25.04.1985 07:00:00   ;     0
26.04.1985 07:00:00   ;     0
27.04.1985 07:00:00   ;     0
28.04.1985 07:00:00   ;     5
29.04.1985 07:00:00   ;     9
30.04.1985 07:00:00   ;     0
01.05.1985 07:00:00   ;     0
02.05.1985 07:00:00   ;     0
03.05.1985 07:00:00   ;     0
04.05.1985 07:00:00   ;     0
05.05.1985 07:00:00   ;     0
06.05.1985 07:00:00   ;     0
07.05.1985 07:00:00   ;     0
08.05.1985 07:00:00   ;     0
09.05.1985 07:00:00   ;     0
10.05.1985 07:00:00   ;     0
11.05.1985 07:00:00   ;     0
12.05.1985 07:00:00   ;     0
13.05.1985 07:00:00   ;     0
14.05.1985 07:00:00   ;     0
15.05.1985 07:00:00   ;     0
16.05.1985 07:00:00   ;     0
17.05.1985 07:00:00   ;     0
18.05.1985 07:00:00   ;     0
19.05.1985 07:00:00   ;     0
20.05.1985 07:00:00   ;     0
21.05.1985 07:00:00   ;     0
22.05.1985 07:00:00   ;     0
23.05.1985 07:00:00   ;     0
24.05.1985 07:00:00   ;     0
25.05.1985 07:00:00   ;     0
26.05.1985 07:00:00   ;     0
27.05.1985 07:00:00   ;     0
28.05.1985 07:00:00   ;     0
29.05.1985 07:00:00   ;     0
30.05.1985 07:00:00   ;     0
31.05.1985 07:00:00   ;     0
01.06.1985 07:00:00   ;     0
02.06.1985 07:00:00   ;     0
03.06.1985 07:00:00   ;     0
04.06.1985 07:00:00   ;     0
05.06.1985 07:00:00   ;     0
06.06.1985 07:00:00   ;     0
07.06.1985 07:00:00   ;     0
08.06.1985 07:00:00   ;     0
09.06.1985 07:00:00   ;     0
10.06.1985 07:00:00   ;     0
11.06.1985 07:00:00   ;     0
12.06.1985 07:00:00   ;     0
13.06.1985 07:00:00   ;     0
14.06.1985 07:00:00   ;     0
15.06.1985 07:00:00   ;     0
16.06.1985 07:00:00   ;     0
17.06.1985 07:00:00   ;     0
18.06.1985 07:00:00   ;     0
19.06.1985 07:00:00   ;     0
20.06.1985 07:00:00   ;     0
21.06.1985 07:00:00   ;     0
22.06.1985 07:00:00   ;     0
23.06.1985 07:00:00   ;     0
24.06.1985 07:00:00   ;     0
25.06.1985 07:00:00   ;     0
26.06.1985 07:00:00   ;     0
27.06.1985 07:00:00   ;     0
28.06.1985 07:00:00   ;     0
29.06.1985 07:00:00   ;     0
30.06.1985 07:00:00   ;     0
01.07.1985 07:00:00   ;     0
02.07.1985 07:00:00   ;     0
03.07.1985 07:00:00   ;     0
04.07.1985 07:00:00   ;     0
05.07.1985 07:00:00   ;     0
06.07.1985 07:00:00   ;     0
07.07.1985 07:00:00   ;     0
08.07.1985 07:00:00   ;     0
09.07.1985 07:00:00   ;     0
10.07.1985 07:00:00   ;     0
11.07.1985 07:00:00   ;     0
12.07.1985 07:00:00   ;     0
13.07.1985 07:00:00   ;     0
14.07.1985 07:00:00   ;     0
15.07.1985 07:00:00   ;     0
16.07.1985 07:00:00   ;     0
17.07.1985 07:00:00   ;     0
18.07.1985 07:00:00   ;     0
19.07.1985 07:00:00   ;     0
20.07.1985 07:00:00   ;     0
21.07.1985 07:00:00   ;     0
22.07.1985 07:00:00   ;     0
23.07.1985 07:00:00   ;     0
24.07.1985 07:00:00   ;     0
25.07.1985 07:00:00   ;     0
26.07.1985 07:00:00   ;     0
27.07.1985 07:00:00   ;     0
28.07.1985 07:00:00   ;     0
29.07.1985 07:00:00   ;     0
30.07.1985 07:00:00   ;     0
31.07.1985 07:00:00   ;     0
01.08.1985 07:00:00   ;     0
02.08.1985 07:00:00   ;     0
03.08.1985 07:00:00   ;     0
04.08.1985 07:00:00   ;     0
05.08.1985 07:00:00   ;     0
06.08.1985 07:00:00   ;     0
07.08.1985 07:00:00   ;     0
08.08.1985 07:00:00   ;     0
09.08.1985 07:00:00   ;     0
10.08.1985 07:00:00   ;     0
11.08.1985 07:00:00   ;     0
12.08.1985 07:00:00   ;     0
13.08.1985 07:00:00   ;     0
14.08.1985 07:00:00   ;     0
15.08.1985 07:00:00   ;     0
16.08.1985 07:00:00   ;     0
17.08.1985 07:00:00   ;     0
18.08.1985 07:00:00   ;     0
19.08.1985 07:00:00   ;     0
20.08.1985 07:00:00   ;     0
21.08.1985 07:00:00   ;     0
22.08.1985 07:00:00   ;     0
23.08.1985 07:00:00   ;     0
24.08.1985 07:00:00   ;     0
25.08.1985 07:00:00   ;     0
26.08.1985 07:00:00   ;     0
27.08.1985 07:00:00   ;     0
28.08.1985 07:00:00   ;     0
29.08.1985 07:00:00   ;     0
30.08.1985 07:00:00   ;     0
31.08.1985 07:00:00   ;     0
01.09.1985 07:00:00   ;     0
02.09.1985 07:00:00   ;     0
03.09.1985 07:00:00   ;     0
04.09.1985 07:00:00   ;     0
05.09.1985 07:00:00   ;     0
06.09.1985 07:00:00   ;     0
07.09.1985 07:00:00   ;     0
08.09.1985 07:00:00   ;     0
09.09.1985 07:00:00   ;     0
10.09.1985 07:00:00   ;     0
11.09.1985 07:00:00   ;     0
12.09.1985 07:00:00   ;     0
13.09.1985 07:00:00   ;     0
14.09.1985 07:00:00   ;     0
15.09.1985 07:00:00   ;     0
16.09.1985 07:00:00   ;     0
17.09.1985 07:00:00   ;     0
18.09.1985 07:00:00   ;     0
19.09.1985 07:00:00   ;     0
20.09.1985 07:00:00   ;     0
21.09.1985 07:00:00   ;     0
22.09.1985 07:00:00   ;     0
23.09.1985 07:00:00   ;     0
24.09.1985 07:00:00   ;     0
25.09.1985 07:00:00   ;     0
26.09.1985 07:00:00   ;     0
27.09.1985 07:00:00   ;     0
28.09.1985 07:00:00   ;     0
29.09.1985 07:00:00   ;     0
30.09.1985 07:00:00   ;     0
01.10.1985 07:00:00   ;     0
02.10.1985 07:00:00   ;     0
03.10.1985 07:00:00   ;     0
04.10.1985 07:00:00   ;     0
05.10.1985 07:00:00   ;     0
06.10.1985 07:00:00   ;     0
07.10.1985 07:00:00   ;     0
08.10.1985 07:00:00   ;     0
09.10.1985 07:00:00   ;     0
10.10.1985 07:00:00   ;     0
11.10.1985 07:00:00   ;     0
12.10.1985 07:00:00   ;     0
13.10.1985 07:00:00   ;     0
14.10.1985 07:00:00   ;     0
15.10.1985 07:00:00   ;     0
16.10.1985 07:00:00   ;     0
17.10.1985 07:00:00   ;     0
18.10.1985 07:00:00   ;     0
19.10.1985 07:00:00   ;     0
20.10.1985 07:00:00   ;     0
21.10.1985 07:00:00   ;     0
22.10.1985 07:00:00   ;     0
23.10.1985 07:00:00   ;     0
24.10.1985 07:00:00   ;     0
25.10.1985 07:00:00   ;     0
26.10.1985 07:00:00   ;     0
27.10.1985 07:00:00   ;     0
28.10.1985 07:00:00   ;     0
29.10.1985 07:00:00   ;     0
30.10.1985 07:00:00   ;     0
31.10.1985 07:00:00   ;     0
01.11.1985 07:00:00   ;     0
02.11.1985 07:00:00   ;     0
03.11.1985 07:00:00   ;     0
04.11.1985 07:00:00   ;     0
05.11.1985 07:00:00   ;     0
06.11.1985 07:00:00   ;     0
07.11.1985 07:00:00   ;     0
08.11.1985 07:00:00   ;     0
09.11.1985 07:00:00   ;     0
10.11.1985 07:00:00   ;     0
11.11.1985 07:00:00   ;     0
12.11.1985 07:00:00   ;    15
13.11.1985 07:00:00   ;     6
14.11.1985 07:00:00   ;     0
15.11.1985 07:00:00   ;     0
16.11.1985 07:00:00   ;     0
17.11.1985 07:00:00   ;     0
18.11.1985 07:00:00   ;     0
19.11.1985 07:00:00   ;     0
20.11.1985 07:00:00   ;     3
21.11.1985 07:00:00   ;     3
22.11.1985 07:00:00   ;     0
23.11.1985 07:00:00   ;     0
24.11.1985 07:00:00   ;     0
25.11.1985 07:00:00   ;     2
26.11.1985 07:00:00   ;     0
27.11.1985 07:00:00   ;     0
28.11.1985 07:00:00   ;     2
29.11.1985 07:00:00   ;    17
30.11.1985 07:00:00   ;     0
01.12.1985 07:00:00   ;     0
02.12.1985 07:00:00   ;     0
03.12.1985 07:00:00   ;     0
04.12.1985 07:00:00   ;     0
05.12.1985 07:00:00   ;     0
06.12.1985 07:00:00   ;     0
07.12.1985 07:00:00   ;     0
08.12.1985 07:00:00   ;     0
09.12.1985 07:00:00   ;     0
10.12.1985 07:00:00   ;     0
11.12.1985 07:00:00   ;     0
12.12.1985 07:00:00   ;     0
13.12.1985 07:00:00   ;     0
14.12.1985 07:00:00   ;     0
15.12.1985 07:00:00   ;     0
16.12.1985 07:00:00   ;     0
17.12.1985 07:00:00   ;     0
18.12.1985 07:00:00   ;     0
19.12.1985 07:00:00   ;     0
20.12.1985 07:00:00   ;     0
21.12.1985 07:00:00   ;     0
22.12.1985 07:00:00   ;     0
23.12.1985 07:00:00   ;     0
24.12.1985 07:00:00   ;     0
25.12.1985 07:00:00   ;     0
26.12.1985 07:00:00   ;     1
27.12.1985 07:00:00   ;     0
28.12.1985 07:00:00   ;     0
29.12.1985 07:00:00   ;    10
30.12.1985 07:00:00   ;     0
31.12.1985 07:00:00   ;     0
01.01.1986 07:00:00   ;     0
02.01.1986 07:00:00   ;     4
03.01.1986 07:00:00   ;     0
04.01.1986 07:00:00   ;     0
05.01.1986 07:00:00   ;     0
06.01.1986 07:00:00   ;     5
07.01.1986 07:00:00   ;     0
08.01.1986 07:00:00   ;     0
09.01.1986 07:00:00   ;     8
10.01.1986 07:00:00   ;     0
11.01.1986 07:00:00   ;     3
12.01.1986 07:00:00   ;    17
13.01.1986 07:00:00   ;    24
14.01.1986 07:00:00   ;     0
15.01.1986 07:00:00   ;     9
16.01.1986 07:00:00   ;    20
17.01.1986 07:00:00   ;    14
18.01.1986 07:00:00   ;    10
19.01.1986 07:00:00   ;     0
20.01.1986 07:00:00   ;     0
21.01.1986 07:00:00   ;     0
22.01.1986 07:00:00   ;     0
23.01.1986 07:00:00   ;     0
24.01.1986 07:00:00   ;    12
25.01.1986 07:00:00   ;    22
26.01.1986 07:00:00   ;    12
27.01.1986 07:00:00   ;     0
28.01.1986 07:00:00   ;     0
29.01.1986 07:00:00   ;     0
30.01.1986 07:00:00   ;     0
31.01.1986 07:00:00   ;     0
01.02.1986 07:00:00   ;     0
02.02.1986 07:00:00   ;     0
03.02.1986 07:00:00   ;     0
04.02.1986 07:00:00   ;     0
05.02.1986 07:00:00   ;     0
06.02.1986 07:00:00   ;     0
07.02.1986 07:00:00   ;     2
08.02.1986 07:00:00   ;     1
09.02.1986 07:00:00   ;     2
10.02.1986 07:00:00   ;     0
11.02.1986 07:00:00   ;     0
12.02.1986 07:00:00   ;     0
13.02.1986 07:00:00   ;     0
14.02.1986 07:00:00   ;     0
15.02.1986 07:00:00   ;     0
16.02.1986 07:00:00   ;     0
17.02.1986 07:00:00   ;     0
18.02.1986 07:00:00   ;     0
19.02.1986 07:00:00   ;     1
20.02.1986 07:00:00   ;     0
21.02.1986 07:00:00   ;     0
22.02.1986 07:00:00   ;     0
23.02.1986 07:00:00   ;    16
24.02.1986 07:00:00   ;     0
25.02.1986 07:00:00   ;     0
26.02.1986 07:00:00   ;     0
27.02.1986 07:00:00   ;     0
28.02.1986 07:00:00   ;     0
01.03.1986 07:00:00   ;     0
02.03.1986 07:00:00   ;     0
03.03.1986 07:00:00   ;    12
04.03.1986 07:00:00   ;     0
05.03.1986 07:00:00   ;     0
06.03.1986 07:00:00   ;     0
07.03.1986 07:00:00   ;     2
08.03.1986 07:00:00   ;     0
09.03.1986 07:00:00   ;     0
10.03.1986 07:00:00   ;     0
11.03.1986 07:00:00   ;     0
12.03.1986 07:00:00   ;     0
13.03.1986 07:00:00   ;     0
14.03.1986 07:00:00   ;     0
15.03.1986 07:00:00   ;     0
16.03.1986 07:00:00   ;     0
17.03.1986 07:00:00   ;     0
18.03.1986 07:00:00   ;     0
19.03.1986 07:00:00   ;     0
20.03.1986 07:00:00   ;     0
21.03.1986 07:00:00   ;     5
22.03.1986 07:00:00   ;     0
23.03.1986 07:00:00   ;     0
24.03.1986 07:00:00   ;     0
25.03.1986 07:00:00   ;     3
26.03.1986 07:00:00   ;     0
27.03.1986 07:00:00   ;     0
28.03.1986 07:00:00   ;     0
29.03.1986 07:00:00   ;     0
30.03.1986 07:00:00   ;     0
31.03.1986 07:00:00   ;     0
01.04.1986 07:00:00   ;     0
02.04.1986 07:00:00   ;     0
03.04.1986 07:00:00   ;     0
04.04.1986 07:00:00   ;     0
05.04.1986 07:00:00   ;     0
06.04.1986 07:00:00   ;     0
07.04.1986 07:00:00   ;     0
08.04.1986 07:00:00   ;     0
09.04.1986 07:00:00   ;     0
10.04.1986 07:00:00   ;     0
11.04.1986 07:00:00   ;     4
12.04.1986 07:00:00   ;     3
13.04.1986 07:00:00   ;     0
14.04.1986 07:00:00   ;     0
15.04.1986 07:00:00   ;     0
16.04.1986 07:00:00   ;     0
17.04.1986 07:00:00   ;     0
18.04.1986 07:00:00   ;     0
19.04.1986 07:00:00   ;     0
20.04.1986 07:00:00   ;     0
21.04.1986 07:00:00   ;     0
22.04.1986 07:00:00   ;     0
23.04.1986 07:00:00   ;     0
24.04.1986 07:00:00   ;     0
25.04.1986 07:00:00   ;     0
26.04.1986 07:00:00   ;     0
27.04.1986 07:00:00   ;     0
28.04.1986 07:00:00   ;     0
29.04.1986 07:00:00   ;     0
30.04.1986 07:00:00   ;     0
01.05.1986 07:00:00   ;     0
02.05.1986 07:00:00   ;     0
03.05.1986 07:00:00   ;     0
04.05.1986 07:00:00   ;     0
05.05.1986 07:00:00   ;     0
06.05.1986 07:00:00   ;     0
07.05.1986 07:00:00   ;     0
08.05.1986 07:00:00   ;     0
09.05.1986 07:00:00   ;     0
10.05.1986 07:00:00   ;     0
11.05.1986 07:00:00   ;     0
12.05.1986 07:00:00   ;     0
13.05.1986 07:00:00   ;     0
14.05.1986 07:00:00   ;     0
15.05.1986 07:00:00   ;     0
16.05.1986 07:00:00   ;     0
17.05.1986 07:00:00   ;     0
18.05.1986 07:00:00   ;     0
19.05.1986 07:00:00   ;     0
20.05.1986 07:00:00   ;     0
21.05.1986 07:00:00   ;     0
22.05.1986 07:00:00   ;     0
23.05.1986 07:00:00   ;     0
24.05.1986 07:00:00   ;     0
25.05.1986 07:00:00   ;     0
26.05.1986 07:00:00   ;     0
27.05.1986 07:00:00   ;     0
28.05.1986 07:00:00   ;     0
29.05.1986 07:00:00   ;     0
30.05.1986 07:00:00   ;     0
31.05.1986 07:00:00   ;     0
01.06.1986 07:00:00   ;     0
02.06.1986 07:00:00   ;     0
03.06.1986 07:00:00   ;     0
04.06.1986 07:00:00   ;     0
05.06.1986 07:00:00   ;     0
06.06.1986 07:00:00   ;     0
07.06.1986 07:00:00   ;     0
08.06.1986 07:00:00   ;     0
09.06.1986 07:00:00   ;     0
10.06.1986 07:00:00   ;     0
11.06.1986 07:00:00   ;     0
12.06.1986 07:00:00   ;     0
13.06.1986 07:00:00   ;     0
14.06.1986 07:00:00   ;     0
15.06.1986 07:00:00   ;     0
16.06.1986 07:00:00   ;     0
17.06.1986 07:00:00   ;     0
18.06.1986 07:00:00   ;     0
19.06.1986 07:00:00   ;     0
20.06.1986 07:00:00   ;     0
21.06.1986 07:00:00   ;     0
22.06.1986 07:00:00   ;     0
23.06.1986 07:00:00   ;     0
24.06.1986 07:00:00   ;     0
25.06.1986 07:00:00   ;     0
26.06.1986 07:00:00   ;     0
27.06.1986 07:00:00   ;     0
28.06.1986 07:00:00   ;     0
29.06.1986 07:00:00   ;     0
30.06.1986 07:00:00   ;     0
01.07.1986 07:00:00   ;     0
02.07.1986 07:00:00   ;     0
03.07.1986 07:00:00   ;     0
04.07.1986 07:00:00   ;     0
05.07.1986 07:00:00   ;     0
06.07.1986 07:00:00   ;     0
07.07.1986 07:00:00   ;     0
08.07.1986 07:00:00   ;     0
09.07.1986 07:00:00   ;     0
10.07.1986 07:00:00   ;     0
11.07.1986 07:00:00   ;     0
12.07.1986 07:00:00   ;     0
13.07.1986 07:00:00   ;     0
14.07.1986 07:00:00   ;     0
15.07.1986 07:00:00   ;     0
16.07.1986 07:00:00   ;     0
17.07.1986 07:00:00   ;     0
18.07.1986 07:00:00   ;     0
19.07.1986 07:00:00   ;     0
20.07.1986 07:00:00   ;     0
21.07.1986 07:00:00   ;     0
22.07.1986 07:00:00   ;     0
23.07.1986 07:00:00   ;     0
24.07.1986 07:00:00   ;     0
25.07.1986 07:00:00   ;     0
26.07.1986 07:00:00   ;     0
27.07.1986 07:00:00   ;     0
28.07.1986 07:00:00   ;     0
29.07.1986 07:00:00   ;     0
30.07.1986 07:00:00   ;     0
31.07.1986 07:00:00   ;     0
01.08.1986 07:00:00   ;     0
02.08.1986 07:00:00   ;     0
03.08.1986 07:00:00   ;     0
04.08.1986 07:00:00   ;     0
05.08.1986 07:00:00   ;     0
06.08.1986 07:00:00   ;     0
07.08.1986 07:00:00   ;     0
08.08.1986 07:00:00   ;     0
09.08.1986 07:00:00   ;     0
10.08.1986 07:00:00   ;     0
11.08.1986 07:00:00   ;     0
12.08.1986 07:00:00   ;     0
13.08.1986 07:00:00   ;     0
14.08.1986 07:00:00   ;     0
15.08.1986 07:00:00   ;     0
16.08.1986 07:00:00   ;     0
17.08.1986 07:00:00   ;     0
18.08.1986 07:00:00   ;     0
19.08.1986 07:00:00   ;     0
20.08.1986 07:00:00   ;     0
21.08.1986 07:00:00   ;     0
22.08.1986 07:00:00   ;     0
23.08.1986 07:00:00   ;     0
24.08.1986 07:00:00   ;     0
25.08.1986 07:00:00   ;     0
26.08.1986 07:00:00   ;     0
27.08.1986 07:00:00   ;     0
28.08.1986 07:00:00   ;     0
29.08.1986 07:00:00   ;     0
30.08.1986 07:00:00   ;     0
31.08.1986 07:00:00   ;     0
01.09.1986 07:00:00   ;     0
02.09.1986 07:00:00   ;     0
03.09.1986 07:00:00   ;     0
04.09.1986 07:00:00   ;     0
05.09.1986 07:00:00   ;     0
06.09.1986 07:00:00   ;     0
07.09.1986 07:00:00   ;     0
08.09.1986 07:00:00   ;     0
09.09.1986 07:00:00   ;     0
10.09.1986 07:00:00   ;     0
11.09.1986 07:00:00   ;     0
12.09.1986 07:00:00   ;     0
13.09.1986 07:00:00   ;     0
14.09.1986 07:00:00   ;     0
15.09.1986 07:00:00   ;     0
16.09.1986 07:00:00   ;     0
17.09.1986 07:00:00   ;     0
18.09.1986 07:00:00   ;     0
19.09.1986 07:00:00   ;     0
20.09.1986 07:00:00   ;     0
21.09.1986 07:00:00   ;     0
22.09.1986 07:00:00   ;     0
23.09.1986 07:00:00   ;     0
24.09.1986 07:00:00   ;     0
25.09.1986 07:00:00   ;     0
26.09.1986 07:00:00   ;     0
27.09.1986 07:00:00   ;     0
28.09.1986 07:00:00   ;     0
29.09.1986 07:00:00   ;     0
30.09.1986 07:00:00   ;     0
01.10.1986 07:00:00   ;     0
02.10.1986 07:00:00   ;     0
03.10.1986 07:00:00   ;     0
04.10.1986 07:00:00   ;     0
05.10.1986 07:00:00   ;     0
06.10.1986 07:00:00   ;     0
07.10.1986 07:00:00   ;     0
08.10.1986 07:00:00   ;     0
09.10.1986 07:00:00   ;     0
10.10.1986 07:00:00   ;     0
11.10.1986 07:00:00   ;     0
12.10.1986 07:00:00   ;     0
13.10.1986 07:00:00   ;     0
14.10.1986 07:00:00   ;     0
15.10.1986 07:00:00   ;     0
16.10.1986 07:00:00   ;     0
17.10.1986 07:00:00   ;     0
18.10.1986 07:00:00   ;     0
19.10.1986 07:00:00   ;     0
20.10.1986 07:00:00   ;     0
21.10.1986 07:00:00   ;     0
22.10.1986 07:00:00   ;     0
23.10.1986 07:00:00   ;     0
24.10.1986 07:00:00   ;     0
25.10.1986 07:00:00   ;     0
26.10.1986 07:00:00   ;     0
27.10.1986 07:00:00   ;     0
28.10.1986 07:00:00   ;     0
29.10.1986 07:00:00   ;     0
30.10.1986 07:00:00   ;     0
31.10.1986 07:00:00   ;     0
01.11.1986 07:00:00   ;     0
02.11.1986 07:00:00   ;     0
03.11.1986 07:00:00   ;     0
04.11.1986 07:00:00   ;     0
05.11.1986 07:00:00   ;     0
06.11.1986 07:00:00   ;     0
07.11.1986 07:00:00   ;     0
08.11.1986 07:00:00   ;     0
09.11.1986 07:00:00   ;     0
10.11.1986 07:00:00   ;     0
11.11.1986 07:00:00   ;     0
12.11.1986 07:00:00   ;     0
13.11.1986 07:00:00   ;     0
14.11.1986 07:00:00   ;     0
15.11.1986 07:00:00   ;     0
16.11.1986 07:00:00   ;     0
17.11.1986 07:00:00   ;     0
18.11.1986 07:00:00   ;     0
19.11.1986 07:00:00   ;     0
20.11.1986 07:00:00   ;     0
21.11.1986 07:00:00   ;     0
22.11.1986 07:00:00   ;     0
23.11.1986 07:00:00   ;     0
24.11.1986 07:00:00   ;     0
25.11.1986 07:00:00   ;     0
26.11.1986 07:00:00   ;     0
27.11.1986 07:00:00   ;     0
28.11.1986 07:00:00   ;     0
29.11.1986 07:00:00   ;     0
30.11.1986 07:00:00   ;     0
01.12.1986 07:00:00   ;     0
02.12.1986 07:00:00   ;     0
03.12.1986 07:00:00   ;     0
04.12.1986 07:00:00   ;     0
05.12.1986 07:00:00   ;     0
06.12.1986 07:00:00   ;     0
07.12.1986 07:00:00   ;     0
08.12.1986 07:00:00   ;     0
09.12.1986 07:00:00   ;     0
10.12.1986 07:00:00   ;     0
11.12.1986 07:00:00   ;     0
12.12.1986 07:00:00   ;     0
13.12.1986 07:00:00   ;     0
14.12.1986 07:00:00   ;    12
15.12.1986 07:00:00   ;     0
16.12.1986 07:00:00   ;     5
17.12.1986 07:00:00   ;    18
18.12.1986 07:00:00   ;     0
19.12.1986 07:00:00   ;    10
20.12.1986 07:00:00   ;    16
21.12.1986 07:00:00   ;     2
22.12.1986 07:00:00   ;     5
23.12.1986 07:00:00   ;     5
24.12.1986 07:00:00   ;     2
25.12.1986 07:00:00   ;     0
26.12.1986 07:00:00   ;    15
27.12.1986 07:00:00   ;    17
28.12.1986 07:00:00   ;    25
29.12.1986 07:00:00   ;     0
30.12.1986 07:00:00   ;     0
31.12.1986 07:00:00   ;     0
01.01.1987 07:00:00   ;     0
02.01.1987 07:00:00   ;     8
03.01.1987 07:00:00   ;    13
04.01.1987 07:00:00   ;     2
05.01.1987 07:00:00   ;     5
06.01.1987 07:00:00   ;    18
07.01.1987 07:00:00   ;     0
08.01.1987 07:00:00   ;     0
09.01.1987 07:00:00   ;     0
10.01.1987 07:00:00   ;    10
11.01.1987 07:00:00   ;     7
12.01.1987 07:00:00   ;     0
13.01.1987 07:00:00   ;     0
14.01.1987 07:00:00   ;     0
15.01.1987 07:00:00   ;     0
16.01.1987 07:00:00   ;     0
17.01.1987 07:00:00   ;     0
18.01.1987 07:00:00   ;     0
19.01.1987 07:00:00   ;     0
20.01.1987 07:00:00   ;     0
21.01.1987 07:00:00   ;     0
22.01.1987 07:00:00   ;     0
23.01.1987 07:00:00   ;     5
24.01.1987 07:00:00   ;     0
25.01.1987 07:00:00   ;     0
26.01.1987 07:00:00   ;     7
27.01.1987 07:00:00   ;     0
28.01.1987 07:00:00   ;     2
29.01.1987 07:00:00   ;     0
30.01.1987 07:00:00   ;     0
31.01.1987 07:00:00   ;     0
01.02.1987 07:00:00   ;     0
02.02.1987 07:00:00   ;     0
03.02.1987 07:00:00   ;     0
04.02.1987 07:00:00   ;     0
05.02.1987 07:00:00   ;     0
06.02.1987 07:00:00   ;     0
07.02.1987 07:00:00   ;     0
08.02.1987 07:00:00   ;     0
09.02.1987 07:00:00   ;     0
10.02.1987 07:00:00   ;     0
11.02.1987 07:00:00   ;     0
12.02.1987 07:00:00   ;     0
13.02.1987 07:00:00   ;     0
14.02.1987 07:00:00   ;     3
15.02.1987 07:00:00   ;     1
16.02.1987 07:00:00   ;     0
17.02.1987 07:00:00   ;     0
18.02.1987 07:00:00   ;     0
19.02.1987 07:00:00   ;     0
20.02.1987 07:00:00   ;     2
21.02.1987 07:00:00   ;     0
22.02.1987 07:00:00   ;     0
23.02.1987 07:00:00   ;     0
24.02.1987 07:00:00   ;     0
25.02.1987 07:00:00   ;     0
26.02.1987 07:00:00   ;     1
27.02.1987 07:00:00   ;     0
28.02.1987 07:00:00   ;     0
01.03.1987 07:00:00   ;     0
02.03.1987 07:00:00   ;     0
03.03.1987 07:00:00   ;     0
04.03.1987 07:00:00   ;     2
05.03.1987 07:00:00   ;     0
06.03.1987 07:00:00   ;     0
07.03.1987 07:00:00   ;     0
08.03.1987 07:00:00   ;     0
09.03.1987 07:00:00   ;     0
10.03.1987 07:00:00   ;     0
11.03.1987 07:00:00   ;     0
12.03.1987 07:00:00   ;     0
13.03.1987 07:00:00   ;     0
14.03.1987 07:00:00   ;     0
15.03.1987 07:00:00   ;     1
16.03.1987 07:00:00   ;     3
17.03.1987 07:00:00   ;     6
18.03.1987 07:00:00   ;     6
19.03.1987 07:00:00   ;     7
20.03.1987 07:00:00   ;     5
21.03.1987 07:00:00   ;     0
22.03.1987 07:00:00   ;     0
23.03.1987 07:00:00   ;     0
24.03.1987 07:00:00   ;     0
25.03.1987 07:00:00   ;     0
26.03.1987 07:00:00   ;     0
27.03.1987 07:00:00   ;     0
28.03.1987 07:00:00   ;     0
29.03.1987 07:00:00   ;     0
30.03.1987 07:00:00   ;     5
31.03.1987 07:00:00   ;     2
01.04.1987 07:00:00   ;     0
02.04.1987 07:00:00   ;     0
03.04.1987 07:00:00   ;     0
04.04.1987 07:00:00   ;     0
05.04.1987 07:00:00   ;     0
06.04.1987 07:00:00   ;     0
07.04.1987 07:00:00   ;     0
08.04.1987 07:00:00   ;     0
09.04.1987 07:00:00   ;     0
10.04.1987 07:00:00   ;     0
11.04.1987 07:00:00   ;     0
12.04.1987 07:00:00   ;     0
13.04.1987 07:00:00   ;     0
14.04.1987 07:00:00   ;     0
15.04.1987 07:00:00   ;     0
16.04.1987 07:00:00   ;     0
17.04.1987 07:00:00   ;     0
18.04.1987 07:00:00   ;     0
19.04.1987 07:00:00   ;     0
20.04.1987 07:00:00   ;     0
21.04.1987 07:00:00   ;     0
22.04.1987 07:00:00   ;     0
23.04.1987 07:00:00   ;     0
24.04.1987 07:00:00   ;     0
25.04.1987 07:00:00   ;     0
26.04.1987 07:00:00   ;     0
27.04.1987 07:00:00   ;     0
28.04.1987 07:00:00   ;     0
29.04.1987 07:00:00   ;     0
30.04.1987 07:00:00   ;     0
01.05.1987 07:00:00   ;     0
02.05.1987 07:00:00   ;     0
03.05.1987 07:00:00   ;     0
04.05.1987 07:00:00   ;     0
05.05.1987 07:00:00   ;     0
06.05.1987 07:00:00   ;     0
07.05.1987 07:00:00   ;     0
08.05.1987 07:00:00   ;     0
09.05.1987 07:00:00   ;     0
10.05.1987 07:00:00   ;     0
11.05.1987 07:00:00   ;     0
12.05.1987 07:00:00   ;     0
13.05.1987 07:00:00   ;     0
14.05.1987 07:00:00   ;     0
15.05.1987 07:00:00   ;     0
16.05.1987 07:00:00   ;     0
17.05.1987 07:00:00   ;     0
18.05.1987 07:00:00   ;     0
19.05.1987 07:00:00   ;     0
20.05.1987 07:00:00   ;     0
21.05.1987 07:00:00   ;     0
22.05.1987 07:00:00   ;     0
23.05.1987 07:00:00   ;     0
24.05.1987 07:00:00   ;     0
25.05.1987 07:00:00   ;     0
26.05.1987 07:00:00   ;     0
27.05.1987 07:00:00   ;     0
28.05.1987 07:00:00   ;     0
29.05.1987 07:00:00   ;     0
30.05.1987 07:00:00   ;     0
31.05.1987 07:00:00   ;     0
01.06.1987 07:00:00   ;     0
02.06.1987 07:00:00   ;     0
03.06.1987 07:00:00   ;     0
04.06.1987 07:00:00   ;     0
05.06.1987 07:00:00   ;     0
06.06.1987 07:00:00   ;     0
07.06.1987 07:00:00   ;     0
08.06.1987 07:00:00   ;     0
09.06.1987 07:00:00   ;     0
10.06.1987 07:00:00   ;     0
11.06.1987 07:00:00   ;     0
12.06.1987 07:00:00   ;     0
13.06.1987 07:00:00   ;     0
14.06.1987 07:00:00   ;     0
15.06.1987 07:00:00   ;     0
16.06.1987 07:00:00   ;     0
17.06.1987 07:00:00   ;     0
18.06.1987 07:00:00   ;     0
19.06.1987 07:00:00   ;     0
20.06.1987 07:00:00   ;     0
21.06.1987 07:00:00   ;     0
22.06.1987 07:00:00   ;     0
23.06.1987 07:00:00   ;     0
24.06.1987 07:00:00   ;     0
25.06.1987 07:00:00   ;     0
26.06.1987 07:00:00   ;     0
27.06.1987 07:00:00   ;     0
28.06.1987 07:00:00   ;     0
29.06.1987 07:00:00   ;     0
30.06.1987 07:00:00   ;     0
01.07.1987 07:00:00   ;     0
02.07.1987 07:00:00   ;     0
03.07.1987 07:00:00   ;     0
04.07.1987 07:00:00   ;     0
05.07.1987 07:00:00   ;     0
06.07.1987 07:00:00   ;     0
07.07.1987 07:00:00   ;     0
08.07.1987 07:00:00   ;     0
09.07.1987 07:00:00   ;     0
10.07.1987 07:00:00   ;     0
11.07.1987 07:00:00   ;     0
12.07.1987 07:00:00   ;     0
13.07.1987 07:00:00   ;     0
14.07.1987 07:00:00   ;     0
15.07.1987 07:00:00   ;     0
16.07.1987 07:00:00   ;     0
17.07.1987 07:00:00   ;     0
18.07.1987 07:00:00   ;     0
19.07.1987 07:00:00   ;     0
20.07.1987 07:00:00   ;     0
21.07.1987 07:00:00   ;     0
22.07.1987 07:00:00   ;     0
23.07.1987 07:00:00   ;     0
24.07.1987 07:00:00   ;     0
25.07.1987 07:00:00   ;     0
26.07.1987 07:00:00   ;     0
27.07.1987 07:00:00   ;     0
28.07.1987 07:00:00   ;     0
29.07.1987 07:00:00   ;     0
30.07.1987 07:00:00   ;     0
31.07.1987 07:00:00   ;     0
01.08.1987 07:00:00   ;     0
02.08.1987 07:00:00   ;     0
03.08.1987 07:00:00   ;     0
04.08.1987 07:00:00   ;     0
05.08.1987 07:00:00   ;     0
06.08.1987 07:00:00   ;     0
07.08.1987 07:00:00   ;     0
08.08.1987 07:00:00   ;     0
09.08.1987 07:00:00   ;     0
10.08.1987 07:00:00   ;     0
11.08.1987 07:00:00   ;     0
12.08.1987 07:00:00   ;     0
13.08.1987 07:00:00   ;     0
14.08.1987 07:00:00   ;     0
15.08.1987 07:00:00   ;     0
16.08.1987 07:00:00   ;     0
17.08.1987 07:00:00   ;     0
18.08.1987 07:00:00   ;     0
19.08.1987 07:00:00   ;     0
20.08.1987 07:00:00   ;     0
21.08.1987 07:00:00   ;     0
22.08.1987 07:00:00   ;     0
23.08.1987 07:00:00   ;     0
24.08.1987 07:00:00   ;     0
25.08.1987 07:00:00   ;     0
26.08.1987 07:00:00   ;     0
27.08.1987 07:00:00   ;     0
28.08.1987 07:00:00   ;     0
29.08.1987 07:00:00   ;     0
30.08.1987 07:00:00   ;     0
31.08.1987 07:00:00   ;     0
01.09.1987 07:00:00   ;     0
02.09.1987 07:00:00   ;     0
03.09.1987 07:00:00   ;     0
04.09.1987 07:00:00   ;     0
05.09.1987 07:00:00   ;     0
06.09.1987 07:00:00   ;     0
07.09.1987 07:00:00   ;     0
08.09.1987 07:00:00   ;     0
09.09.1987 07:00:00   ;     0
10.09.1987 07:00:00   ;     0
11.09.1987 07:00:00   ;     0
12.09.1987 07:00:00   ;     0
13.09.1987 07:00:00   ;     0
14.09.1987 07:00:00   ;     0
15.09.1987 07:00:00   ;     0
16.09.1987 07:00:00   ;     0
17.09.1987 07:00:00   ;     0
18.09.1987 07:00:00   ;     0
19.09.1987 07:00:00   ;     0
20.09.1987 07:00:00   ;     0
21.09.1987 07:00:00   ;     0
22.09.1987 07:00:00   ;     0
23.09.1987 07:00:00   ;     0
24.09.1987 07:00:00   ;     0
25.09.1987 07:00:00   ;     0
26.09.1987 07:00:00   ;     0
27.09.1987 07:00:00   ;     0
28.09.1987 07:00:00   ;     0
29.09.1987 07:00:00   ;     0
30.09.1987 07:00:00   ;     0
01.10.1987 07:00:00   ;     0
02.10.1987 07:00:00   ;     0
03.10.1987 07:00:00   ;     0
04.10.1987 07:00:00   ;     0
05.10.1987 07:00:00   ;     0
06.10.1987 07:00:00   ;     0
07.10.1987 07:00:00   ;     0
08.10.1987 07:00:00   ;     0
09.10.1987 07:00:00   ;     0
10.10.1987 07:00:00   ;     0
11.10.1987 07:00:00   ;     0
12.10.1987 07:00:00   ;     0
13.10.1987 07:00:00   ;     0
14.10.1987 07:00:00   ;     0
15.10.1987 07:00:00   ;     0
16.10.1987 07:00:00   ;     0
17.10.1987 07:00:00   ;     0
18.10.1987 07:00:00   ;     0
19.10.1987 07:00:00   ;     0
20.10.1987 07:00:00   ;     0
21.10.1987 07:00:00   ;     0
22.10.1987 07:00:00   ;     0
23.10.1987 07:00:00   ;     0
24.10.1987 07:00:00   ;     0
25.10.1987 07:00:00   ;     0
26.10.1987 07:00:00   ;     0
27.10.1987 07:00:00   ;     0
28.10.1987 07:00:00   ;     0
29.10.1987 07:00:00   ;     0
30.10.1987 07:00:00   ;     0
31.10.1987 07:00:00   ;     0
01.11.1987 07:00:00   ;     0
02.11.1987 07:00:00   ;     0
03.11.1987 07:00:00   ;     0
04.11.1987 07:00:00   ;     0
05.11.1987 07:00:00   ;     0
06.11.1987 07:00:00   ;     0
07.11.1987 07:00:00   ;     0
08.11.1987 07:00:00   ;     0
09.11.1987 07:00:00   ;     0
10.11.1987 07:00:00   ;     0
11.11.1987 07:00:00   ;     0
12.11.1987 07:00:00   ;     0
13.11.1987 07:00:00   ;     0
14.11.1987 07:00:00   ;     0
15.11.1987 07:00:00   ;     0
16.11.1987 07:00:00   ;     0
17.11.1987 07:00:00   ;     0
18.11.1987 07:00:00   ;     0
19.11.1987 07:00:00   ;     0
20.11.1987 07:00:00   ;     7
21.11.1987 07:00:00   ;     3
22.11.1987 07:00:00   ;     0
23.11.1987 07:00:00   ;     0
24.11.1987 07:00:00   ;     0
25.11.1987 07:00:00   ;     0
26.11.1987 07:00:00   ;     0
27.11.1987 07:00:00   ;     8
28.11.1987 07:00:00   ;     0
29.11.1987 07:00:00   ;     0
30.11.1987 07:00:00   ;     0
01.12.1987 07:00:00   ;     0
02.12.1987 07:00:00   ;     0
03.12.1987 07:00:00   ;     0
04.12.1987 07:00:00   ;     0
05.12.1987 07:00:00   ;     0
06.12.1987 07:00:00   ;     0
07.12.1987 07:00:00   ;     5
08.12.1987 07:00:00   ;     2
09.12.1987 07:00:00   ;     0
10.12.1987 07:00:00   ;     0
11.12.1987 07:00:00   ;     0
12.12.1987 07:00:00   ;     0
13.12.1987 07:00:00   ;     0
14.12.1987 07:00:00   ;     0
15.12.1987 07:00:00   ;     0
16.12.1987 07:00:00   ;     0
17.12.1987 07:00:00   ;     0
18.12.1987 07:00:00   ;     0
19.12.1987 07:00:00   ;     0
20.12.1987 07:00:00   ;     0
21.12.1987 07:00:00   ;     0
22.12.1987 07:00:00   ;     0
23.12.1987 07:00:00   ;     0
24.12.1987 07:00:00   ;     0
25.12.1987 07:00:00   ;     0
26.12.1987 07:00:00   ;     0
27.12.1987 07:00:00   ;     0
28.12.1987 07:00:00   ;     0
29.12.1987 07:00:00   ;     0
30.12.1987 07:00:00   ;     0
31.12.1987 07:00:00   ;     0
01.01.1988 07:00:00   ;     0
02.01.1988 07:00:00   ;     0
03.01.1988 07:00:00   ;     0
04.01.1988 07:00:00   ;     0
05.01.1988 07:00:00   ;     0
06.01.1988 07:00:00   ;     0
07.01.1988 07:00:00   ;     0
08.01.1988 07:00:00   ;     0
09.01.1988 07:00:00   ;     0
10.01.1988 07:00:00   ;     0
11.01.1988 07:00:00   ;     0
12.01.1988 07:00:00   ;     0
13.01.1988 07:00:00   ;     0
14.01.1988 07:00:00   ;     0
15.01.1988 07:00:00   ;     0
16.01.1988 07:00:00   ;     0
17.01.1988 07:00:00   ;     0
18.01.1988 07:00:00   ;     0
19.01.1988 07:00:00   ;     0
20.01.1988 07:00:00   ;     0
21.01.1988 07:00:00   ;     7
22.01.1988 07:00:00   ;     3
23.01.1988 07:00:00   ;     3
24.01.1988 07:00:00   ;     0
25.01.1988 07:00:00   ;     0
26.01.1988 07:00:00   ;     0
27.01.1988 07:00:00   ;     0
28.01.1988 07:00:00   ;     0
29.01.1988 07:00:00   ;     0
30.01.1988 07:00:00   ;     0
31.01.1988 07:00:00   ;     0
01.02.1988 07:00:00   ;     0
02.02.1988 07:00:00   ;     0
03.02.1988 07:00:00   ;     0
04.02.1988 07:00:00   ;     0
05.02.1988 07:00:00   ;     0
06.02.1988 07:00:00   ;     0
07.02.1988 07:00:00   ;    12
08.02.1988 07:00:00   ;     0
09.02.1988 07:00:00   ;     7
10.02.1988 07:00:00   ;     0
11.02.1988 07:00:00   ;     0
12.02.1988 07:00:00   ;    10
13.02.1988 07:00:00   ;     0
14.02.1988 07:00:00   ;     0
15.02.1988 07:00:00   ;     0
16.02.1988 07:00:00   ;     0
17.02.1988 07:00:00   ;     0
18.02.1988 07:00:00   ;    10
19.02.1988 07:00:00   ;    15
20.02.1988 07:00:00   ;    15
21.02.1988 07:00:00   ;     0
22.02.1988 07:00:00   ;     0
23.02.1988 07:00:00   ;     0
24.02.1988 07:00:00   ;     4
25.02.1988 07:00:00   ;     2
26.02.1988 07:00:00   ;     5
27.02.1988 07:00:00   ;    10
28.02.1988 07:00:00   ;     6
29.02.1988 07:00:00   ;     5
01.03.1988 07:00:00   ;    13
02.03.1988 07:00:00   ;     0
03.03.1988 07:00:00   ;     0
04.03.1988 07:00:00   ;     0
05.03.1988 07:00:00   ;     0
06.03.1988 07:00:00   ;     0
07.03.1988 07:00:00   ;    13
08.03.1988 07:00:00   ;    15
09.03.1988 07:00:00   ;     0
10.03.1988 07:00:00   ;     2
11.03.1988 07:00:00   ;    20
12.03.1988 07:00:00   ;    15
13.03.1988 07:00:00   ;     0
14.03.1988 07:00:00   ;     0
15.03.1988 07:00:00   ;     0
16.03.1988 07:00:00   ;     0
17.03.1988 07:00:00   ;     0
18.03.1988 07:00:00   ;     1
19.03.1988 07:00:00   ;     0
20.03.1988 07:00:00   ;     0
21.03.1988 07:00:00   ;     0
22.03.1988 07:00:00   ;     0
23.03.1988 07:00:00   ;     0
24.03.1988 07:00:00   ;     0
25.03.1988 07:00:00   ;     0
26.03.1988 07:00:00   ;     0
27.03.1988 07:00:00   ;     0
28.03.1988 07:00:00   ;     0
29.03.1988 07:00:00   ;     0
30.03.1988 07:00:00   ;     0
31.03.1988 07:00:00   ;     0
01.04.1988 07:00:00   ;     0
02.04.1988 07:00:00   ;     0
03.04.1988 07:00:00   ;     0
04.04.1988 07:00:00   ;     0
05.04.1988 07:00:00   ;     0
06.04.1988 07:00:00   ;     0
07.04.1988 07:00:00   ;     0
08.04.1988 07:00:00   ;     0
09.04.1988 07:00:00   ;     0
10.04.1988 07:00:00   ;     0
11.04.1988 07:00:00   ;     0
12.04.1988 07:00:00   ;     0
13.04.1988 07:00:00   ;     0
14.04.1988 07:00:00   ;     0
15.04.1988 07:00:00   ;     0
16.04.1988 07:00:00   ;     0
17.04.1988 07:00:00   ;     0
18.04.1988 07:00:00   ;     0
19.04.1988 07:00:00   ;     0
20.04.1988 07:00:00   ;     0
21.04.1988 07:00:00   ;     0
22.04.1988 07:00:00   ;     0
23.04.1988 07:00:00   ;     0
24.04.1988 07:00:00   ;     0
25.04.1988 07:00:00   ;     0
26.04.1988 07:00:00   ;     0
27.04.1988 07:00:00   ;     0
28.04.1988 07:00:00   ;     0
29.04.1988 07:00:00   ;     0
30.04.1988 07:00:00   ;     0
01.05.1988 07:00:00   ;     0
02.05.1988 07:00:00   ;     0
03.05.1988 07:00:00   ;     0
04.05.1988 07:00:00   ;     0
05.05.1988 07:00:00   ;     0
06.05.1988 07:00:00   ;     0
07.05.1988 07:00:00   ;     0
08.05.1988 07:00:00   ;     0
09.05.1988 07:00:00   ;     0
10.05.1988 07:00:00   ;     0
11.05.1988 07:00:00   ;     0
12.05.1988 07:00:00   ;     0
13.05.1988 07:00:00   ;     0
14.05.1988 07:00:00   ;     0
15.05.1988 07:00:00   ;     0
16.05.1988 07:00:00   ;     0
17.05.1988 07:00:00   ;     0
18.05.1988 07:00:00   ;     0
19.05.1988 07:00:00   ;     0
20.05.1988 07:00:00   ;     0
21.05.1988 07:00:00   ;     0
22.05.1988 07:00:00   ;     0
23.05.1988 07:00:00   ;     0
24.05.1988 07:00:00   ;     0
25.05.1988 07:00:00   ;     0
26.05.1988 07:00:00   ;     0
27.05.1988 07:00:00   ;     0
28.05.1988 07:00:00   ;     0
29.05.1988 07:00:00   ;     0
30.05.1988 07:00:00   ;     0
31.05.1988 07:00:00   ;     0
01.06.1988 07:00:00   ;     0
02.06.1988 07:00:00   ;     0
03.06.1988 07:00:00   ;     0
04.06.1988 07:00:00   ;     0
05.06.1988 07:00:00   ;     0
06.06.1988 07:00:00   ;     0
07.06.1988 07:00:00   ;     0
08.06.1988 07:00:00   ;     0
09.06.1988 07:00:00   ;     0
10.06.1988 07:00:00   ;     0
11.06.1988 07:00:00   ;     0
12.06.1988 07:00:00   ;     0
13.06.1988 07:00:00   ;     0
14.06.1988 07:00:00   ;     0
15.06.1988 07:00:00   ;     0
16.06.1988 07:00:00   ;     0
17.06.1988 07:00:00   ;     0
18.06.1988 07:00:00   ;     0
19.06.1988 07:00:00   ;     0
20.06.1988 07:00:00   ;     0
21.06.1988 07:00:00   ;     0
22.06.1988 07:00:00   ;     0
23.06.1988 07:00:00   ;     0
24.06.1988 07:00:00   ;     0
25.06.1988 07:00:00   ;     0
26.06.1988 07:00:00   ;     0
27.06.1988 07:00:00   ;     0
28.06.1988 07:00:00   ;     0
29.06.1988 07:00:00   ;     0
30.06.1988 07:00:00   ;     0
01.07.1988 07:00:00   ;     0
02.07.1988 07:00:00   ;     0
03.07.1988 07:00:00   ;     0
04.07.1988 07:00:00   ;     0
05.07.1988 07:00:00   ;     0
06.07.1988 07:00:00   ;     0
07.07.1988 07:00:00   ;     0
08.07.1988 07:00:00   ;     0
09.07.1988 07:00:00   ;     0
10.07.1988 07:00:00   ;     0
11.07.1988 07:00:00   ;     0
12.07.1988 07:00:00   ;     0
13.07.1988 07:00:00   ;     0
14.07.1988 07:00:00   ;     0
15.07.1988 07:00:00   ;     0
16.07.1988 07:00:00   ;     0
17.07.1988 07:00:00   ;     0
18.07.1988 07:00:00   ;     0
19.07.1988 07:00:00   ;     0
20.07.1988 07:00:00   ;     0
21.07.1988 07:00:00   ;     0
22.07.1988 07:00:00   ;     0
23.07.1988 07:00:00   ;     0
24.07.1988 07:00:00   ;     0
25.07.1988 07:00:00   ;     0
26.07.1988 07:00:00   ;     0
27.07.1988 07:00:00   ;     0
28.07.1988 07:00:00   ;     0
29.07.1988 07:00:00   ;     0
30.07.1988 07:00:00   ;     0
31.07.1988 07:00:00   ;     0
01.08.1988 07:00:00   ;     0
02.08.1988 07:00:00   ;     0
03.08.1988 07:00:00   ;     0
04.08.1988 07:00:00   ;     0
05.08.1988 07:00:00   ;     0
06.08.1988 07:00:00   ;     0
07.08.1988 07:00:00   ;     0
08.08.1988 07:00:00   ;     0
09.08.1988 07:00:00   ;     0
10.08.1988 07:00:00   ;     0
11.08.1988 07:00:00   ;     0
12.08.1988 07:00:00   ;     0
13.08.1988 07:00:00   ;     0
14.08.1988 07:00:00   ;     0
15.08.1988 07:00:00   ;     0
16.08.1988 07:00:00   ;     0
17.08.1988 07:00:00   ;     0
18.08.1988 07:00:00   ;     0
19.08.1988 07:00:00   ;     0
20.08.1988 07:00:00   ;     0
21.08.1988 07:00:00   ;     0
22.08.1988 07:00:00   ;     0
23.08.1988 07:00:00   ;     0
24.08.1988 07:00:00   ;     0
25.08.1988 07:00:00   ;     0
26.08.1988 07:00:00   ;     0
27.08.1988 07:00:00   ;     0
28.08.1988 07:00:00   ;     0
29.08.1988 07:00:00   ;     0
30.08.1988 07:00:00   ;     0
31.08.1988 07:00:00   ;     0
01.09.1988 07:00:00   ;     0
02.09.1988 07:00:00   ;     0
03.09.1988 07:00:00   ;     0
04.09.1988 07:00:00   ;     0
05.09.1988 07:00:00   ;     0
06.09.1988 07:00:00   ;     0
07.09.1988 07:00:00   ;     0
08.09.1988 07:00:00   ;     0
09.09.1988 07:00:00   ;     0
10.09.1988 07:00:00   ;     0
11.09.1988 07:00:00   ;     0
12.09.1988 07:00:00   ;     0
13.09.1988 07:00:00   ;     0
14.09.1988 07:00:00   ;     0
15.09.1988 07:00:00   ;     0
16.09.1988 07:00:00   ;     0
17.09.1988 07:00:00   ;     0
18.09.1988 07:00:00   ;     0
19.09.1988 07:00:00   ;     0
20.09.1988 07:00:00   ;     0
21.09.1988 07:00:00   ;     0
22.09.1988 07:00:00   ;     0
23.09.1988 07:00:00   ;     0
24.09.1988 07:00:00   ;     0
25.09.1988 07:00:00   ;     0
26.09.1988 07:00:00   ;     0
27.09.1988 07:00:00   ;     0
28.09.1988 07:00:00   ;     0
29.09.1988 07:00:00   ;     0
30.09.1988 07:00:00   ;     0
01.10.1988 07:00:00   ;     0
02.10.1988 07:00:00   ;     0
03.10.1988 07:00:00   ;     0
04.10.1988 07:00:00   ;     0
05.10.1988 07:00:00   ;     0
06.10.1988 07:00:00   ;     0
07.10.1988 07:00:00   ;     0
08.10.1988 07:00:00   ;     0
09.10.1988 07:00:00   ;     0
10.10.1988 07:00:00   ;     0
11.10.1988 07:00:00   ;     0
12.10.1988 07:00:00   ;     0
13.10.1988 07:00:00   ;     0
14.10.1988 07:00:00   ;     0
15.10.1988 07:00:00   ;     0
16.10.1988 07:00:00   ;     0
17.10.1988 07:00:00   ;     0
18.10.1988 07:00:00   ;     0
19.10.1988 07:00:00   ;     0
20.10.1988 07:00:00   ;     0
21.10.1988 07:00:00   ;     0
22.10.1988 07:00:00   ;     0
23.10.1988 07:00:00   ;     0
24.10.1988 07:00:00   ;     0
25.10.1988 07:00:00   ;     0
26.10.1988 07:00:00   ;     0
27.10.1988 07:00:00   ;     0
28.10.1988 07:00:00   ;     0
29.10.1988 07:00:00   ;     0
30.10.1988 07:00:00   ;     0
31.10.1988 07:00:00   ;     0
01.11.1988 07:00:00   ;     0
02.11.1988 07:00:00   ;     0
03.11.1988 07:00:00   ;     0
04.11.1988 07:00:00   ;     0
05.11.1988 07:00:00   ;     0
06.11.1988 07:00:00   ;     0
07.11.1988 07:00:00   ;     0
08.11.1988 07:00:00   ;     0
09.11.1988 07:00:00   ;     0
10.11.1988 07:00:00   ;     0
11.11.1988 07:00:00   ;     0
12.11.1988 07:00:00   ;     0
13.11.1988 07:00:00   ;     0
14.11.1988 07:00:00   ;     0
15.11.1988 07:00:00   ;     0
16.11.1988 07:00:00   ;     0
17.11.1988 07:00:00   ;     0
18.11.1988 07:00:00   ;     0
19.11.1988 07:00:00   ;     1
20.11.1988 07:00:00   ;     0
21.11.1988 07:00:00   ;     5
22.11.1988 07:00:00   ;     0
23.11.1988 07:00:00   ;     0
24.11.1988 07:00:00   ;     0
25.11.1988 07:00:00   ;     0
26.11.1988 07:00:00   ;     0
27.11.1988 07:00:00   ;     0
28.11.1988 07:00:00   ;     0
29.11.1988 07:00:00   ;     0
30.11.1988 07:00:00   ;     0
01.12.1988 07:00:00   ;     0
02.12.1988 07:00:00   ;    15
03.12.1988 07:00:00   ;     0
04.12.1988 07:00:00   ;     0
05.12.1988 07:00:00   ;     2
06.12.1988 07:00:00   ;     0
07.12.1988 07:00:00   ;    20
08.12.1988 07:00:00   ;    10
09.12.1988 07:00:00   ;     5
10.12.1988 07:00:00   ;     5
11.12.1988 07:00:00   ;     0
12.12.1988 07:00:00   ;     0
13.12.1988 07:00:00   ;     0
14.12.1988 07:00:00   ;    10
15.12.1988 07:00:00   ;     5
16.12.1988 07:00:00   ;     0
17.12.1988 07:00:00   ;     2
18.12.1988 07:00:00   ;     5
19.12.1988 07:00:00   ;     6
20.12.1988 07:00:00   ;     7
21.12.1988 07:00:00   ;     0
22.12.1988 07:00:00   ;     0
23.12.1988 07:00:00   ;     0
24.12.1988 07:00:00   ;     0
25.12.1988 07:00:00   ;     0
26.12.1988 07:00:00   ;     0
27.12.1988 07:00:00   ;     0
28.12.1988 07:00:00   ;     0
29.12.1988 07:00:00   ;     0
30.12.1988 07:00:00   ;     0
31.12.1988 07:00:00   ;     0
01.01.1989 07:00:00   ;     0
02.01.1989 07:00:00   ;     0
03.01.1989 07:00:00   ;     0
04.01.1989 07:00:00   ;     0
05.01.1989 07:00:00   ;     0
06.01.1989 07:00:00   ;     0
07.01.1989 07:00:00   ;     0
08.01.1989 07:00:00   ;     1
09.01.1989 07:00:00   ;     0
10.01.1989 07:00:00   ;     0
11.01.1989 07:00:00   ;     0
12.01.1989 07:00:00   ;     0
13.01.1989 07:00:00   ;     0
14.01.1989 07:00:00   ;     0
15.01.1989 07:00:00   ;     0
16.01.1989 07:00:00   ;     0
17.01.1989 07:00:00   ;     0
18.01.1989 07:00:00   ;     0
19.01.1989 07:00:00   ;     0
20.01.1989 07:00:00   ;     0
21.01.1989 07:00:00   ;     0
22.01.1989 07:00:00   ;     1
23.01.1989 07:00:00   ;     0
24.01.1989 07:00:00   ;     0
25.01.1989 07:00:00   ;     0
26.01.1989 07:00:00   ;     0
27.01.1989 07:00:00   ;     0
28.01.1989 07:00:00   ;     0
29.01.1989 07:00:00   ;     0
30.01.1989 07:00:00   ;     0
31.01.1989 07:00:00   ;     0
01.02.1989 07:00:00   ;     0
02.02.1989 07:00:00   ;     0
03.02.1989 07:00:00   ;     0
04.02.1989 07:00:00   ;     0
05.02.1989 07:00:00   ;     0
06.02.1989 07:00:00   ;     0
07.02.1989 07:00:00   ;     0
08.02.1989 07:00:00   ;     0
09.02.1989 07:00:00   ;     0
10.02.1989 07:00:00   ;     0
11.02.1989 07:00:00   ;     0
12.02.1989 07:00:00   ;     0
13.02.1989 07:00:00   ;     2
14.02.1989 07:00:00   ;    18
15.02.1989 07:00:00   ;     0
16.02.1989 07:00:00   ;     0
17.02.1989 07:00:00   ;     0
18.02.1989 07:00:00   ;     0
19.02.1989 07:00:00   ;     0
20.02.1989 07:00:00   ;     0
21.02.1989 07:00:00   ;     0
22.02.1989 07:00:00   ;     0
23.02.1989 07:00:00   ;     0
24.02.1989 07:00:00   ;     0
25.02.1989 07:00:00   ;     0
26.02.1989 07:00:00   ;     0
27.02.1989 07:00:00   ;     0
28.02.1989 07:00:00   ;     0
01.03.1989 07:00:00   ;     0
02.03.1989 07:00:00   ;     0
03.03.1989 07:00:00   ;     0
04.03.1989 07:00:00   ;     0
05.03.1989 07:00:00   ;     0
06.03.1989 07:00:00   ;     0
07.03.1989 07:00:00   ;     0
08.03.1989 07:00:00   ;     0
09.03.1989 07:00:00   ;     0
10.03.1989 07:00:00   ;     0
11.03.1989 07:00:00   ;     0
12.03.1989 07:00:00   ;     0
13.03.1989 07:00:00   ;     0
14.03.1989 07:00:00   ;     0
15.03.1989 07:00:00   ;     0
16.03.1989 07:00:00   ;     0
17.03.1989 07:00:00   ;     0
18.03.1989 07:00:00   ;     0
19.03.1989 07:00:00   ;     0
20.03.1989 07:00:00   ;     0
21.03.1989 07:00:00   ;     0
22.03.1989 07:00:00   ;     0
23.03.1989 07:00:00   ;     0
24.03.1989 07:00:00   ;     0
25.03.1989 07:00:00   ;     0
26.03.1989 07:00:00   ;     0
27.03.1989 07:00:00   ;     0
28.03.1989 07:00:00   ;     0
29.03.1989 07:00:00   ;     0
30.03.1989 07:00:00   ;     0
31.03.1989 07:00:00   ;     0
01.04.1989 07:00:00   ;     0
02.04.1989 07:00:00   ;     0
03.04.1989 07:00:00   ;     0
04.04.1989 07:00:00   ;     0
05.04.1989 07:00:00   ;     0
06.04.1989 07:00:00   ;     0
07.04.1989 07:00:00   ;     0
08.04.1989 07:00:00   ;     0
09.04.1989 07:00:00   ;     0
10.04.1989 07:00:00   ;     0
11.04.1989 07:00:00   ;     0
12.04.1989 07:00:00   ;     0
13.04.1989 07:00:00   ;     0
14.04.1989 07:00:00   ;     0
15.04.1989 07:00:00   ;     0
16.04.1989 07:00:00   ;     0
17.04.1989 07:00:00   ;     0
18.04.1989 07:00:00   ;     0
19.04.1989 07:00:00   ;     0
20.04.1989 07:00:00   ;     0
21.04.1989 07:00:00   ;     0
22.04.1989 07:00:00   ;     0
23.04.1989 07:00:00   ;     0
24.04.1989 07:00:00   ;     0
25.04.1989 07:00:00   ;     0
26.04.1989 07:00:00   ;     0
27.04.1989 07:00:00   ;     0
28.04.1989 07:00:00   ;     0
29.04.1989 07:00:00   ;     0
30.04.1989 07:00:00   ;     0
01.05.1989 07:00:00   ;     0
02.05.1989 07:00:00   ;     0
03.05.1989 07:00:00   ;     0
04.05.1989 07:00:00   ;     0
05.05.1989 07:00:00   ;     0
06.05.1989 07:00:00   ;     0
07.05.1989 07:00:00   ;     0
08.05.1989 07:00:00   ;     0
09.05.1989 07:00:00   ;     0
10.05.1989 07:00:00   ;     0
11.05.1989 07:00:00   ;     0
12.05.1989 07:00:00   ;     0
13.05.1989 07:00:00   ;     0
14.05.1989 07:00:00   ;     0
15.05.1989 07:00:00   ;     0
16.05.1989 07:00:00   ;     0
17.05.1989 07:00:00   ;     0
18.05.1989 07:00:00   ;     0
19.05.1989 07:00:00   ;     0
20.05.1989 07:00:00   ;     0
21.05.1989 07:00:00   ;     0
22.05.1989 07:00:00   ;     0
23.05.1989 07:00:00   ;     0
24.05.1989 07:00:00   ;     0
25.05.1989 07:00:00   ;     0
26.05.1989 07:00:00   ;     0
27.05.1989 07:00:00   ;     0
28.05.1989 07:00:00   ;     0
29.05.1989 07:00:00   ;     0
30.05.1989 07:00:00   ;     0
31.05.1989 07:00:00   ;     0
01.06.1989 07:00:00   ;     0
02.06.1989 07:00:00   ;     0
03.06.1989 07:00:00   ;     0
04.06.1989 07:00:00   ;     0
05.06.1989 07:00:00   ;     0
06.06.1989 07:00:00   ;     0
07.06.1989 07:00:00   ;     0
08.06.1989 07:00:00   ;     0
09.06.1989 07:00:00   ;     0
10.06.1989 07:00:00   ;     0
11.06.1989 07:00:00   ;     0
12.06.1989 07:00:00   ;     0
13.06.1989 07:00:00   ;     0
14.06.1989 07:00:00   ;     0
15.06.1989 07:00:00   ;     0
16.06.1989 07:00:00   ;     0
17.06.1989 07:00:00   ;     0
18.06.1989 07:00:00   ;     0
19.06.1989 07:00:00   ;     0
20.06.1989 07:00:00   ;     0
21.06.1989 07:00:00   ;     0
22.06.1989 07:00:00   ;     0
23.06.1989 07:00:00   ;     0
24.06.1989 07:00:00   ;     0
25.06.1989 07:00:00   ;     0
26.06.1989 07:00:00   ;     0
27.06.1989 07:00:00   ;     0
28.06.1989 07:00:00   ;     0
29.06.1989 07:00:00   ;     0
30.06.1989 07:00:00   ;     0
01.07.1989 07:00:00   ;     0
02.07.1989 07:00:00   ;     0
03.07.1989 07:00:00   ;     0
04.07.1989 07:00:00   ;     0
05.07.1989 07:00:00   ;     0
06.07.1989 07:00:00   ;     0
07.07.1989 07:00:00   ;     0
08.07.1989 07:00:00   ;     0
09.07.1989 07:00:00   ;     0
10.07.1989 07:00:00   ;     0
11.07.1989 07:00:00   ;     0
12.07.1989 07:00:00   ;     0
13.07.1989 07:00:00   ;     0
14.07.1989 07:00:00   ;     0
15.07.1989 07:00:00   ;     0
16.07.1989 07:00:00   ;     0
17.07.1989 07:00:00   ;     0
18.07.1989 07:00:00   ;     0
19.07.1989 07:00:00   ;     0
20.07.1989 07:00:00   ;     0
21.07.1989 07:00:00   ;     0
22.07.1989 07:00:00   ;     0
23.07.1989 07:00:00   ;     0
24.07.1989 07:00:00   ;     0
25.07.1989 07:00:00   ;     0
26.07.1989 07:00:00   ;     0
27.07.1989 07:00:00   ;     0
28.07.1989 07:00:00   ;     0
29.07.1989 07:00:00   ;     0
30.07.1989 07:00:00   ;     0
31.07.1989 07:00:00   ;     0
01.08.1989 07:00:00   ;     0
02.08.1989 07:00:00   ;     0
03.08.1989 07:00:00   ;     0
04.08.1989 07:00:00   ;     0
05.08.1989 07:00:00   ;     0
06.08.1989 07:00:00   ;     0
07.08.1989 07:00:00   ;     0
08.08.1989 07:00:00   ;     0
09.08.1989 07:00:00   ;     0
10.08.1989 07:00:00   ;     0
11.08.1989 07:00:00   ;     0
12.08.1989 07:00:00   ;     0
13.08.1989 07:00:00   ;     0
14.08.1989 07:00:00   ;     0
15.08.1989 07:00:00   ;     0
16.08.1989 07:00:00   ;     0
17.08.1989 07:00:00   ;     0
18.08.1989 07:00:00   ;     0
19.08.1989 07:00:00   ;     0
20.08.1989 07:00:00   ;     0
21.08.1989 07:00:00   ;     0
22.08.1989 07:00:00   ;     0
23.08.1989 07:00:00   ;     0
24.08.1989 07:00:00   ;     0
25.08.1989 07:00:00   ;     0
26.08.1989 07:00:00   ;     0
27.08.1989 07:00:00   ;     0
28.08.1989 07:00:00   ;     0
29.08.1989 07:00:00   ;     0
30.08.1989 07:00:00   ;     0
31.08.1989 07:00:00   ;     0
01.09.1989 07:00:00   ;     0
02.09.1989 07:00:00   ;     0
03.09.1989 07:00:00   ;     0
04.09.1989 07:00:00   ;     0
05.09.1989 07:00:00   ;     0
06.09.1989 07:00:00   ;     0
07.09.1989 07:00:00   ;     0
08.09.1989 07:00:00   ;     0
09.09.1989 07:00:00   ;     0
10.09.1989 07:00:00   ;     0
11.09.1989 07:00:00   ;     0
12.09.1989 07:00:00   ;     0
13.09.1989 07:00:00   ;     0
14.09.1989 07:00:00   ;     0
15.09.1989 07:00:00   ;     0
16.09.1989 07:00:00   ;     0
17.09.1989 07:00:00   ;     0
18.09.1989 07:00:00   ;     0
19.09.1989 07:00:00   ;     0
20.09.1989 07:00:00   ;     0
21.09.1989 07:00:00   ;     0
22.09.1989 07:00:00   ;     0
23.09.1989 07:00:00   ;     0
24.09.1989 07:00:00   ;     0
25.09.1989 07:00:00   ;     0
26.09.1989 07:00:00   ;     0
27.09.1989 07:00:00   ;     0
28.09.1989 07:00:00   ;     0
29.09.1989 07:00:00   ;     0
30.09.1989 07:00:00   ;     0
01.10.1989 07:00:00   ;     0
02.10.1989 07:00:00   ;     0
03.10.1989 07:00:00   ;     0
04.10.1989 07:00:00   ;     0
05.10.1989 07:00:00   ;     0
06.10.1989 07:00:00   ;     0
07.10.1989 07:00:00   ;     0
08.10.1989 07:00:00   ;     0
09.10.1989 07:00:00   ;     0
10.10.1989 07:00:00   ;     0
11.10.1989 07:00:00   ;     0
12.10.1989 07:00:00   ;     0
13.10.1989 07:00:00   ;     0
14.10.1989 07:00:00   ;     0
15.10.1989 07:00:00   ;     0
16.10.1989 07:00:00   ;     0
17.10.1989 07:00:00   ;     0
18.10.1989 07:00:00   ;     0
19.10.1989 07:00:00   ;     0
20.10.1989 07:00:00   ;     0
21.10.1989 07:00:00   ;     0
22.10.1989 07:00:00   ;     0
23.10.1989 07:00:00   ;     0
24.10.1989 07:00:00   ;     0
25.10.1989 07:00:00   ;     0
26.10.1989 07:00:00   ;     0
27.10.1989 07:00:00   ;     0
28.10.1989 07:00:00   ;     0
29.10.1989 07:00:00   ;     0
30.10.1989 07:00:00   ;     0
31.10.1989 07:00:00   ;     0
01.11.1989 07:00:00   ;     0
02.11.1989 07:00:00   ;     0
03.11.1989 07:00:00   ;     0
04.11.1989 07:00:00   ;     0
05.11.1989 07:00:00   ;     0
06.11.1989 07:00:00   ;     0
07.11.1989 07:00:00   ;     0
08.11.1989 07:00:00   ;     0
09.11.1989 07:00:00   ;     0
10.11.1989 07:00:00   ;     0
11.11.1989 07:00:00   ;     0
12.11.1989 07:00:00   ;     0
13.11.1989 07:00:00   ;     0
14.11.1989 07:00:00   ;     0
15.11.1989 07:00:00   ;     0
16.11.1989 07:00:00   ;     0
17.11.1989 07:00:00   ;     0
18.11.1989 07:00:00   ;     0
19.11.1989 07:00:00   ;     0
20.11.1989 07:00:00   ;     0
21.11.1989 07:00:00   ;     0
22.11.1989 07:00:00   ;     0
23.11.1989 07:00:00   ;     0
24.11.1989 07:00:00   ;     0
25.11.1989 07:00:00   ;     0
26.11.1989 07:00:00   ;     0
27.11.1989 07:00:00   ;     0
28.11.1989 07:00:00   ;     0
29.11.1989 07:00:00   ;     0
30.11.1989 07:00:00   ;     0
01.12.1989 07:00:00   ;     0
02.12.1989 07:00:00   ;     0
03.12.1989 07:00:00   ;     0
04.12.1989 07:00:00   ;     0
05.12.1989 07:00:00   ;     0
06.12.1989 07:00:00   ;     0
07.12.1989 07:00:00   ;     0
08.12.1989 07:00:00   ;     0
09.12.1989 07:00:00   ;     0
10.12.1989 07:00:00   ;     0
11.12.1989 07:00:00   ;     0
12.12.1989 07:00:00   ;     0
13.12.1989 07:00:00   ;     0
14.12.1989 07:00:00   ;     0
15.12.1989 07:00:00   ;     0
16.12.1989 07:00:00   ;     0
17.12.1989 07:00:00   ;     0
18.12.1989 07:00:00   ;     0
19.12.1989 07:00:00   ;     0
20.12.1989 07:00:00   ;     0
21.12.1989 07:00:00   ;     0
22.12.1989 07:00:00   ;     0
23.12.1989 07:00:00   ;    20
24.12.1989 07:00:00   ;     7
25.12.1989 07:00:00   ;     0
26.12.1989 07:00:00   ;     0
27.12.1989 07:00:00   ;     0
28.12.1989 07:00:00   ;     0
29.12.1989 07:00:00   ;     0
30.12.1989 07:00:00   ;     0
31.12.1989 07:00:00   ;     0
01.01.1990 07:00:00   ;     0
02.01.1990 07:00:00   ;     0
03.01.1990 07:00:00   ;     0
04.01.1990 07:00:00   ;     0
05.01.1990 07:00:00   ;     5
06.01.1990 07:00:00   ;     0
07.01.1990 07:00:00   ;     0
08.01.1990 07:00:00   ;     0
09.01.1990 07:00:00   ;     0
10.01.1990 07:00:00   ;     0
11.01.1990 07:00:00   ;     0
12.01.1990 07:00:00   ;     0
13.01.1990 07:00:00   ;     0
14.01.1990 07:00:00   ;     0
15.01.1990 07:00:00   ;     0
16.01.1990 07:00:00   ;     0
17.01.1990 07:00:00   ;     0
18.01.1990 07:00:00   ;     0
19.01.1990 07:00:00   ;     0
20.01.1990 07:00:00   ;     0
21.01.1990 07:00:00   ;     0
22.01.1990 07:00:00   ;     0
23.01.1990 07:00:00   ;     0
24.01.1990 07:00:00   ;     0
25.01.1990 07:00:00   ;     0
26.01.1990 07:00:00   ;     0
27.01.1990 07:00:00   ;     0
28.01.1990 07:00:00   ;     0
29.01.1990 07:00:00   ;     0
30.01.1990 07:00:00   ;     0
31.01.1990 07:00:00   ;     0
01.02.1990 07:00:00   ;     0
02.02.1990 07:00:00   ;     0
03.02.1990 07:00:00   ;     0
04.02.1990 07:00:00   ;     0
05.02.1990 07:00:00   ;     0
06.02.1990 07:00:00   ;     0
07.02.1990 07:00:00   ;     0
08.02.1990 07:00:00   ;     0
09.02.1990 07:00:00   ;     0
10.02.1990 07:00:00   ;     0
11.02.1990 07:00:00   ;     0
12.02.1990 07:00:00   ;     5
13.02.1990 07:00:00   ;    35
14.02.1990 07:00:00   ;    10
15.02.1990 07:00:00   ;     3
16.02.1990 07:00:00   ;    10
17.02.1990 07:00:00   ;     0
18.02.1990 07:00:00   ;     0
19.02.1990 07:00:00   ;     0
20.02.1990 07:00:00   ;     0
21.02.1990 07:00:00   ;     0
22.02.1990 07:00:00   ;     0
23.02.1990 07:00:00   ;     0
24.02.1990 07:00:00   ;     0
25.02.1990 07:00:00   ;     0
26.02.1990 07:00:00   ;     0
27.02.1990 07:00:00   ;     0
28.02.1990 07:00:00   ;     0
01.03.1990 07:00:00   ;     0
02.03.1990 07:00:00   ;    10
03.03.1990 07:00:00   ;     0
04.03.1990 07:00:00   ;     0
05.03.1990 07:00:00   ;     0
06.03.1990 07:00:00   ;     0
07.03.1990 07:00:00   ;     0
08.03.1990 07:00:00   ;     0
09.03.1990 07:00:00   ;     0
10.03.1990 07:00:00   ;     0
11.03.1990 07:00:00   ;     0
12.03.1990 07:00:00   ;     0
13.03.1990 07:00:00   ;     0
14.03.1990 07:00:00   ;     0
15.03.1990 07:00:00   ;     0
16.03.1990 07:00:00   ;     0
17.03.1990 07:00:00   ;     0
18.03.1990 07:00:00   ;     0
19.03.1990 07:00:00   ;     0
20.03.1990 07:00:00   ;     0
21.03.1990 07:00:00   ;     0
22.03.1990 07:00:00   ;     0
23.03.1990 07:00:00   ;     0
24.03.1990 07:00:00   ;     0
25.03.1990 07:00:00   ;     0
26.03.1990 07:00:00   ;     0
27.03.1990 07:00:00   ;     0
28.03.1990 07:00:00   ;     0
29.03.1990 07:00:00   ;     0
30.03.1990 07:00:00   ;     0
31.03.1990 07:00:00   ;     0
01.04.1990 07:00:00   ;     0
02.04.1990 07:00:00   ;     0
03.04.1990 07:00:00   ;     0
04.04.1990 07:00:00   ;     0
05.04.1990 07:00:00   ;     0
06.04.1990 07:00:00   ;     0
07.04.1990 07:00:00   ;     0
08.04.1990 07:00:00   ;     0
09.04.1990 07:00:00   ;     0
10.04.1990 07:00:00   ;     0
11.04.1990 07:00:00   ;     5
12.04.1990 07:00:00   ;     0
13.04.1990 07:00:00   ;     0
14.04.1990 07:00:00   ;     0
15.04.1990 07:00:00   ;     0
16.04.1990 07:00:00   ;     0
17.04.1990 07:00:00   ;     0
18.04.1990 07:00:00   ;     0
19.04.1990 07:00:00   ;     0
20.04.1990 07:00:00   ;     0
21.04.1990 07:00:00   ;     0
22.04.1990 07:00:00   ;     0
23.04.1990 07:00:00   ;     0
24.04.1990 07:00:00   ;     0
25.04.1990 07:00:00   ;     0
26.04.1990 07:00:00   ;     0
27.04.1990 07:00:00   ;     0
28.04.1990 07:00:00   ;     0
29.04.1990 07:00:00   ;     0
30.04.1990 07:00:00   ;     0
01.05.1990 07:00:00   ;     0
02.05.1990 07:00:00   ;     0
03.05.1990 07:00:00   ;     0
04.05.1990 07:00:00   ;     0
05.05.1990 07:00:00   ;     0
06.05.1990 07:00:00   ;     0
07.05.1990 07:00:00   ;     0
08.05.1990 07:00:00   ;     0
09.05.1990 07:00:00   ;     0
10.05.1990 07:00:00   ;     0
11.05.1990 07:00:00   ;     0
12.05.1990 07:00:00   ;     0
13.05.1990 07:00:00   ;     0
14.05.1990 07:00:00   ;     0
15.05.1990 07:00:00   ;     0
16.05.1990 07:00:00   ;     0
17.05.1990 07:00:00   ;     0
18.05.1990 07:00:00   ;     0
19.05.1990 07:00:00   ;     0
20.05.1990 07:00:00   ;     0
21.05.1990 07:00:00   ;     0
22.05.1990 07:00:00   ;     0
23.05.1990 07:00:00   ;     0
24.05.1990 07:00:00   ;     0
25.05.1990 07:00:00   ;     0
26.05.1990 07:00:00   ;     0
27.05.1990 07:00:00   ;     0
28.05.1990 07:00:00   ;     0
29.05.1990 07:00:00   ;     0
30.05.1990 07:00:00   ;     0
31.05.1990 07:00:00   ;     0
01.06.1990 07:00:00   ;     0
02.06.1990 07:00:00   ;     0
03.06.1990 07:00:00   ;     0
04.06.1990 07:00:00   ;     0
05.06.1990 07:00:00   ;     0
06.06.1990 07:00:00   ;     0
07.06.1990 07:00:00   ;     0
08.06.1990 07:00:00   ;     0
09.06.1990 07:00:00   ;     0
10.06.1990 07:00:00   ;     0
11.06.1990 07:00:00   ;     0
12.06.1990 07:00:00   ;     0
13.06.1990 07:00:00   ;     0
14.06.1990 07:00:00   ;     0
15.06.1990 07:00:00   ;     0
16.06.1990 07:00:00   ;     0
17.06.1990 07:00:00   ;     0
18.06.1990 07:00:00   ;     0
19.06.1990 07:00:00   ;     0
20.06.1990 07:00:00   ;     0
21.06.1990 07:00:00   ;     0
22.06.1990 07:00:00   ;     0
23.06.1990 07:00:00   ;     0
24.06.1990 07:00:00   ;     0
25.06.1990 07:00:00   ;     0
26.06.1990 07:00:00   ;     0
27.06.1990 07:00:00   ;     0
28.06.1990 07:00:00   ;     0
29.06.1990 07:00:00   ;     0
30.06.1990 07:00:00   ;     0
01.07.1990 07:00:00   ;     0
02.07.1990 07:00:00   ;     0
03.07.1990 07:00:00   ;     0
04.07.1990 07:00:00   ;     0
05.07.1990 07:00:00   ;     0
06.07.1990 07:00:00   ;     0
07.07.1990 07:00:00   ;     0
08.07.1990 07:00:00   ;     0
09.07.1990 07:00:00   ;     0
10.07.1990 07:00:00   ;     0
11.07.1990 07:00:00   ;     0
12.07.1990 07:00:00   ;     0
13.07.1990 07:00:00   ;     0
14.07.1990 07:00:00   ;     0
15.07.1990 07:00:00   ;     0
16.07.1990 07:00:00   ;     0
17.07.1990 07:00:00   ;     0
18.07.1990 07:00:00   ;     0
19.07.1990 07:00:00   ;     0
20.07.1990 07:00:00   ;     0
21.07.1990 07:00:00   ;     0
22.07.1990 07:00:00   ;     0
23.07.1990 07:00:00   ;     0
24.07.1990 07:00:00   ;     0
25.07.1990 07:00:00   ;     0
26.07.1990 07:00:00   ;     0
27.07.1990 07:00:00   ;     0
28.07.1990 07:00:00   ;     0
29.07.1990 07:00:00   ;     0
30.07.1990 07:00:00   ;     0
31.07.1990 07:00:00   ;     0
01.08.1990 07:00:00   ;     0
02.08.1990 07:00:00   ;     0
03.08.1990 07:00:00   ;     0
04.08.1990 07:00:00   ;     0
05.08.1990 07:00:00   ;     0
06.08.1990 07:00:00   ;     0
07.08.1990 07:00:00   ;     0
08.08.1990 07:00:00   ;     0
09.08.1990 07:00:00   ;     0
10.08.1990 07:00:00   ;     0
11.08.1990 07:00:00   ;     0
12.08.1990 07:00:00   ;     0
13.08.1990 07:00:00   ;     0
14.08.1990 07:00:00   ;     0
15.08.1990 07:00:00   ;     0
16.08.1990 07:00:00   ;     0
17.08.1990 07:00:00   ;     0
18.08.1990 07:00:00   ;     0
19.08.1990 07:00:00   ;     0
20.08.1990 07:00:00   ;     0
21.08.1990 07:00:00   ;     0
22.08.1990 07:00:00   ;     0
23.08.1990 07:00:00   ;     0
24.08.1990 07:00:00   ;     0
25.08.1990 07:00:00   ;     0
26.08.1990 07:00:00   ;     0
27.08.1990 07:00:00   ;     0
28.08.1990 07:00:00   ;     0
29.08.1990 07:00:00   ;     0
30.08.1990 07:00:00   ;     0
31.08.1990 07:00:00   ;     0
01.09.1990 07:00:00   ;     0
02.09.1990 07:00:00   ;     0
03.09.1990 07:00:00   ;     0
04.09.1990 07:00:00   ;     0
05.09.1990 07:00:00   ;     0
06.09.1990 07:00:00   ;     0
07.09.1990 07:00:00   ;     0
08.09.1990 07:00:00   ;     0
09.09.1990 07:00:00   ;     0
10.09.1990 07:00:00   ;     0
11.09.1990 07:00:00   ;     0
12.09.1990 07:00:00   ;     0
13.09.1990 07:00:00   ;     0
14.09.1990 07:00:00   ;     0
15.09.1990 07:00:00   ;     0
16.09.1990 07:00:00   ;     0
17.09.1990 07:00:00   ;     0
18.09.1990 07:00:00   ;     0
19.09.1990 07:00:00   ;     0
20.09.1990 07:00:00   ;     0
21.09.1990 07:00:00   ;     0
22.09.1990 07:00:00   ;     0
23.09.1990 07:00:00   ;     0
24.09.1990 07:00:00   ;     0
25.09.1990 07:00:00   ;     0
26.09.1990 07:00:00   ;     0
27.09.1990 07:00:00   ;     0
28.09.1990 07:00:00   ;     0
29.09.1990 07:00:00   ;     0
30.09.1990 07:00:00   ;     0
01.10.1990 07:00:00   ;     0
02.10.1990 07:00:00   ;     0
03.10.1990 07:00:00   ;     0
04.10.1990 07:00:00   ;     0
05.10.1990 07:00:00   ;     0
06.10.1990 07:00:00   ;     0
07.10.1990 07:00:00   ;     0
08.10.1990 07:00:00   ;     0
09.10.1990 07:00:00   ;     0
10.10.1990 07:00:00   ;     0
11.10.1990 07:00:00   ;     0
12.10.1990 07:00:00   ;     0
13.10.1990 07:00:00   ;     0
14.10.1990 07:00:00   ;     0
15.10.1990 07:00:00   ;     0
16.10.1990 07:00:00   ;     0
17.10.1990 07:00:00   ;     0
18.10.1990 07:00:00   ;     0
19.10.1990 07:00:00   ;     0
20.10.1990 07:00:00   ;     0
21.10.1990 07:00:00   ;     0
22.10.1990 07:00:00   ;     0
23.10.1990 07:00:00   ;     0
24.10.1990 07:00:00   ;     0
25.10.1990 07:00:00   ;     0
26.10.1990 07:00:00   ;     0
27.10.1990 07:00:00   ;     0
28.10.1990 07:00:00   ;     0
29.10.1990 07:00:00   ;     0
30.10.1990 07:00:00   ;     0
31.10.1990 07:00:00   ;     0
01.11.1990 07:00:00   ;     0
02.11.1990 07:00:00   ;     0
03.11.1990 07:00:00   ;     0
04.11.1990 07:00:00   ;     0
05.11.1990 07:00:00   ;     0
06.11.1990 07:00:00   ;     0
07.11.1990 07:00:00   ;     0
08.11.1990 07:00:00   ;     0
09.11.1990 07:00:00   ;     0
10.11.1990 07:00:00   ;     0
11.11.1990 07:00:00   ;     0
12.11.1990 07:00:00   ;     0
13.11.1990 07:00:00   ;     0
14.11.1990 07:00:00   ;     0
15.11.1990 07:00:00   ;     0
16.11.1990 07:00:00   ;     0
17.11.1990 07:00:00   ;     0
18.11.1990 07:00:00   ;     0
19.11.1990 07:00:00   ;     0
20.11.1990 07:00:00   ;     0
21.11.1990 07:00:00   ;     0
22.11.1990 07:00:00   ;     0
23.11.1990 07:00:00   ;     0
24.11.1990 07:00:00   ;     0
25.11.1990 07:00:00   ;     0
26.11.1990 07:00:00   ;     0
27.11.1990 07:00:00   ;     5
28.11.1990 07:00:00   ;     0
29.11.1990 07:00:00   ;     0
30.11.1990 07:00:00   ;     8
01.12.1990 07:00:00   ;     0
02.12.1990 07:00:00   ;     2
03.12.1990 07:00:00   ;     0
04.12.1990 07:00:00   ;    13
05.12.1990 07:00:00   ;    29
06.12.1990 07:00:00   ;     0
07.12.1990 07:00:00   ;     0
08.12.1990 07:00:00   ;     0
09.12.1990 07:00:00   ;     0
10.12.1990 07:00:00   ;     0
11.12.1990 07:00:00   ;     0
12.12.1990 07:00:00   ;     7
13.12.1990 07:00:00   ;     2
14.12.1990 07:00:00   ;     3
15.12.1990 07:00:00   ;     1
16.12.1990 07:00:00   ;     1
17.12.1990 07:00:00   ;     0
18.12.1990 07:00:00   ;     0
19.12.1990 07:00:00   ;     3
20.12.1990 07:00:00   ;     0
21.12.1990 07:00:00   ;    10
22.12.1990 07:00:00   ;     0
23.12.1990 07:00:00   ;     0
24.12.1990 07:00:00   ;     0
25.12.1990 07:00:00   ;     0
26.12.1990 07:00:00   ;     2
27.12.1990 07:00:00   ;     2
28.12.1990 07:00:00   ;     0
29.12.1990 07:00:00   ;     0
30.12.1990 07:00:00   ;     0
31.12.1990 07:00:00   ;     0
01.01.1991 07:00:00   ;     2
02.01.1991 07:00:00   ;     0
03.01.1991 07:00:00   ;     0
04.01.1991 07:00:00   ;     0
05.01.1991 07:00:00   ;     0
06.01.1991 07:00:00   ;     0
07.01.1991 07:00:00   ;     0
08.01.1991 07:00:00   ;     0
09.01.1991 07:00:00   ;     0
10.01.1991 07:00:00   ;     0
11.01.1991 07:00:00   ;     0
12.01.1991 07:00:00   ;     2
13.01.1991 07:00:00   ;     0
14.01.1991 07:00:00   ;     0
15.01.1991 07:00:00   ;     0
16.01.1991 07:00:00   ;     0
17.01.1991 07:00:00   ;     0
18.01.1991 07:00:00   ;     0
19.01.1991 07:00:00   ;     0
20.01.1991 07:00:00   ;     0
21.01.1991 07:00:00   ;     0
22.01.1991 07:00:00   ;     0
23.01.1991 07:00:00   ;     0
24.01.1991 07:00:00   ;     0
25.01.1991 07:00:00   ;     0
26.01.1991 07:00:00   ;     0
27.01.1991 07:00:00   ;     0
28.01.1991 07:00:00   ;     0
29.01.1991 07:00:00   ;     0
30.01.1991 07:00:00   ;     0
31.01.1991 07:00:00   ;     0
01.02.1991 07:00:00   ;     0
02.02.1991 07:00:00   ;     0
03.02.1991 07:00:00   ;     0
04.02.1991 07:00:00   ;     0
05.02.1991 07:00:00   ;     2
06.02.1991 07:00:00   ;     0
07.02.1991 07:00:00   ;     0
08.02.1991 07:00:00   ;     0
09.02.1991 07:00:00   ;     0
10.02.1991 07:00:00   ;     2
11.02.1991 07:00:00   ;     0
12.02.1991 07:00:00   ;     8
13.02.1991 07:00:00   ;     0
14.02.1991 07:00:00   ;     1
15.02.1991 07:00:00   ;    15
16.02.1991 07:00:00   ;    15
17.02.1991 07:00:00   ;     0
18.02.1991 07:00:00   ;     0
19.02.1991 07:00:00   ;     0
20.02.1991 07:00:00   ;     0
21.02.1991 07:00:00   ;     0
22.02.1991 07:00:00   ;     0
23.02.1991 07:00:00   ;     0
24.02.1991 07:00:00   ;     0
25.02.1991 07:00:00   ;     0
26.02.1991 07:00:00   ;     0
27.02.1991 07:00:00   ;     0
28.02.1991 07:00:00   ;     0
01.03.1991 07:00:00   ;     0
02.03.1991 07:00:00   ;     0
03.03.1991 07:00:00   ;     0
04.03.1991 07:00:00   ;     0
05.03.1991 07:00:00   ;     0
06.03.1991 07:00:00   ;     0
07.03.1991 07:00:00   ;     0
08.03.1991 07:00:00   ;     0
09.03.1991 07:00:00   ;     0
10.03.1991 07:00:00   ;     0
11.03.1991 07:00:00   ;     0
12.03.1991 07:00:00   ;     0
13.03.1991 07:00:00   ;     0
14.03.1991 07:00:00   ;     0
15.03.1991 07:00:00   ;     0
16.03.1991 07:00:00   ;     0
17.03.1991 07:00:00   ;     0
18.03.1991 07:00:00   ;     0
19.03.1991 07:00:00   ;     0
20.03.1991 07:00:00   ;     0
21.03.1991 07:00:00   ;     0
22.03.1991 07:00:00   ;     0
23.03.1991 07:00:00   ;     0
24.03.1991 07:00:00   ;     0
25.03.1991 07:00:00   ;     0
26.03.1991 07:00:00   ;     0
27.03.1991 07:00:00   ;     0
28.03.1991 07:00:00   ;     0
29.03.1991 07:00:00   ;     3
30.03.1991 07:00:00   ;     0
31.03.1991 07:00:00   ;     0
01.04.1991 07:00:00   ;     0
02.04.1991 07:00:00   ;     0
03.04.1991 07:00:00   ;     0
04.04.1991 07:00:00   ;     0
05.04.1991 07:00:00   ;     0
06.04.1991 07:00:00   ;     0
07.04.1991 07:00:00   ;     0
08.04.1991 07:00:00   ;     0
09.04.1991 07:00:00   ;     0
10.04.1991 07:00:00   ;     0
11.04.1991 07:00:00   ;     0
12.04.1991 07:00:00   ;     0
13.04.1991 07:00:00   ;     0
14.04.1991 07:00:00   ;     0
15.04.1991 07:00:00   ;     0
16.04.1991 07:00:00   ;     0
17.04.1991 07:00:00   ;     0
18.04.1991 07:00:00   ;     7
19.04.1991 07:00:00   ;     3
20.04.1991 07:00:00   ;     0
21.04.1991 07:00:00   ;     0
22.04.1991 07:00:00   ;     0
23.04.1991 07:00:00   ;     0
24.04.1991 07:00:00   ;     0
25.04.1991 07:00:00   ;     0
26.04.1991 07:00:00   ;     0
27.04.1991 07:00:00   ;     0
28.04.1991 07:00:00   ;     0
29.04.1991 07:00:00   ;     0
30.04.1991 07:00:00   ;     0
01.05.1991 07:00:00   ;     0
02.05.1991 07:00:00   ;     0
03.05.1991 07:00:00   ;     0
04.05.1991 07:00:00   ;     0
05.05.1991 07:00:00   ;     0
06.05.1991 07:00:00   ;     0
07.05.1991 07:00:00   ;     0
08.05.1991 07:00:00   ;     0
09.05.1991 07:00:00   ;     0
10.05.1991 07:00:00   ;     0
11.05.1991 07:00:00   ;     0
12.05.1991 07:00:00   ;     0
13.05.1991 07:00:00   ;     0
14.05.1991 07:00:00   ;     0
15.05.1991 07:00:00   ;     0
16.05.1991 07:00:00   ;     0
17.05.1991 07:00:00   ;     0
18.05.1991 07:00:00   ;     0
19.05.1991 07:00:00   ;     0
20.05.1991 07:00:00   ;     0
21.05.1991 07:00:00   ;     0
22.05.1991 07:00:00   ;     0
23.05.1991 07:00:00   ;     0
24.05.1991 07:00:00   ;     0
25.05.1991 07:00:00   ;     0
26.05.1991 07:00:00   ;     0
27.05.1991 07:00:00   ;     0
28.05.1991 07:00:00   ;     0
29.05.1991 07:00:00   ;     0
30.05.1991 07:00:00   ;     0
31.05.1991 07:00:00   ;     0
01.06.1991 07:00:00   ;     0
02.06.1991 07:00:00   ;     0
03.06.1991 07:00:00   ;     0
04.06.1991 07:00:00   ;     0
05.06.1991 07:00:00   ;     0
06.06.1991 07:00:00   ;     0
07.06.1991 07:00:00   ;     0
08.06.1991 07:00:00   ;     0
09.06.1991 07:00:00   ;     0
10.06.1991 07:00:00   ;     0
11.06.1991 07:00:00   ;     0
12.06.1991 07:00:00   ;     0
13.06.1991 07:00:00   ;     0
14.06.1991 07:00:00   ;     0
15.06.1991 07:00:00   ;     0
16.06.1991 07:00:00   ;     0
17.06.1991 07:00:00   ;     0
18.06.1991 07:00:00   ;     0
19.06.1991 07:00:00   ;     0
20.06.1991 07:00:00   ;     0
21.06.1991 07:00:00   ;     0
22.06.1991 07:00:00   ;     0
23.06.1991 07:00:00   ;     0
24.06.1991 07:00:00   ;     0
25.06.1991 07:00:00   ;     0
26.06.1991 07:00:00   ;     0
27.06.1991 07:00:00   ;     0
28.06.1991 07:00:00   ;     0
29.06.1991 07:00:00   ;     0
30.06.1991 07:00:00   ;     0
01.07.1991 07:00:00   ;     0
02.07.1991 07:00:00   ;     0
03.07.1991 07:00:00   ;     0
04.07.1991 07:00:00   ;     0
05.07.1991 07:00:00   ;     0
06.07.1991 07:00:00   ;     0
07.07.1991 07:00:00   ;     0
08.07.1991 07:00:00   ;     0
09.07.1991 07:00:00   ;     0
10.07.1991 07:00:00   ;     0
11.07.1991 07:00:00   ;     0
12.07.1991 07:00:00   ;     0
13.07.1991 07:00:00   ;     0
14.07.1991 07:00:00   ;     0
15.07.1991 07:00:00   ;     0
16.07.1991 07:00:00   ;     0
17.07.1991 07:00:00   ;     0
18.07.1991 07:00:00   ;     0
19.07.1991 07:00:00   ;     0
20.07.1991 07:00:00   ;     0
21.07.1991 07:00:00   ;     0
22.07.1991 07:00:00   ;     0
23.07.1991 07:00:00   ;     0
24.07.1991 07:00:00   ;     0
25.07.1991 07:00:00   ;     0
26.07.1991 07:00:00   ;     0
27.07.1991 07:00:00   ;     0
28.07.1991 07:00:00   ;     0
29.07.1991 07:00:00   ;     0
30.07.1991 07:00:00   ;     0
31.07.1991 07:00:00   ;     0
01.08.1991 07:00:00   ;     0
02.08.1991 07:00:00   ;     0
03.08.1991 07:00:00   ;     0
04.08.1991 07:00:00   ;     0
05.08.1991 07:00:00   ;     0
06.08.1991 07:00:00   ;     0
07.08.1991 07:00:00   ;     0
08.08.1991 07:00:00   ;     0
09.08.1991 07:00:00   ;     0
10.08.1991 07:00:00   ;     0
11.08.1991 07:00:00   ;     0
12.08.1991 07:00:00   ;     0
13.08.1991 07:00:00   ;     0
14.08.1991 07:00:00   ;     0
15.08.1991 07:00:00   ;     0
16.08.1991 07:00:00   ;     0
17.08.1991 07:00:00   ;     0
18.08.1991 07:00:00   ;     0
19.08.1991 07:00:00   ;     0
20.08.1991 07:00:00   ;     0
21.08.1991 07:00:00   ;     0
22.08.1991 07:00:00   ;     0
23.08.1991 07:00:00   ;     0
24.08.1991 07:00:00   ;     0
25.08.1991 07:00:00   ;     0
26.08.1991 07:00:00   ;     0
27.08.1991 07:00:00   ;     0
28.08.1991 07:00:00   ;     0
29.08.1991 07:00:00   ;     0
30.08.1991 07:00:00   ;     0
31.08.1991 07:00:00   ;     0
01.09.1991 07:00:00   ;     0
02.09.1991 07:00:00   ;     0
03.09.1991 07:00:00   ;     0
04.09.1991 07:00:00   ;     0
05.09.1991 07:00:00   ;     0
06.09.1991 07:00:00   ;     0
07.09.1991 07:00:00   ;     0
08.09.1991 07:00:00   ;     0
09.09.1991 07:00:00   ;     0
10.09.1991 07:00:00   ;     0
11.09.1991 07:00:00   ;     0
12.09.1991 07:00:00   ;     0
13.09.1991 07:00:00   ;     0
14.09.1991 07:00:00   ;     0
15.09.1991 07:00:00   ;     0
16.09.1991 07:00:00   ;     0
17.09.1991 07:00:00   ;     0
18.09.1991 07:00:00   ;     0
19.09.1991 07:00:00   ;     0
20.09.1991 07:00:00   ;     0
21.09.1991 07:00:00   ;     0
22.09.1991 07:00:00   ;     0
23.09.1991 07:00:00   ;     0
24.09.1991 07:00:00   ;     0
25.09.1991 07:00:00   ;     0
26.09.1991 07:00:00   ;     0
27.09.1991 07:00:00   ;     0
28.09.1991 07:00:00   ;     0
29.09.1991 07:00:00   ;     0
30.09.1991 07:00:00   ;     0
01.10.1991 07:00:00   ;     0
02.10.1991 07:00:00   ;     0
03.10.1991 07:00:00   ;     0
04.10.1991 07:00:00   ;     0
05.10.1991 07:00:00   ;     0
06.10.1991 07:00:00   ;     0
07.10.1991 07:00:00   ;     0
08.10.1991 07:00:00   ;     0
09.10.1991 07:00:00   ;     0
10.10.1991 07:00:00   ;     0
11.10.1991 07:00:00   ;     0
12.10.1991 07:00:00   ;     0
13.10.1991 07:00:00   ;     0
14.10.1991 07:00:00   ;     0
15.10.1991 07:00:00   ;     0
16.10.1991 07:00:00   ;     0
17.10.1991 07:00:00   ;     0
18.10.1991 07:00:00   ;     0
19.10.1991 07:00:00   ;     0
20.10.1991 07:00:00   ;     0
21.10.1991 07:00:00   ;     0
22.10.1991 07:00:00   ;     0
23.10.1991 07:00:00   ;     0
24.10.1991 07:00:00   ;     0
25.10.1991 07:00:00   ;     0
26.10.1991 07:00:00   ;     0
27.10.1991 07:00:00   ;     0
28.10.1991 07:00:00   ;     0
29.10.1991 07:00:00   ;     0
30.10.1991 07:00:00   ;     0
31.10.1991 07:00:00   ;     0
01.11.1991 07:00:00   ;     0
02.11.1991 07:00:00   ;     0
03.11.1991 07:00:00   ;     0
04.11.1991 07:00:00   ;     0
05.11.1991 07:00:00   ;     0
06.11.1991 07:00:00   ;     0
07.11.1991 07:00:00   ;     0
08.11.1991 07:00:00   ;     0
09.11.1991 07:00:00   ;     0
10.11.1991 07:00:00   ;     0
11.11.1991 07:00:00   ;     0
12.11.1991 07:00:00   ;     0
13.11.1991 07:00:00   ;     0
14.11.1991 07:00:00   ;     3
15.11.1991 07:00:00   ;     0
16.11.1991 07:00:00   ;    10
17.11.1991 07:00:00   ;     0
18.11.1991 07:00:00   ;     0
19.11.1991 07:00:00   ;     0
20.11.1991 07:00:00   ;     0
21.11.1991 07:00:00   ;     0
22.11.1991 07:00:00   ;     0
23.11.1991 07:00:00   ;     0
24.11.1991 07:00:00   ;     0
25.11.1991 07:00:00   ;     0
26.11.1991 07:00:00   ;     0
27.11.1991 07:00:00   ;     0
28.11.1991 07:00:00   ;     0
29.11.1991 07:00:00   ;     0
30.11.1991 07:00:00   ;     0
01.12.1991 07:00:00   ;     0
02.12.1991 07:00:00   ;     0
03.12.1991 07:00:00   ;     0
04.12.1991 07:00:00   ;     0
05.12.1991 07:00:00   ;     4
06.12.1991 07:00:00   ;     5
07.12.1991 07:00:00   ;     6
08.12.1991 07:00:00   ;     7
09.12.1991 07:00:00   ;     0
10.12.1991 07:00:00   ;     0
11.12.1991 07:00:00   ;     0
12.12.1991 07:00:00   ;     0
13.12.1991 07:00:00   ;     0
14.12.1991 07:00:00   ;     0
15.12.1991 07:00:00   ;     0
16.12.1991 07:00:00   ;     0
17.12.1991 07:00:00   ;     3
18.12.1991 07:00:00   ;    15
19.12.1991 07:00:00   ;    15
20.12.1991 07:00:00   ;    15
21.12.1991 07:00:00   ;    25
22.12.1991 07:00:00   ;     0
23.12.1991 07:00:00   ;     0
24.12.1991 07:00:00   ;     4
25.12.1991 07:00:00   ;     7
26.12.1991 07:00:00   ;     5
27.12.1991 07:00:00   ;     7
28.12.1991 07:00:00   ;     0
29.12.1991 07:00:00   ;     0
30.12.1991 07:00:00   ;     0
31.12.1991 07:00:00   ;     0
01.01.1992 07:00:00   ;     0
02.01.1992 07:00:00   ;     0
03.01.1992 07:00:00   ;     0
04.01.1992 07:00:00   ;     0
05.01.1992 07:00:00   ;     0
06.01.1992 07:00:00   ;     0
07.01.1992 07:00:00   ;     0
08.01.1992 07:00:00   ;     0
09.01.1992 07:00:00   ;     0
10.01.1992 07:00:00   ;     0
11.01.1992 07:00:00   ;     0
12.01.1992 07:00:00   ;     0
13.01.1992 07:00:00   ;     0
14.01.1992 07:00:00   ;     0
15.01.1992 07:00:00   ;     0
16.01.1992 07:00:00   ;     0
17.01.1992 07:00:00   ;     0
18.01.1992 07:00:00   ;     0
19.01.1992 07:00:00   ;    10
20.01.1992 07:00:00   ;     3
21.01.1992 07:00:00   ;     0
22.01.1992 07:00:00   ;     0
23.01.1992 07:00:00   ;     0
24.01.1992 07:00:00   ;     0
25.01.1992 07:00:00   ;     0
26.01.1992 07:00:00   ;     0
27.01.1992 07:00:00   ;     0
28.01.1992 07:00:00   ;     0
29.01.1992 07:00:00   ;     0
30.01.1992 07:00:00   ;     0
31.01.1992 07:00:00   ;     0
01.02.1992 07:00:00   ;     0
02.02.1992 07:00:00   ;     0
03.02.1992 07:00:00   ;     2
04.02.1992 07:00:00   ;    35
05.02.1992 07:00:00   ;     5
06.02.1992 07:00:00   ;     0
07.02.1992 07:00:00   ;     0
08.02.1992 07:00:00   ;     0
09.02.1992 07:00:00   ;     0
10.02.1992 07:00:00   ;     0
11.02.1992 07:00:00   ;     3
12.02.1992 07:00:00   ;     0
13.02.1992 07:00:00   ;     0
14.02.1992 07:00:00   ;     0
15.02.1992 07:00:00   ;     0
16.02.1992 07:00:00   ;     2
17.02.1992 07:00:00   ;    10
18.02.1992 07:00:00   ;     0
19.02.1992 07:00:00   ;     0
20.02.1992 07:00:00   ;     0
21.02.1992 07:00:00   ;    10
22.02.1992 07:00:00   ;     0
23.02.1992 07:00:00   ;     0
24.02.1992 07:00:00   ;     0
25.02.1992 07:00:00   ;     0
26.02.1992 07:00:00   ;     0
27.02.1992 07:00:00   ;     0
28.02.1992 07:00:00   ;     0
29.02.1992 07:00:00   ;     0
01.03.1992 07:00:00   ;     0
02.03.1992 07:00:00   ;     0
03.03.1992 07:00:00   ;     0
04.03.1992 07:00:00   ;     0
05.03.1992 07:00:00   ;     0
06.03.1992 07:00:00   ;     0
07.03.1992 07:00:00   ;     0
08.03.1992 07:00:00   ;     0
09.03.1992 07:00:00   ;     0
10.03.1992 07:00:00   ;     0
11.03.1992 07:00:00   ;     0
12.03.1992 07:00:00   ;     0
13.03.1992 07:00:00   ;     0
14.03.1992 07:00:00   ;     3
15.03.1992 07:00:00   ;     5
16.03.1992 07:00:00   ;     0
17.03.1992 07:00:00   ;     0
18.03.1992 07:00:00   ;     0
19.03.1992 07:00:00   ;     0
20.03.1992 07:00:00   ;     0
21.03.1992 07:00:00   ;     0
22.03.1992 07:00:00   ;     5
23.03.1992 07:00:00   ;     0
24.03.1992 07:00:00   ;     0
25.03.1992 07:00:00   ;     0
26.03.1992 07:00:00   ;     0
27.03.1992 07:00:00   ;     0
28.03.1992 07:00:00   ;    20
29.03.1992 07:00:00   ;     0
30.03.1992 07:00:00   ;     0
31.03.1992 07:00:00   ;     0
01.04.1992 07:00:00   ;     0
02.04.1992 07:00:00   ;     0
03.04.1992 07:00:00   ;     0
04.04.1992 07:00:00   ;     0
05.04.1992 07:00:00   ;     0
06.04.1992 07:00:00   ;     0
07.04.1992 07:00:00   ;     0
08.04.1992 07:00:00   ;     0
09.04.1992 07:00:00   ;     0
10.04.1992 07:00:00   ;     0
11.04.1992 07:00:00   ;     0
12.04.1992 07:00:00   ;     0
13.04.1992 07:00:00   ;     0
14.04.1992 07:00:00   ;     0
15.04.1992 07:00:00   ;     0
16.04.1992 07:00:00   ;     0
17.04.1992 07:00:00   ;     0
18.04.1992 07:00:00   ;     0
19.04.1992 07:00:00   ;     0
20.04.1992 07:00:00   ;     0
21.04.1992 07:00:00   ;     0
22.04.1992 07:00:00   ;     0
23.04.1992 07:00:00   ;     0
24.04.1992 07:00:00   ;     0
25.04.1992 07:00:00   ;     0
26.04.1992 07:00:00   ;     0
27.04.1992 07:00:00   ;     0
28.04.1992 07:00:00   ;     0
29.04.1992 07:00:00   ;     0
30.04.1992 07:00:00   ;     0
01.05.1992 07:00:00   ;     0
02.05.1992 07:00:00   ;     0
03.05.1992 07:00:00   ;     0
04.05.1992 07:00:00   ;     0
05.05.1992 07:00:00   ;     0
06.05.1992 07:00:00   ;     0
07.05.1992 07:00:00   ;     0
08.05.1992 07:00:00   ;     0
09.05.1992 07:00:00   ;     0
10.05.1992 07:00:00   ;     0
11.05.1992 07:00:00   ;     0
12.05.1992 07:00:00   ;     0
13.05.1992 07:00:00   ;     0
14.05.1992 07:00:00   ;     0
15.05.1992 07:00:00   ;     0
16.05.1992 07:00:00   ;     0
17.05.1992 07:00:00   ;     0
18.05.1992 07:00:00   ;     0
19.05.1992 07:00:00   ;     0
20.05.1992 07:00:00   ;     0
21.05.1992 07:00:00   ;     0
22.05.1992 07:00:00   ;     0
23.05.1992 07:00:00   ;     0
24.05.1992 07:00:00   ;     0
25.05.1992 07:00:00   ;     0
26.05.1992 07:00:00   ;     0
27.05.1992 07:00:00   ;     0
28.05.1992 07:00:00   ;     0
29.05.1992 07:00:00   ;     0
30.05.1992 07:00:00   ;     0
31.05.1992 07:00:00   ;     0
01.06.1992 07:00:00   ;     0
02.06.1992 07:00:00   ;     0
03.06.1992 07:00:00   ;     0
04.06.1992 07:00:00   ;     0
05.06.1992 07:00:00   ;     0
06.06.1992 07:00:00   ;     0
07.06.1992 07:00:00   ;     0
08.06.1992 07:00:00   ;     0
09.06.1992 07:00:00   ;     0
10.06.1992 07:00:00   ;     0
11.06.1992 07:00:00   ;     0
12.06.1992 07:00:00   ;     0
13.06.1992 07:00:00   ;     0
14.06.1992 07:00:00   ;     0
15.06.1992 07:00:00   ;     0
16.06.1992 07:00:00   ;     0
17.06.1992 07:00:00   ;     0
18.06.1992 07:00:00   ;     0
19.06.1992 07:00:00   ;     0
20.06.1992 07:00:00   ;     0
21.06.1992 07:00:00   ;     0
22.06.1992 07:00:00   ;     0
23.06.1992 07:00:00   ;     0
24.06.1992 07:00:00   ;     0
25.06.1992 07:00:00   ;     0
26.06.1992 07:00:00   ;     0
27.06.1992 07:00:00   ;     0
28.06.1992 07:00:00   ;     0
29.06.1992 07:00:00   ;     0
30.06.1992 07:00:00   ;     0
01.07.1992 07:00:00   ;     0
02.07.1992 07:00:00   ;     0
03.07.1992 07:00:00   ;     0
04.07.1992 07:00:00   ;     0
05.07.1992 07:00:00   ;     0
06.07.1992 07:00:00   ;     0
07.07.1992 07:00:00   ;     0
08.07.1992 07:00:00   ;     0
09.07.1992 07:00:00   ;     0
10.07.1992 07:00:00   ;     0
11.07.1992 07:00:00   ;     0
12.07.1992 07:00:00   ;     0
13.07.1992 07:00:00   ;     0
14.07.1992 07:00:00   ;     0
15.07.1992 07:00:00   ;     0
16.07.1992 07:00:00   ;     0
17.07.1992 07:00:00   ;     0
18.07.1992 07:00:00   ;     0
19.07.1992 07:00:00   ;     0
20.07.1992 07:00:00   ;     0
21.07.1992 07:00:00   ;     0
22.07.1992 07:00:00   ;     0
23.07.1992 07:00:00   ;     0
24.07.1992 07:00:00   ;     0
25.07.1992 07:00:00   ;     0
26.07.1992 07:00:00   ;     0
27.07.1992 07:00:00   ;     0
28.07.1992 07:00:00   ;     0
29.07.1992 07:00:00   ;     0
30.07.1992 07:00:00   ;     0
31.07.1992 07:00:00   ;     0
01.08.1992 07:00:00   ;     0
02.08.1992 07:00:00   ;     0
03.08.1992 07:00:00   ;     0
04.08.1992 07:00:00   ;     0
05.08.1992 07:00:00   ;     0
06.08.1992 07:00:00   ;     0
07.08.1992 07:00:00   ;     0
08.08.1992 07:00:00   ;     0
09.08.1992 07:00:00   ;     0
10.08.1992 07:00:00   ;     0
11.08.1992 07:00:00   ;     0
12.08.1992 07:00:00   ;     0
13.08.1992 07:00:00   ;     0
14.08.1992 07:00:00   ;     0
15.08.1992 07:00:00   ;     0
16.08.1992 07:00:00   ;     0
17.08.1992 07:00:00   ;     0
18.08.1992 07:00:00   ;     0
19.08.1992 07:00:00   ;     0
20.08.1992 07:00:00   ;     0
21.08.1992 07:00:00   ;     0
22.08.1992 07:00:00   ;     0
23.08.1992 07:00:00   ;     0
24.08.1992 07:00:00   ;     0
25.08.1992 07:00:00   ;     0
26.08.1992 07:00:00   ;     0
27.08.1992 07:00:00   ;     0
28.08.1992 07:00:00   ;     0
29.08.1992 07:00:00   ;     0
30.08.1992 07:00:00   ;     0
31.08.1992 07:00:00   ;     0
01.09.1992 07:00:00   ;     0
02.09.1992 07:00:00   ;     0
03.09.1992 07:00:00   ;     0
04.09.1992 07:00:00   ;     0
05.09.1992 07:00:00   ;     0
06.09.1992 07:00:00   ;     0
07.09.1992 07:00:00   ;     0
08.09.1992 07:00:00   ;     0
09.09.1992 07:00:00   ;     0
10.09.1992 07:00:00   ;     0
11.09.1992 07:00:00   ;     0
12.09.1992 07:00:00   ;     0
13.09.1992 07:00:00   ;     0
14.09.1992 07:00:00   ;     0
15.09.1992 07:00:00   ;     0
16.09.1992 07:00:00   ;     0
17.09.1992 07:00:00   ;     0
18.09.1992 07:00:00   ;     0
19.09.1992 07:00:00   ;     0
20.09.1992 07:00:00   ;     0
21.09.1992 07:00:00   ;     0
22.09.1992 07:00:00   ;     0
23.09.1992 07:00:00   ;     0
24.09.1992 07:00:00   ;     0
25.09.1992 07:00:00   ;     0
26.09.1992 07:00:00   ;     0
27.09.1992 07:00:00   ;     0
28.09.1992 07:00:00   ;     0
29.09.1992 07:00:00   ;     0
30.09.1992 07:00:00   ;     0
01.10.1992 07:00:00   ;     0
02.10.1992 07:00:00   ;     0
03.10.1992 07:00:00   ;     0
04.10.1992 07:00:00   ;     0
05.10.1992 07:00:00   ;     0
06.10.1992 07:00:00   ;     0
07.10.1992 07:00:00   ;     0
08.10.1992 07:00:00   ;     0
09.10.1992 07:00:00   ;     0
10.10.1992 07:00:00   ;     0
11.10.1992 07:00:00   ;     0
12.10.1992 07:00:00   ;     0
13.10.1992 07:00:00   ;     0
14.10.1992 07:00:00   ;     0
15.10.1992 07:00:00   ;     0
16.10.1992 07:00:00   ;     0
17.10.1992 07:00:00   ;     2
18.10.1992 07:00:00   ;     0
19.10.1992 07:00:00   ;     0
20.10.1992 07:00:00   ;     0
21.10.1992 07:00:00   ;     0
22.10.1992 07:00:00   ;     0
23.10.1992 07:00:00   ;     0
24.10.1992 07:00:00   ;     0
25.10.1992 07:00:00   ;     0
26.10.1992 07:00:00   ;     0
27.10.1992 07:00:00   ;     0
28.10.1992 07:00:00   ;     0
29.10.1992 07:00:00   ;     0
30.10.1992 07:00:00   ;     0
31.10.1992 07:00:00   ;     0
01.11.1992 07:00:00   ;     0
02.11.1992 07:00:00   ;     0
03.11.1992 07:00:00   ;     0
04.11.1992 07:00:00   ;     0
05.11.1992 07:00:00   ;     0
06.11.1992 07:00:00   ;     0
07.11.1992 07:00:00   ;     0
08.11.1992 07:00:00   ;     0
09.11.1992 07:00:00   ;     0
10.11.1992 07:00:00   ;     0
11.11.1992 07:00:00   ;     0
12.11.1992 07:00:00   ;     4
13.11.1992 07:00:00   ;     6
14.11.1992 07:00:00   ;     0
15.11.1992 07:00:00   ;     0
16.11.1992 07:00:00   ;     0
17.11.1992 07:00:00   ;     4
18.11.1992 07:00:00   ;     0
19.11.1992 07:00:00   ;     0
20.11.1992 07:00:00   ;     0
21.11.1992 07:00:00   ;     0
22.11.1992 07:00:00   ;     0
23.11.1992 07:00:00   ;     0
24.11.1992 07:00:00   ;     0
25.11.1992 07:00:00   ;     0
26.11.1992 07:00:00   ;     0
27.11.1992 07:00:00   ;     0
28.11.1992 07:00:00   ;     0
29.11.1992 07:00:00   ;     0
30.11.1992 07:00:00   ;     0
01.12.1992 07:00:00   ;     0
02.12.1992 07:00:00   ;     0
03.12.1992 07:00:00   ;     0
04.12.1992 07:00:00   ;     0
05.12.1992 07:00:00   ;     7
06.12.1992 07:00:00   ;     0
07.12.1992 07:00:00   ;     2
08.12.1992 07:00:00   ;     0
09.12.1992 07:00:00   ;     0
10.12.1992 07:00:00   ;     0
11.12.1992 07:00:00   ;     0
12.12.1992 07:00:00   ;     0
13.12.1992 07:00:00   ;     2
14.12.1992 07:00:00   ;     0
15.12.1992 07:00:00   ;     0
16.12.1992 07:00:00   ;     0
17.12.1992 07:00:00   ;     0
18.12.1992 07:00:00   ;     0
19.12.1992 07:00:00   ;     0
20.12.1992 07:00:00   ;     0
21.12.1992 07:00:00   ;     0
22.12.1992 07:00:00   ;     0
23.12.1992 07:00:00   ;     0
24.12.1992 07:00:00   ;     0
25.12.1992 07:00:00   ;     0
26.12.1992 07:00:00   ;     0
27.12.1992 07:00:00   ;     0
28.12.1992 07:00:00   ;     0
29.12.1992 07:00:00   ;     0
30.12.1992 07:00:00   ;     0
31.12.1992 07:00:00   ;     0
01.01.1993 07:00:00   ;     0
02.01.1993 07:00:00   ;     0
03.01.1993 07:00:00   ;     0
04.01.1993 07:00:00   ;     0
05.01.1993 07:00:00   ;     0
06.01.1993 07:00:00   ;     0
07.01.1993 07:00:00   ;     0
08.01.1993 07:00:00   ;     0
09.01.1993 07:00:00   ;     0
10.01.1993 07:00:00   ;     0
11.01.1993 07:00:00   ;     0
12.01.1993 07:00:00   ;     0
13.01.1993 07:00:00   ;     0
14.01.1993 07:00:00   ;     0
15.01.1993 07:00:00   ;     0
16.01.1993 07:00:00   ;     0
17.01.1993 07:00:00   ;     0
18.01.1993 07:00:00   ;     0
19.01.1993 07:00:00   ;     0
20.01.1993 07:00:00   ;     0
21.01.1993 07:00:00   ;     0
22.01.1993 07:00:00   ;     0
23.01.1993 07:00:00   ;     0
24.01.1993 07:00:00   ;    10
25.01.1993 07:00:00   ;    15
26.01.1993 07:00:00   ;     5
27.01.1993 07:00:00   ;     0
28.01.1993 07:00:00   ;     0
29.01.1993 07:00:00   ;     0
30.01.1993 07:00:00   ;     0
31.01.1993 07:00:00   ;     0
01.02.1993 07:00:00   ;     0
02.02.1993 07:00:00   ;     0
03.02.1993 07:00:00   ;     0
04.02.1993 07:00:00   ;     0
05.02.1993 07:00:00   ;     0
06.02.1993 07:00:00   ;     0
07.02.1993 07:00:00   ;     0
08.02.1993 07:00:00   ;     0
09.02.1993 07:00:00   ;     0
10.02.1993 07:00:00   ;     0
11.02.1993 07:00:00   ;     0
12.02.1993 07:00:00   ;     0
13.02.1993 07:00:00   ;     0
14.02.1993 07:00:00   ;     0
15.02.1993 07:00:00   ;     0
16.02.1993 07:00:00   ;     0
17.02.1993 07:00:00   ;     8
18.02.1993 07:00:00   ;     0
19.02.1993 07:00:00   ;    17
20.02.1993 07:00:00   ;    18
21.02.1993 07:00:00   ;    15
22.02.1993 07:00:00   ;    10
23.02.1993 07:00:00   ;     2
24.02.1993 07:00:00   ;     0
25.02.1993 07:00:00   ;     0
26.02.1993 07:00:00   ;     0
27.02.1993 07:00:00   ;     0
28.02.1993 07:00:00   ;     0
01.03.1993 07:00:00   ;     0
02.03.1993 07:00:00   ;     1
03.03.1993 07:00:00   ;     6
04.03.1993 07:00:00   ;     1
05.03.1993 07:00:00   ;     2
06.03.1993 07:00:00   ;    35
07.03.1993 07:00:00   ;     0
08.03.1993 07:00:00   ;     0
09.03.1993 07:00:00   ;     0
10.03.1993 07:00:00   ;     0
11.03.1993 07:00:00   ;     0
12.03.1993 07:00:00   ;     0
13.03.1993 07:00:00   ;     0
14.03.1993 07:00:00   ;     0
15.03.1993 07:00:00   ;     0
16.03.1993 07:00:00   ;     0
17.03.1993 07:00:00   ;     0
18.03.1993 07:00:00   ;     0
19.03.1993 07:00:00   ;     0
20.03.1993 07:00:00   ;     0
21.03.1993 07:00:00   ;     0
22.03.1993 07:00:00   ;     0
23.03.1993 07:00:00   ;     1
24.03.1993 07:00:00   ;    12
25.03.1993 07:00:00   ;     6
26.03.1993 07:00:00   ;    10
27.03.1993 07:00:00   ;     5
28.03.1993 07:00:00   ;     0
29.03.1993 07:00:00   ;     0
30.03.1993 07:00:00   ;     0
31.03.1993 07:00:00   ;     0
01.04.1993 07:00:00   ;     0
02.04.1993 07:00:00   ;     0
03.04.1993 07:00:00   ;     0
04.04.1993 07:00:00   ;     0
05.04.1993 07:00:00   ;     0
06.04.1993 07:00:00   ;     0
07.04.1993 07:00:00   ;     0
08.04.1993 07:00:00   ;     0
09.04.1993 07:00:00   ;     0
10.04.1993 07:00:00   ;     0
11.04.1993 07:00:00   ;     0
12.04.1993 07:00:00   ;     0
13.04.1993 07:00:00   ;     0
14.04.1993 07:00:00   ;     0
15.04.1993 07:00:00   ;     0
16.04.1993 07:00:00   ;     0
17.04.1993 07:00:00   ;     0
18.04.1993 07:00:00   ;     0
19.04.1993 07:00:00   ;     0
20.04.1993 07:00:00   ;     0
21.04.1993 07:00:00   ;     0
22.04.1993 07:00:00   ;     0
23.04.1993 07:00:00   ;     0
24.04.1993 07:00:00   ;     0
25.04.1993 07:00:00   ;     0
26.04.1993 07:00:00   ;     0
27.04.1993 07:00:00   ;     0
28.04.1993 07:00:00   ;     0
29.04.1993 07:00:00   ;     0
30.04.1993 07:00:00   ;     0
01.05.1993 07:00:00   ;     0
02.05.1993 07:00:00   ;     0
03.05.1993 07:00:00   ;     0
04.05.1993 07:00:00   ;     0
05.05.1993 07:00:00   ;     0
06.05.1993 07:00:00   ;     0
07.05.1993 07:00:00   ;     0
08.05.1993 07:00:00   ;     0
09.05.1993 07:00:00   ;     0
10.05.1993 07:00:00   ;     0
11.05.1993 07:00:00   ;     0
12.05.1993 07:00:00   ;     0
13.05.1993 07:00:00   ;     0
14.05.1993 07:00:00   ;     0
15.05.1993 07:00:00   ;     0
16.05.1993 07:00:00   ;     0
17.05.1993 07:00:00   ;     0
18.05.1993 07:00:00   ;     0
19.05.1993 07:00:00   ;     0
20.05.1993 07:00:00   ;     0
21.05.1993 07:00:00   ;     0
22.05.1993 07:00:00   ;     0
23.05.1993 07:00:00   ;     0
24.05.1993 07:00:00   ;     0
25.05.1993 07:00:00   ;     0
26.05.1993 07:00:00   ;     0
27.05.1993 07:00:00   ;     0
28.05.1993 07:00:00   ;     0
29.05.1993 07:00:00   ;     0
30.05.1993 07:00:00   ;     0
31.05.1993 07:00:00   ;     0
01.06.1993 07:00:00   ;     0
02.06.1993 07:00:00   ;     0
03.06.1993 07:00:00   ;     0
04.06.1993 07:00:00   ;     0
05.06.1993 07:00:00   ;     0
06.06.1993 07:00:00   ;     0
07.06.1993 07:00:00   ;     0
08.06.1993 07:00:00   ;     0
09.06.1993 07:00:00   ;     0
10.06.1993 07:00:00   ;     0
11.06.1993 07:00:00   ;     0
12.06.1993 07:00:00   ;     0
13.06.1993 07:00:00   ;     0
14.06.1993 07:00:00   ;     0
15.06.1993 07:00:00   ;     0
16.06.1993 07:00:00   ;     0
17.06.1993 07:00:00   ;     0
18.06.1993 07:00:00   ;     0
19.06.1993 07:00:00   ;     0
20.06.1993 07:00:00   ;     0
21.06.1993 07:00:00   ;     0
22.06.1993 07:00:00   ;     0
23.06.1993 07:00:00   ;     0
24.06.1993 07:00:00   ;     0
25.06.1993 07:00:00   ;     0
26.06.1993 07:00:00   ;     0
27.06.1993 07:00:00   ;     0
28.06.1993 07:00:00   ;     0
29.06.1993 07:00:00   ;     0
30.06.1993 07:00:00   ;     0
01.07.1993 07:00:00   ;     0
02.07.1993 07:00:00   ;     0
03.07.1993 07:00:00   ;     0
04.07.1993 07:00:00   ;     0
05.07.1993 07:00:00   ;     0
06.07.1993 07:00:00   ;     0
07.07.1993 07:00:00   ;     0
08.07.1993 07:00:00   ;     0
09.07.1993 07:00:00   ;     0
10.07.1993 07:00:00   ;     0
11.07.1993 07:00:00   ;     0
12.07.1993 07:00:00   ;     0
13.07.1993 07:00:00   ;     0
14.07.1993 07:00:00   ;     0
15.07.1993 07:00:00   ;     0
16.07.1993 07:00:00   ;     0
17.07.1993 07:00:00   ;     0
18.07.1993 07:00:00   ;     0
19.07.1993 07:00:00   ;     0
20.07.1993 07:00:00   ;     0
21.07.1993 07:00:00   ;     0
22.07.1993 07:00:00   ;     0
23.07.1993 07:00:00   ;     0
24.07.1993 07:00:00   ;     0
25.07.1993 07:00:00   ;     0
26.07.1993 07:00:00   ;     0
27.07.1993 07:00:00   ;     0
28.07.1993 07:00:00   ;     0
29.07.1993 07:00:00   ;     0
30.07.1993 07:00:00   ;     0
31.07.1993 07:00:00   ;     0
01.08.1993 07:00:00   ;     0
02.08.1993 07:00:00   ;     0
03.08.1993 07:00:00   ;     0
04.08.1993 07:00:00   ;     0
05.08.1993 07:00:00   ;     0
06.08.1993 07:00:00   ;     0
07.08.1993 07:00:00   ;     0
08.08.1993 07:00:00   ;     0
09.08.1993 07:00:00   ;     0
10.08.1993 07:00:00   ;     0
11.08.1993 07:00:00   ;     0
12.08.1993 07:00:00   ;     0
13.08.1993 07:00:00   ;     0
14.08.1993 07:00:00   ;     0
15.08.1993 07:00:00   ;     0
16.08.1993 07:00:00   ;     0
17.08.1993 07:00:00   ;     0
18.08.1993 07:00:00   ;     0
19.08.1993 07:00:00   ;     0
20.08.1993 07:00:00   ;     0
21.08.1993 07:00:00   ;     0
22.08.1993 07:00:00   ;     0
23.08.1993 07:00:00   ;     0
24.08.1993 07:00:00   ;     0
25.08.1993 07:00:00   ;     0
26.08.1993 07:00:00   ;     0
27.08.1993 07:00:00   ;     0
28.08.1993 07:00:00   ;     0
29.08.1993 07:00:00   ;     0
30.08.1993 07:00:00   ;     0
31.08.1993 07:00:00   ;     0
01.09.1993 07:00:00   ;     0
02.09.1993 07:00:00   ;     0
03.09.1993 07:00:00   ;     0
04.09.1993 07:00:00   ;     0
05.09.1993 07:00:00   ;     0
06.09.1993 07:00:00   ;     0
07.09.1993 07:00:00   ;     0
08.09.1993 07:00:00   ;     0
09.09.1993 07:00:00   ;     0
10.09.1993 07:00:00   ;     0
11.09.1993 07:00:00   ;     0
12.09.1993 07:00:00   ;     0
13.09.1993 07:00:00   ;     0
14.09.1993 07:00:00   ;     0
15.09.1993 07:00:00   ;     0
16.09.1993 07:00:00   ;     0
17.09.1993 07:00:00   ;     0
18.09.1993 07:00:00   ;     0
19.09.1993 07:00:00   ;     0
20.09.1993 07:00:00   ;     0
21.09.1993 07:00:00   ;     0
22.09.1993 07:00:00   ;     0
23.09.1993 07:00:00   ;     0
24.09.1993 07:00:00   ;     0
25.09.1993 07:00:00   ;     0
26.09.1993 07:00:00   ;     0
27.09.1993 07:00:00   ;     0
28.09.1993 07:00:00   ;     0
29.09.1993 07:00:00   ;     0
30.09.1993 07:00:00   ;     0
01.10.1993 07:00:00   ;     0
02.10.1993 07:00:00   ;     0
03.10.1993 07:00:00   ;     0
04.10.1993 07:00:00   ;     0
05.10.1993 07:00:00   ;     0
06.10.1993 07:00:00   ;     0
07.10.1993 07:00:00   ;     0
08.10.1993 07:00:00   ;     0
09.10.1993 07:00:00   ;     0
10.10.1993 07:00:00   ;     0
11.10.1993 07:00:00   ;     0
12.10.1993 07:00:00   ;     0
13.10.1993 07:00:00   ;     0
14.10.1993 07:00:00   ;     0
15.10.1993 07:00:00   ;     0
16.10.1993 07:00:00   ;     0
17.10.1993 07:00:00   ;     0
18.10.1993 07:00:00   ;     0
19.10.1993 07:00:00   ;     0
20.10.1993 07:00:00   ;     0
21.10.1993 07:00:00   ;     3
22.10.1993 07:00:00   ;     0
23.10.1993 07:00:00   ;     0
24.10.1993 07:00:00   ;     0
25.10.1993 07:00:00   ;     0
26.10.1993 07:00:00   ;     0
27.10.1993 07:00:00   ;     0
28.10.1993 07:00:00   ;     0
29.10.1993 07:00:00   ;     0
30.10.1993 07:00:00   ;     0
31.10.1993 07:00:00   ;     0
01.11.1993 07:00:00   ;     0
02.11.1993 07:00:00   ;     0
03.11.1993 07:00:00   ;     0
04.11.1993 07:00:00   ;     0
05.11.1993 07:00:00   ;     0
06.11.1993 07:00:00   ;     0
07.11.1993 07:00:00   ;     0
08.11.1993 07:00:00   ;     0
09.11.1993 07:00:00   ;     0
10.11.1993 07:00:00   ;     0
11.11.1993 07:00:00   ;     0
12.11.1993 07:00:00   ;     0
13.11.1993 07:00:00   ;     0
14.11.1993 07:00:00   ;     0
15.11.1993 07:00:00   ;     5
16.11.1993 07:00:00   ;     3
17.11.1993 07:00:00   ;     0
18.11.1993 07:00:00   ;     0
19.11.1993 07:00:00   ;     0
20.11.1993 07:00:00   ;     0
21.11.1993 07:00:00   ;     0
22.11.1993 07:00:00   ;     0
23.11.1993 07:00:00   ;     0
24.11.1993 07:00:00   ;     0
25.11.1993 07:00:00   ;     0
26.11.1993 07:00:00   ;     0
27.11.1993 07:00:00   ;     0
28.11.1993 07:00:00   ;     0
29.11.1993 07:00:00   ;     0
30.11.1993 07:00:00   ;     0
01.12.1993 07:00:00   ;     0
02.12.1993 07:00:00   ;     0
03.12.1993 07:00:00   ;     0
04.12.1993 07:00:00   ;     0
05.12.1993 07:00:00   ;     0
06.12.1993 07:00:00   ;     0
07.12.1993 07:00:00   ;     7
08.12.1993 07:00:00   ;     4
09.12.1993 07:00:00   ;     0
10.12.1993 07:00:00   ;     0
11.12.1993 07:00:00   ;    20
12.12.1993 07:00:00   ;     2
13.12.1993 07:00:00   ;     0
14.12.1993 07:00:00   ;     0
15.12.1993 07:00:00   ;     2
16.12.1993 07:00:00   ;     2
17.12.1993 07:00:00   ;     5
18.12.1993 07:00:00   ;     0
19.12.1993 07:00:00   ;     0
20.12.1993 07:00:00   ;     0
21.12.1993 07:00:00   ;     2
22.12.1993 07:00:00   ;     0
23.12.1993 07:00:00   ;     0
24.12.1993 07:00:00   ;     5
25.12.1993 07:00:00   ;    10
26.12.1993 07:00:00   ;     0
27.12.1993 07:00:00   ;     2
28.12.1993 07:00:00   ;     0
29.12.1993 07:00:00   ;     0
30.12.1993 07:00:00   ;     0
31.12.1993 07:00:00   ;     0
01.01.1994 07:00:00   ;     1
02.01.1994 07:00:00   ;     2
03.01.1994 07:00:00   ;     0
04.01.1994 07:00:00   ;     5
05.01.1994 07:00:00   ;     0
06.01.1994 07:00:00   ;     0
07.01.1994 07:00:00   ;     0
08.01.1994 07:00:00   ;     0
09.01.1994 07:00:00   ;     0
10.01.1994 07:00:00   ;     0
11.01.1994 07:00:00   ;     0
12.01.1994 07:00:00   ;     0
13.01.1994 07:00:00   ;     0
14.01.1994 07:00:00   ;     0
15.01.1994 07:00:00   ;     0
16.01.1994 07:00:00   ;     1
17.01.1994 07:00:00   ;     1
18.01.1994 07:00:00   ;     0
19.01.1994 07:00:00   ;     0
20.01.1994 07:00:00   ;     0
21.01.1994 07:00:00   ;     0
22.01.1994 07:00:00   ;     0
23.01.1994 07:00:00   ;     0
24.01.1994 07:00:00   ;     0
25.01.1994 07:00:00   ;     0
26.01.1994 07:00:00   ;    10
27.01.1994 07:00:00   ;     0
28.01.1994 07:00:00   ;    27
29.01.1994 07:00:00   ;     0
30.01.1994 07:00:00   ;     0
31.01.1994 07:00:00   ;     0
01.02.1994 07:00:00   ;     0
02.02.1994 07:00:00   ;     0
03.02.1994 07:00:00   ;     0
04.02.1994 07:00:00   ;     0
05.02.1994 07:00:00   ;     0
06.02.1994 07:00:00   ;     0
07.02.1994 07:00:00   ;     0
08.02.1994 07:00:00   ;     0
09.02.1994 07:00:00   ;     0
10.02.1994 07:00:00   ;    15
11.02.1994 07:00:00   ;    15
12.02.1994 07:00:00   ;     6
13.02.1994 07:00:00   ;     0
14.02.1994 07:00:00   ;     0
15.02.1994 07:00:00   ;     0
16.02.1994 07:00:00   ;     0
17.02.1994 07:00:00   ;     5
18.02.1994 07:00:00   ;     1
19.02.1994 07:00:00   ;     0
20.02.1994 07:00:00   ;     0
21.02.1994 07:00:00   ;     0
22.02.1994 07:00:00   ;     0
23.02.1994 07:00:00   ;     0
24.02.1994 07:00:00   ;     0
25.02.1994 07:00:00   ;     0
26.02.1994 07:00:00   ;     0
27.02.1994 07:00:00   ;     0
28.02.1994 07:00:00   ;     0
01.03.1994 07:00:00   ;     0
02.03.1994 07:00:00   ;     0
03.03.1994 07:00:00   ;     0
04.03.1994 07:00:00   ;     0
05.03.1994 07:00:00   ;     0
06.03.1994 07:00:00   ;     0
07.03.1994 07:00:00   ;     0
08.03.1994 07:00:00   ;     0
09.03.1994 07:00:00   ;     0
10.03.1994 07:00:00   ;     0
11.03.1994 07:00:00   ;     0
12.03.1994 07:00:00   ;     0
13.03.1994 07:00:00   ;     0
14.03.1994 07:00:00   ;     0
15.03.1994 07:00:00   ;     0
16.03.1994 07:00:00   ;     0
17.03.1994 07:00:00   ;     0
18.03.1994 07:00:00   ;     0
19.03.1994 07:00:00   ;     0
20.03.1994 07:00:00   ;     0
21.03.1994 07:00:00   ;     0
22.03.1994 07:00:00   ;     0
23.03.1994 07:00:00   ;     0
24.03.1994 07:00:00   ;     0
25.03.1994 07:00:00   ;     0
26.03.1994 07:00:00   ;     0
27.03.1994 07:00:00   ;     0
28.03.1994 07:00:00   ;     0
29.03.1994 07:00:00   ;     0
30.03.1994 07:00:00   ;     0
31.03.1994 07:00:00   ;     0
01.04.1994 07:00:00   ;     0
02.04.1994 07:00:00   ;     0
03.04.1994 07:00:00   ;     0
04.04.1994 07:00:00   ;     0
05.04.1994 07:00:00   ;     0
06.04.1994 07:00:00   ;     0
07.04.1994 07:00:00   ;     0
08.04.1994 07:00:00   ;     0
09.04.1994 07:00:00   ;     0
10.04.1994 07:00:00   ;     0
11.04.1994 07:00:00   ;     0
12.04.1994 07:00:00   ;    10
13.04.1994 07:00:00   ;     0
14.04.1994 07:00:00   ;     0
15.04.1994 07:00:00   ;     0
16.04.1994 07:00:00   ;     0
17.04.1994 07:00:00   ;     0
18.04.1994 07:00:00   ;     0
19.04.1994 07:00:00   ;     0
20.04.1994 07:00:00   ;     0
21.04.1994 07:00:00   ;     0
22.04.1994 07:00:00   ;     0
23.04.1994 07:00:00   ;     0
24.04.1994 07:00:00   ;     0
25.04.1994 07:00:00   ;     0
26.04.1994 07:00:00   ;     0
27.04.1994 07:00:00   ;     0
28.04.1994 07:00:00   ;     0
29.04.1994 07:00:00   ;     0
30.04.1994 07:00:00   ;     0
01.05.1994 07:00:00   ;     0
02.05.1994 07:00:00   ;     0
03.05.1994 07:00:00   ;     0
04.05.1994 07:00:00   ;     0
05.05.1994 07:00:00   ;     0
06.05.1994 07:00:00   ;     0
07.05.1994 07:00:00   ;     0
08.05.1994 07:00:00   ;     0
09.05.1994 07:00:00   ;     0
10.05.1994 07:00:00   ;     0
11.05.1994 07:00:00   ;     0
12.05.1994 07:00:00   ;     0
13.05.1994 07:00:00   ;     0
14.05.1994 07:00:00   ;     0
15.05.1994 07:00:00   ;     0
16.05.1994 07:00:00   ;     0
17.05.1994 07:00:00   ;     0
18.05.1994 07:00:00   ;     0
19.05.1994 07:00:00   ;     0
20.05.1994 07:00:00   ;     0
21.05.1994 07:00:00   ;     0
22.05.1994 07:00:00   ;     0
23.05.1994 07:00:00   ;     0
24.05.1994 07:00:00   ;     0
25.05.1994 07:00:00   ;     0
26.05.1994 07:00:00   ;     0
27.05.1994 07:00:00   ;     0
28.05.1994 07:00:00   ;     0
29.05.1994 07:00:00   ;     0
30.05.1994 07:00:00   ;     0
31.05.1994 07:00:00   ;     0
01.06.1994 07:00:00   ;     0
02.06.1994 07:00:00   ;     0
03.06.1994 07:00:00   ;     0
04.06.1994 07:00:00   ;     0
05.06.1994 07:00:00   ;     0
06.06.1994 07:00:00   ;     0
07.06.1994 07:00:00   ;     0
08.06.1994 07:00:00   ;     0
09.06.1994 07:00:00   ;     0
10.06.1994 07:00:00   ;     0
11.06.1994 07:00:00   ;     0
12.06.1994 07:00:00   ;     0
13.06.1994 07:00:00   ;     0
14.06.1994 07:00:00   ;     0
15.06.1994 07:00:00   ;     0
16.06.1994 07:00:00   ;     0
17.06.1994 07:00:00   ;     0
18.06.1994 07:00:00   ;     0
19.06.1994 07:00:00   ;     0
20.06.1994 07:00:00   ;     0
21.06.1994 07:00:00   ;     0
22.06.1994 07:00:00   ;     0
23.06.1994 07:00:00   ;     0
24.06.1994 07:00:00   ;     0
25.06.1994 07:00:00   ;     0
26.06.1994 07:00:00   ;     0
27.06.1994 07:00:00   ;     0
28.06.1994 07:00:00   ;     0
29.06.1994 07:00:00   ;     0
30.06.1994 07:00:00   ;     0
01.07.1994 07:00:00   ;     0
02.07.1994 07:00:00   ;     0
03.07.1994 07:00:00   ;     0
04.07.1994 07:00:00   ;     0
05.07.1994 07:00:00   ;     0
06.07.1994 07:00:00   ;     0
07.07.1994 07:00:00   ;     0
08.07.1994 07:00:00   ;     0
09.07.1994 07:00:00   ;     0
10.07.1994 07:00:00   ;     0
11.07.1994 07:00:00   ;     0
12.07.1994 07:00:00   ;     0
13.07.1994 07:00:00   ;     0
14.07.1994 07:00:00   ;     0
15.07.1994 07:00:00   ;     0
16.07.1994 07:00:00   ;     0
17.07.1994 07:00:00   ;     0
18.07.1994 07:00:00   ;     0
19.07.1994 07:00:00   ;     0
20.07.1994 07:00:00   ;     0
21.07.1994 07:00:00   ;     0
22.07.1994 07:00:00   ;     0
23.07.1994 07:00:00   ;     0
24.07.1994 07:00:00   ;     0
25.07.1994 07:00:00   ;     0
26.07.1994 07:00:00   ;     0
27.07.1994 07:00:00   ;     0
28.07.1994 07:00:00   ;     0
29.07.1994 07:00:00   ;     0
30.07.1994 07:00:00   ;     0
31.07.1994 07:00:00   ;     0
01.08.1994 07:00:00   ;     0
02.08.1994 07:00:00   ;     0
03.08.1994 07:00:00   ;     0
04.08.1994 07:00:00   ;     0
05.08.1994 07:00:00   ;     0
06.08.1994 07:00:00   ;     0
07.08.1994 07:00:00   ;     0
08.08.1994 07:00:00   ;     0
09.08.1994 07:00:00   ;     0
10.08.1994 07:00:00   ;     0
11.08.1994 07:00:00   ;     0
12.08.1994 07:00:00   ;     0
13.08.1994 07:00:00   ;     0
14.08.1994 07:00:00   ;     0
15.08.1994 07:00:00   ;     0
16.08.1994 07:00:00   ;     0
17.08.1994 07:00:00   ;     0
18.08.1994 07:00:00   ;     0
19.08.1994 07:00:00   ;     0
20.08.1994 07:00:00   ;     0
21.08.1994 07:00:00   ;     0
22.08.1994 07:00:00   ;     0
23.08.1994 07:00:00   ;     0
24.08.1994 07:00:00   ;     0
25.08.1994 07:00:00   ;     0
26.08.1994 07:00:00   ;     0
27.08.1994 07:00:00   ;     0
28.08.1994 07:00:00   ;     0
29.08.1994 07:00:00   ;     0
30.08.1994 07:00:00   ;     0
31.08.1994 07:00:00   ;     0
01.09.1994 07:00:00   ;     0
02.09.1994 07:00:00   ;     0
03.09.1994 07:00:00   ;     0
04.09.1994 07:00:00   ;     0
05.09.1994 07:00:00   ;     0
06.09.1994 07:00:00   ;     0
07.09.1994 07:00:00   ;     0
08.09.1994 07:00:00   ;     0
09.09.1994 07:00:00   ;     0
10.09.1994 07:00:00   ;     0
11.09.1994 07:00:00   ;     0
12.09.1994 07:00:00   ;     0
13.09.1994 07:00:00   ;     0
14.09.1994 07:00:00   ;     0
15.09.1994 07:00:00   ;     0
16.09.1994 07:00:00   ;     0
17.09.1994 07:00:00   ;     0
18.09.1994 07:00:00   ;     0
19.09.1994 07:00:00   ;     0
20.09.1994 07:00:00   ;     0
21.09.1994 07:00:00   ;     0
22.09.1994 07:00:00   ;     0
23.09.1994 07:00:00   ;     0
24.09.1994 07:00:00   ;     0
25.09.1994 07:00:00   ;     0
26.09.1994 07:00:00   ;     0
27.09.1994 07:00:00   ;     0
28.09.1994 07:00:00   ;     0
29.09.1994 07:00:00   ;     0
30.09.1994 07:00:00   ;     0
01.10.1994 07:00:00   ;     0
02.10.1994 07:00:00   ;     0
03.10.1994 07:00:00   ;     0
04.10.1994 07:00:00   ;     0
05.10.1994 07:00:00   ;     0
06.10.1994 07:00:00   ;     0
07.10.1994 07:00:00   ;     0
08.10.1994 07:00:00   ;     0
09.10.1994 07:00:00   ;     0
10.10.1994 07:00:00   ;     0
11.10.1994 07:00:00   ;     0
12.10.1994 07:00:00   ;     0
13.10.1994 07:00:00   ;     0
14.10.1994 07:00:00   ;     0
15.10.1994 07:00:00   ;     0
16.10.1994 07:00:00   ;     0
17.10.1994 07:00:00   ;     0
18.10.1994 07:00:00   ;     0
19.10.1994 07:00:00   ;     0
20.10.1994 07:00:00   ;     0
21.10.1994 07:00:00   ;     0
22.10.1994 07:00:00   ;     0
23.10.1994 07:00:00   ;     0
24.10.1994 07:00:00   ;     0
25.10.1994 07:00:00   ;     0
26.10.1994 07:00:00   ;     0
27.10.1994 07:00:00   ;     0
28.10.1994 07:00:00   ;     0
29.10.1994 07:00:00   ;     0
30.10.1994 07:00:00   ;     0
31.10.1994 07:00:00   ;     0
01.11.1994 07:00:00   ;     0
02.11.1994 07:00:00   ;     0
03.11.1994 07:00:00   ;     0
04.11.1994 07:00:00   ;     0
05.11.1994 07:00:00   ;     0
06.11.1994 07:00:00   ;     0
07.11.1994 07:00:00   ;     0
08.11.1994 07:00:00   ;     0
09.11.1994 07:00:00   ;     0
10.11.1994 07:00:00   ;     0
11.11.1994 07:00:00   ;     0
12.11.1994 07:00:00   ;     0
13.11.1994 07:00:00   ;     0
14.11.1994 07:00:00   ;     0
15.11.1994 07:00:00   ;     0
16.11.1994 07:00:00   ;     0
17.11.1994 07:00:00   ;     0
18.11.1994 07:00:00   ;     0
19.11.1994 07:00:00   ;     0
20.11.1994 07:00:00   ;     0
21.11.1994 07:00:00   ;     0
22.11.1994 07:00:00   ;     0
23.11.1994 07:00:00   ;     0
24.11.1994 07:00:00   ;     0
25.11.1994 07:00:00   ;     0
26.11.1994 07:00:00   ;     0
27.11.1994 07:00:00   ;     0
28.11.1994 07:00:00   ;     0
29.11.1994 07:00:00   ;     0
30.11.1994 07:00:00   ;     0
01.12.1994 07:00:00   ;     0
02.12.1994 07:00:00   ;     0
03.12.1994 07:00:00   ;     0
04.12.1994 07:00:00   ;     0
05.12.1994 07:00:00   ;     0
06.12.1994 07:00:00   ;     0
07.12.1994 07:00:00   ;     0
08.12.1994 07:00:00   ;     0
09.12.1994 07:00:00   ;     0
10.12.1994 07:00:00   ;     0
11.12.1994 07:00:00   ;     0
12.12.1994 07:00:00   ;     0
13.12.1994 07:00:00   ;     0
14.12.1994 07:00:00   ;     0
15.12.1994 07:00:00   ;     0
16.12.1994 07:00:00   ;     0
17.12.1994 07:00:00   ;     0
18.12.1994 07:00:00   ;     0
19.12.1994 07:00:00   ;     0
20.12.1994 07:00:00   ;    16
21.12.1994 07:00:00   ;     4
22.12.1994 07:00:00   ;     4
23.12.1994 07:00:00   ;     0
24.12.1994 07:00:00   ;     0
25.12.1994 07:00:00   ;     0
26.12.1994 07:00:00   ;     0
27.12.1994 07:00:00   ;     0
28.12.1994 07:00:00   ;     0
29.12.1994 07:00:00   ;     0
30.12.1994 07:00:00   ;     0
31.12.1994 07:00:00   ;     8
01.01.1995 07:00:00   ;     4
02.01.1995 07:00:00   ;    18
03.01.1995 07:00:00   ;    10
04.01.1995 07:00:00   ;     0
05.01.1995 07:00:00   ;     0
06.01.1995 07:00:00   ;     0
07.01.1995 07:00:00   ;     2
08.01.1995 07:00:00   ;     0
09.01.1995 07:00:00   ;     9
10.01.1995 07:00:00   ;    55
11.01.1995 07:00:00   ;    30
12.01.1995 07:00:00   ;    32
13.01.1995 07:00:00   ;     2
14.01.1995 07:00:00   ;     0
15.01.1995 07:00:00   ;     0
16.01.1995 07:00:00   ;     0
17.01.1995 07:00:00   ;     0
18.01.1995 07:00:00   ;     0
19.01.1995 07:00:00   ;     1
20.01.1995 07:00:00   ;     0
21.01.1995 07:00:00   ;     0
22.01.1995 07:00:00   ;     0
23.01.1995 07:00:00   ;     0
24.01.1995 07:00:00   ;     2
25.01.1995 07:00:00   ;     0
26.01.1995 07:00:00   ;     2
27.01.1995 07:00:00   ;     2
28.01.1995 07:00:00   ;     0
29.01.1995 07:00:00   ;     0
30.01.1995 07:00:00   ;     0
31.01.1995 07:00:00   ;     0
01.02.1995 07:00:00   ;     0
02.02.1995 07:00:00   ;     0
03.02.1995 07:00:00   ;     0
04.02.1995 07:00:00   ;     0
05.02.1995 07:00:00   ;     0
06.02.1995 07:00:00   ;     0
07.02.1995 07:00:00   ;     0
08.02.1995 07:00:00   ;     0
09.02.1995 07:00:00   ;     0
10.02.1995 07:00:00   ;     0
11.02.1995 07:00:00   ;     0
12.02.1995 07:00:00   ;     0
13.02.1995 07:00:00   ;     0
14.02.1995 07:00:00   ;     0
15.02.1995 07:00:00   ;     0
16.02.1995 07:00:00   ;     0
17.02.1995 07:00:00   ;     0
18.02.1995 07:00:00   ;     0
19.02.1995 07:00:00   ;     0
20.02.1995 07:00:00   ;     0
21.02.1995 07:00:00   ;     0
22.02.1995 07:00:00   ;     0
23.02.1995 07:00:00   ;     2
24.02.1995 07:00:00   ;     0
25.02.1995 07:00:00   ;     0
26.02.1995 07:00:00   ;     7
27.02.1995 07:00:00   ;     0
28.02.1995 07:00:00   ;     0
01.03.1995 07:00:00   ;     0
02.03.1995 07:00:00   ;     0
03.03.1995 07:00:00   ;     8
04.03.1995 07:00:00   ;     3
05.03.1995 07:00:00   ;     0
06.03.1995 07:00:00   ;     1
07.03.1995 07:00:00   ;     0
08.03.1995 07:00:00   ;     0
09.03.1995 07:00:00   ;     0
10.03.1995 07:00:00   ;     0
11.03.1995 07:00:00   ;     0
12.03.1995 07:00:00   ;     0
13.03.1995 07:00:00   ;     0
14.03.1995 07:00:00   ;     5
15.03.1995 07:00:00   ;     0
16.03.1995 07:00:00   ;     0
17.03.1995 07:00:00   ;     0
18.03.1995 07:00:00   ;     0
19.03.1995 07:00:00   ;     0
20.03.1995 07:00:00   ;     4
21.03.1995 07:00:00   ;    16
22.03.1995 07:00:00   ;     0
23.03.1995 07:00:00   ;     0
24.03.1995 07:00:00   ;     0
25.03.1995 07:00:00   ;     0
26.03.1995 07:00:00   ;     0
27.03.1995 07:00:00   ;    10
28.03.1995 07:00:00   ;    25
29.03.1995 07:00:00   ;    30
30.03.1995 07:00:00   ;     2
31.03.1995 07:00:00   ;    20
01.04.1995 07:00:00   ;     0
02.04.1995 07:00:00   ;     0
03.04.1995 07:00:00   ;     0
04.04.1995 07:00:00   ;     0
05.04.1995 07:00:00   ;     0
06.04.1995 07:00:00   ;     0
07.04.1995 07:00:00   ;     0
08.04.1995 07:00:00   ;    10
09.04.1995 07:00:00   ;     0
10.04.1995 07:00:00   ;     0
11.04.1995 07:00:00   ;     0
12.04.1995 07:00:00   ;     0
13.04.1995 07:00:00   ;     0
14.04.1995 07:00:00   ;     4
15.04.1995 07:00:00   ;     0
16.04.1995 07:00:00   ;     0
17.04.1995 07:00:00   ;     0
18.04.1995 07:00:00   ;     0
19.04.1995 07:00:00   ;     0
20.04.1995 07:00:00   ;     0
21.04.1995 07:00:00   ;     0
22.04.1995 07:00:00   ;     0
23.04.1995 07:00:00   ;     0
24.04.1995 07:00:00   ;     0
25.04.1995 07:00:00   ;     0
26.04.1995 07:00:00   ;     0
27.04.1995 07:00:00   ;     0
28.04.1995 07:00:00   ;     0
29.04.1995 07:00:00   ;     0
30.04.1995 07:00:00   ;     0
01.05.1995 07:00:00   ;     0
02.05.1995 07:00:00   ;     0
03.05.1995 07:00:00   ;     0
04.05.1995 07:00:00   ;     0
05.05.1995 07:00:00   ;     0
06.05.1995 07:00:00   ;     0
07.05.1995 07:00:00   ;     0
08.05.1995 07:00:00   ;     0
09.05.1995 07:00:00   ;     0
10.05.1995 07:00:00   ;     0
11.05.1995 07:00:00   ;     0
12.05.1995 07:00:00   ;     0
13.05.1995 07:00:00   ;     0
14.05.1995 07:00:00   ;     0
15.05.1995 07:00:00   ;     0
16.05.1995 07:00:00   ;     0
17.05.1995 07:00:00   ;     0
18.05.1995 07:00:00   ;     0
19.05.1995 07:00:00   ;     0
20.05.1995 07:00:00   ;     0
21.05.1995 07:00:00   ;     0
22.05.1995 07:00:00   ;     0
23.05.1995 07:00:00   ;     0
24.05.1995 07:00:00   ;     0
25.05.1995 07:00:00   ;     0
26.05.1995 07:00:00   ;     0
27.05.1995 07:00:00   ;     0
28.05.1995 07:00:00   ;     0
29.05.1995 07:00:00   ;     0
30.05.1995 07:00:00   ;     0
31.05.1995 07:00:00   ;     0
01.06.1995 07:00:00   ;     0
02.06.1995 07:00:00   ;     0
03.06.1995 07:00:00   ;     0
04.06.1995 07:00:00   ;     0
05.06.1995 07:00:00   ;     0
06.06.1995 07:00:00   ;     0
07.06.1995 07:00:00   ;     0
08.06.1995 07:00:00   ;     0
09.06.1995 07:00:00   ;     0
10.06.1995 07:00:00   ;     0
11.06.1995 07:00:00   ;     0
12.06.1995 07:00:00   ;     0
13.06.1995 07:00:00   ;     0
14.06.1995 07:00:00   ;     0
15.06.1995 07:00:00   ;     0
16.06.1995 07:00:00   ;     0
17.06.1995 07:00:00   ;     0
18.06.1995 07:00:00   ;     0
19.06.1995 07:00:00   ;     0
20.06.1995 07:00:00   ;     0
21.06.1995 07:00:00   ;     0
22.06.1995 07:00:00   ;     0
23.06.1995 07:00:00   ;     0
24.06.1995 07:00:00   ;     0
25.06.1995 07:00:00   ;     0
26.06.1995 07:00:00   ;     0
27.06.1995 07:00:00   ;     0
28.06.1995 07:00:00   ;     0
29.06.1995 07:00:00   ;     0
30.06.1995 07:00:00   ;     0
01.07.1995 07:00:00   ;     0
02.07.1995 07:00:00   ;     0
03.07.1995 07:00:00   ;     0
04.07.1995 07:00:00   ;     0
05.07.1995 07:00:00   ;     0
06.07.1995 07:00:00   ;     0
07.07.1995 07:00:00   ;     0
08.07.1995 07:00:00   ;     0
09.07.1995 07:00:00   ;     0
10.07.1995 07:00:00   ;     0
11.07.1995 07:00:00   ;     0
12.07.1995 07:00:00   ;     0
13.07.1995 07:00:00   ;     0
14.07.1995 07:00:00   ;     0
15.07.1995 07:00:00   ;     0
16.07.1995 07:00:00   ;     0
17.07.1995 07:00:00   ;     0
18.07.1995 07:00:00   ;     0
19.07.1995 07:00:00   ;     0
20.07.1995 07:00:00   ;     0
21.07.1995 07:00:00   ;     0
22.07.1995 07:00:00   ;     0
23.07.1995 07:00:00   ;     0
24.07.1995 07:00:00   ;     0
25.07.1995 07:00:00   ;     0
26.07.1995 07:00:00   ;     0
27.07.1995 07:00:00   ;     0
28.07.1995 07:00:00   ;     0
29.07.1995 07:00:00   ;     0
30.07.1995 07:00:00   ;     0
31.07.1995 07:00:00   ;     0
01.08.1995 07:00:00   ;     0
02.08.1995 07:00:00   ;     0
03.08.1995 07:00:00   ;     0
04.08.1995 07:00:00   ;     0
05.08.1995 07:00:00   ;     0
06.08.1995 07:00:00   ;     0
07.08.1995 07:00:00   ;     0
08.08.1995 07:00:00   ;     0
09.08.1995 07:00:00   ;     0
10.08.1995 07:00:00   ;     0
11.08.1995 07:00:00   ;     0
12.08.1995 07:00:00   ;     0
13.08.1995 07:00:00   ;     0
14.08.1995 07:00:00   ;     0
15.08.1995 07:00:00   ;     0
16.08.1995 07:00:00   ;     0
17.08.1995 07:00:00   ;     0
18.08.1995 07:00:00   ;     0
19.08.1995 07:00:00   ;     0
20.08.1995 07:00:00   ;     0
21.08.1995 07:00:00   ;     0
22.08.1995 07:00:00   ;     0
23.08.1995 07:00:00   ;     0
24.08.1995 07:00:00   ;     0
25.08.1995 07:00:00   ;     0
26.08.1995 07:00:00   ;     0
27.08.1995 07:00:00   ;     0
28.08.1995 07:00:00   ;     0
29.08.1995 07:00:00   ;     0
30.08.1995 07:00:00   ;     0
31.08.1995 07:00:00   ;     0
01.09.1995 07:00:00   ;     0
02.09.1995 07:00:00   ;     0
03.09.1995 07:00:00   ;     0
04.09.1995 07:00:00   ;     0
05.09.1995 07:00:00   ;     0
06.09.1995 07:00:00   ;     0
07.09.1995 07:00:00   ;     0
08.09.1995 07:00:00   ;     0
09.09.1995 07:00:00   ;     0
10.09.1995 07:00:00   ;     0
11.09.1995 07:00:00   ;     0
12.09.1995 07:00:00   ;     0
13.09.1995 07:00:00   ;     0
14.09.1995 07:00:00   ;     0
15.09.1995 07:00:00   ;     0
16.09.1995 07:00:00   ;     0
17.09.1995 07:00:00   ;     0
18.09.1995 07:00:00   ;     0
19.09.1995 07:00:00   ;     0
20.09.1995 07:00:00   ;     0
21.09.1995 07:00:00   ;     0
22.09.1995 07:00:00   ;     0
23.09.1995 07:00:00   ;     0
24.09.1995 07:00:00   ;     0
25.09.1995 07:00:00   ;     0
26.09.1995 07:00:00   ;     0
27.09.1995 07:00:00   ;     0
28.09.1995 07:00:00   ;     0
29.09.1995 07:00:00   ;     0
30.09.1995 07:00:00   ;     0
01.10.1995 07:00:00   ;     0
02.10.1995 07:00:00   ;     0
03.10.1995 07:00:00   ;     0
04.10.1995 07:00:00   ;     0
05.10.1995 07:00:00   ;     0
06.10.1995 07:00:00   ;     0
07.10.1995 07:00:00   ;     0
08.10.1995 07:00:00   ;     0
09.10.1995 07:00:00   ;     0
10.10.1995 07:00:00   ;     0
11.10.1995 07:00:00   ;     0
12.10.1995 07:00:00   ;     0
13.10.1995 07:00:00   ;     0
14.10.1995 07:00:00   ;     0
15.10.1995 07:00:00   ;     0
16.10.1995 07:00:00   ;     0
17.10.1995 07:00:00   ;     0
18.10.1995 07:00:00   ;     0
19.10.1995 07:00:00   ;     0
20.10.1995 07:00:00   ;     0
21.10.1995 07:00:00   ;     0
22.10.1995 07:00:00   ;     0
23.10.1995 07:00:00   ;     0
24.10.1995 07:00:00   ;     0
25.10.1995 07:00:00   ;     0
26.10.1995 07:00:00   ;     0
27.10.1995 07:00:00   ;     0
28.10.1995 07:00:00   ;     0
29.10.1995 07:00:00   ;     0
30.10.1995 07:00:00   ;     0
31.10.1995 07:00:00   ;     0
01.11.1995 07:00:00   ;     0
02.11.1995 07:00:00   ;     0
03.11.1995 07:00:00   ;     5
04.11.1995 07:00:00   ;    25
05.11.1995 07:00:00   ;     0
06.11.1995 07:00:00   ;    10
07.11.1995 07:00:00   ;     0
08.11.1995 07:00:00   ;     0
09.11.1995 07:00:00   ;     0
10.11.1995 07:00:00   ;     0
11.11.1995 07:00:00   ;     0
12.11.1995 07:00:00   ;     0
13.11.1995 07:00:00   ;     0
14.11.1995 07:00:00   ;     0
15.11.1995 07:00:00   ;     0
16.11.1995 07:00:00   ;     0
17.11.1995 07:00:00   ;     4
18.11.1995 07:00:00   ;     1
19.11.1995 07:00:00   ;    20
20.11.1995 07:00:00   ;     0
21.11.1995 07:00:00   ;     0
22.11.1995 07:00:00   ;     0
23.11.1995 07:00:00   ;     0
24.11.1995 07:00:00   ;     0
25.11.1995 07:00:00   ;     0
26.11.1995 07:00:00   ;     0
27.11.1995 07:00:00   ;     0
28.11.1995 07:00:00   ;     0
29.11.1995 07:00:00   ;     0
30.11.1995 07:00:00   ;     0
01.12.1995 07:00:00   ;     0
02.12.1995 07:00:00   ;     8
03.12.1995 07:00:00   ;     8
04.12.1995 07:00:00   ;     2
05.12.1995 07:00:00   ;     0
06.12.1995 07:00:00   ;     0
07.12.1995 07:00:00   ;     0
08.12.1995 07:00:00   ;     0
09.12.1995 07:00:00   ;     0
10.12.1995 07:00:00   ;     0
11.12.1995 07:00:00   ;     4
12.12.1995 07:00:00   ;     8
13.12.1995 07:00:00   ;     3
14.12.1995 07:00:00   ;     0
15.12.1995 07:00:00   ;     0
16.12.1995 07:00:00   ;     0
17.12.1995 07:00:00   ;     0
18.12.1995 07:00:00   ;     0
19.12.1995 07:00:00   ;     0
20.12.1995 07:00:00   ;     0
21.12.1995 07:00:00   ;     0
22.12.1995 07:00:00   ;     0
23.12.1995 07:00:00   ;     0
24.12.1995 07:00:00   ;     0
25.12.1995 07:00:00   ;     0
26.12.1995 07:00:00   ;    15
27.12.1995 07:00:00   ;     2
28.12.1995 07:00:00   ;     0
29.12.1995 07:00:00   ;     0
30.12.1995 07:00:00   ;     0
31.12.1995 07:00:00   ;    12
01.01.1996 07:00:00   ;     0
02.01.1996 07:00:00   ;     0
03.01.1996 07:00:00   ;     0
04.01.1996 07:00:00   ;     0
05.01.1996 07:00:00   ;     0
06.01.1996 07:00:00   ;     0
07.01.1996 07:00:00   ;     0
08.01.1996 07:00:00   ;     0
09.01.1996 07:00:00   ;     0
10.01.1996 07:00:00   ;     0
11.01.1996 07:00:00   ;     0
12.01.1996 07:00:00   ;     0
13.01.1996 07:00:00   ;     0
14.01.1996 07:00:00   ;     0
15.01.1996 07:00:00   ;     0
16.01.1996 07:00:00   ;     0
17.01.1996 07:00:00   ;     0
18.01.1996 07:00:00   ;     0
19.01.1996 07:00:00   ;     0
20.01.1996 07:00:00   ;     0
21.01.1996 07:00:00   ;     0
22.01.1996 07:00:00   ;     0
23.01.1996 07:00:00   ;     0
24.01.1996 07:00:00   ;     0
25.01.1996 07:00:00   ;     0
26.01.1996 07:00:00   ;     0
27.01.1996 07:00:00   ;     5
28.01.1996 07:00:00   ;     0
29.01.1996 07:00:00   ;     0
30.01.1996 07:00:00   ;     0
31.01.1996 07:00:00   ;     0
01.02.1996 07:00:00   ;     0
02.02.1996 07:00:00   ;     0
03.02.1996 07:00:00   ;     2
04.02.1996 07:00:00   ;     0
05.02.1996 07:00:00   ;     0
06.02.1996 07:00:00   ;     0
07.02.1996 07:00:00   ;     0
08.02.1996 07:00:00   ;     1
09.02.1996 07:00:00   ;     0
10.02.1996 07:00:00   ;     0
11.02.1996 07:00:00   ;     1
12.02.1996 07:00:00   ;     0
13.02.1996 07:00:00   ;     3
14.02.1996 07:00:00   ;     1
15.02.1996 07:00:00   ;     0
16.02.1996 07:00:00   ;     1
17.02.1996 07:00:00   ;     8
18.02.1996 07:00:00   ;     8
19.02.1996 07:00:00   ;     3
20.02.1996 07:00:00   ;     0
21.02.1996 07:00:00   ;     0
22.02.1996 07:00:00   ;     1
23.02.1996 07:00:00   ;     0
24.02.1996 07:00:00   ;     0
25.02.1996 07:00:00   ;     0
26.02.1996 07:00:00   ;     0
27.02.1996 07:00:00   ;     0
28.02.1996 07:00:00   ;     0
29.02.1996 07:00:00   ;     0
01.03.1996 07:00:00   ;     4
02.03.1996 07:00:00   ;     4
03.03.1996 07:00:00   ;     9
04.03.1996 07:00:00   ;     0
05.03.1996 07:00:00   ;     0
06.03.1996 07:00:00   ;     0
07.03.1996 07:00:00   ;     0
08.03.1996 07:00:00   ;     0
09.03.1996 07:00:00   ;     0
10.03.1996 07:00:00   ;     0
11.03.1996 07:00:00   ;     3
12.03.1996 07:00:00   ;     0
13.03.1996 07:00:00   ;     0
14.03.1996 07:00:00   ;     0
15.03.1996 07:00:00   ;     0
16.03.1996 07:00:00   ;     0
17.03.1996 07:00:00   ;     0
18.03.1996 07:00:00   ;     0
19.03.1996 07:00:00   ;     0
20.03.1996 07:00:00   ;     0
21.03.1996 07:00:00   ;     0
22.03.1996 07:00:00   ;     0
23.03.1996 07:00:00   ;     0
24.03.1996 07:00:00   ;     0
25.03.1996 07:00:00   ;     0
26.03.1996 07:00:00   ;     0
27.03.1996 07:00:00   ;     0
28.03.1996 07:00:00   ;     0
29.03.1996 07:00:00   ;     0
30.03.1996 07:00:00   ;     2
31.03.1996 07:00:00   ;     0
01.04.1996 07:00:00   ;     1
02.04.1996 07:00:00   ;     5
03.04.1996 07:00:00   ;     0
04.04.1996 07:00:00   ;     0
05.04.1996 07:00:00   ;     0
06.04.1996 07:00:00   ;     0
07.04.1996 07:00:00   ;     0
08.04.1996 07:00:00   ;     0
09.04.1996 07:00:00   ;     0
10.04.1996 07:00:00   ;     0
11.04.1996 07:00:00   ;     0
12.04.1996 07:00:00   ;     0
13.04.1996 07:00:00   ;     0
14.04.1996 07:00:00   ;     0
15.04.1996 07:00:00   ;     0
16.04.1996 07:00:00   ;     0
17.04.1996 07:00:00   ;     0
18.04.1996 07:00:00   ;     0
19.04.1996 07:00:00   ;     0
20.04.1996 07:00:00   ;     0
21.04.1996 07:00:00   ;     0
22.04.1996 07:00:00   ;     0
23.04.1996 07:00:00   ;     0
24.04.1996 07:00:00   ;     0
25.04.1996 07:00:00   ;     0
26.04.1996 07:00:00   ;     0
27.04.1996 07:00:00   ;     0
28.04.1996 07:00:00   ;     0
29.04.1996 07:00:00   ;     0
30.04.1996 07:00:00   ;     0
01.05.1996 07:00:00   ;     0
02.05.1996 07:00:00   ;     0
03.05.1996 07:00:00   ;     0
04.05.1996 07:00:00   ;     0
05.05.1996 07:00:00   ;     0
06.05.1996 07:00:00   ;     0
07.05.1996 07:00:00   ;     0
08.05.1996 07:00:00   ;     0
09.05.1996 07:00:00   ;     0
10.05.1996 07:00:00   ;     0
11.05.1996 07:00:00   ;     0
12.05.1996 07:00:00   ;     0
13.05.1996 07:00:00   ;     0
14.05.1996 07:00:00   ;     0
15.05.1996 07:00:00   ;     0
16.05.1996 07:00:00   ;     0
17.05.1996 07:00:00   ;     0
18.05.1996 07:00:00   ;     0
19.05.1996 07:00:00   ;     0
20.05.1996 07:00:00   ;     0
21.05.1996 07:00:00   ;     0
22.05.1996 07:00:00   ;     0
23.05.1996 07:00:00   ;     0
24.05.1996 07:00:00   ;     0
25.05.1996 07:00:00   ;     0
26.05.1996 07:00:00   ;     0
27.05.1996 07:00:00   ;     0
28.05.1996 07:00:00   ;     0
29.05.1996 07:00:00   ;     0
30.05.1996 07:00:00   ;     0
31.05.1996 07:00:00   ;     0
01.06.1996 07:00:00   ;     0
02.06.1996 07:00:00   ;     0
03.06.1996 07:00:00   ;     0
04.06.1996 07:00:00   ;     0
05.06.1996 07:00:00   ;     0
06.06.1996 07:00:00   ;     0
07.06.1996 07:00:00   ;     0
08.06.1996 07:00:00   ;     0
09.06.1996 07:00:00   ;     0
10.06.1996 07:00:00   ;     0
11.06.1996 07:00:00   ;     0
12.06.1996 07:00:00   ;     0
13.06.1996 07:00:00   ;     0
14.06.1996 07:00:00   ;     0
15.06.1996 07:00:00   ;     0
16.06.1996 07:00:00   ;     0
17.06.1996 07:00:00   ;     0
18.06.1996 07:00:00   ;     0
19.06.1996 07:00:00   ;     0
20.06.1996 07:00:00   ;     0
21.06.1996 07:00:00   ;     0
22.06.1996 07:00:00   ;     0
23.06.1996 07:00:00   ;     0
24.06.1996 07:00:00   ;     0
25.06.1996 07:00:00   ;     0
26.06.1996 07:00:00   ;     0
27.06.1996 07:00:00   ;     0
28.06.1996 07:00:00   ;     0
29.06.1996 07:00:00   ;     0
30.06.1996 07:00:00   ;     0
01.07.1996 07:00:00   ;     0
02.07.1996 07:00:00   ;     0
03.07.1996 07:00:00   ;     0
04.07.1996 07:00:00   ;     0
05.07.1996 07:00:00   ;     0
06.07.1996 07:00:00   ;     0
07.07.1996 07:00:00   ;     0
08.07.1996 07:00:00   ;     0
09.07.1996 07:00:00   ;     0
10.07.1996 07:00:00   ;     0
11.07.1996 07:00:00   ;     0
12.07.1996 07:00:00   ;     0
13.07.1996 07:00:00   ;     0
14.07.1996 07:00:00   ;     0
15.07.1996 07:00:00   ;     0
16.07.1996 07:00:00   ;     0
17.07.1996 07:00:00   ;     0
18.07.1996 07:00:00   ;     0
19.07.1996 07:00:00   ;     0
20.07.1996 07:00:00   ;     0
21.07.1996 07:00:00   ;     0
22.07.1996 07:00:00   ;     0
23.07.1996 07:00:00   ;     0
24.07.1996 07:00:00   ;     0
25.07.1996 07:00:00   ;     0
26.07.1996 07:00:00   ;     0
27.07.1996 07:00:00   ;     0
28.07.1996 07:00:00   ;     0
29.07.1996 07:00:00   ;     0
30.07.1996 07:00:00   ;     0
31.07.1996 07:00:00   ;     0
01.08.1996 07:00:00   ;     0
02.08.1996 07:00:00   ;     0
03.08.1996 07:00:00   ;     0
04.08.1996 07:00:00   ;     0
05.08.1996 07:00:00   ;     0
06.08.1996 07:00:00   ;     0
07.08.1996 07:00:00   ;     0
08.08.1996 07:00:00   ;     0
09.08.1996 07:00:00   ;     0
10.08.1996 07:00:00   ;     0
11.08.1996 07:00:00   ;     0
12.08.1996 07:00:00   ;     0
13.08.1996 07:00:00   ;     0
14.08.1996 07:00:00   ;     0
15.08.1996 07:00:00   ;     0
16.08.1996 07:00:00   ;     0
17.08.1996 07:00:00   ;     0
18.08.1996 07:00:00   ;     0
19.08.1996 07:00:00   ;     0
20.08.1996 07:00:00   ;     0
21.08.1996 07:00:00   ;     0
22.08.1996 07:00:00   ;     0
23.08.1996 07:00:00   ;     0
24.08.1996 07:00:00   ;     0
25.08.1996 07:00:00   ;     0
26.08.1996 07:00:00   ;     0
27.08.1996 07:00:00   ;     0
28.08.1996 07:00:00   ;     0
29.08.1996 07:00:00   ;     0
30.08.1996 07:00:00   ;     0
31.08.1996 07:00:00   ;     0
01.09.1996 07:00:00   ;     0
02.09.1996 07:00:00   ;     0
03.09.1996 07:00:00   ;     0
04.09.1996 07:00:00   ;     0
05.09.1996 07:00:00   ;     0
06.09.1996 07:00:00   ;     0
07.09.1996 07:00:00   ;     0
08.09.1996 07:00:00   ;     0
09.09.1996 07:00:00   ;     0
10.09.1996 07:00:00   ;     0
11.09.1996 07:00:00   ;     0
12.09.1996 07:00:00   ;     0
13.09.1996 07:00:00   ;     0
14.09.1996 07:00:00   ;     0
15.09.1996 07:00:00   ;     0
16.09.1996 07:00:00   ;     0
17.09.1996 07:00:00   ;     0
18.09.1996 07:00:00   ;     0
19.09.1996 07:00:00   ;     0
20.09.1996 07:00:00   ;     0
21.09.1996 07:00:00   ;     0
22.09.1996 07:00:00   ;     0
23.09.1996 07:00:00   ;     0
24.09.1996 07:00:00   ;     0
25.09.1996 07:00:00   ;     0
26.09.1996 07:00:00   ;     0
27.09.1996 07:00:00   ;     0
28.09.1996 07:00:00   ;     0
29.09.1996 07:00:00   ;     0
30.09.1996 07:00:00   ;     0
01.10.1996 07:00:00   ;     0
02.10.1996 07:00:00   ;     0
03.10.1996 07:00:00   ;     0
04.10.1996 07:00:00   ;     0
05.10.1996 07:00:00   ;     0
06.10.1996 07:00:00   ;     0
07.10.1996 07:00:00   ;     0
08.10.1996 07:00:00   ;     0
09.10.1996 07:00:00   ;     0
10.10.1996 07:00:00   ;     0
11.10.1996 07:00:00   ;     0
12.10.1996 07:00:00   ;     0
13.10.1996 07:00:00   ;     0
14.10.1996 07:00:00   ;     0
15.10.1996 07:00:00   ;     0
16.10.1996 07:00:00   ;     0
17.10.1996 07:00:00   ;     0
18.10.1996 07:00:00   ;     0
19.10.1996 07:00:00   ;     0
20.10.1996 07:00:00   ;     0
21.10.1996 07:00:00   ;     0
22.10.1996 07:00:00   ;     0
23.10.1996 07:00:00   ;     0
24.10.1996 07:00:00   ;     0
25.10.1996 07:00:00   ;     0
26.10.1996 07:00:00   ;     0
27.10.1996 07:00:00   ;     0
28.10.1996 07:00:00   ;     0
29.10.1996 07:00:00   ;     0
30.10.1996 07:00:00   ;     0
31.10.1996 07:00:00   ;     0
01.11.1996 07:00:00   ;     0
02.11.1996 07:00:00   ;     0
03.11.1996 07:00:00   ;     0
04.11.1996 07:00:00   ;     0
05.11.1996 07:00:00   ;     0
06.11.1996 07:00:00   ;     0
07.11.1996 07:00:00   ;     0
08.11.1996 07:00:00   ;     0
09.11.1996 07:00:00   ;     0
10.11.1996 07:00:00   ;     0
11.11.1996 07:00:00   ;     0
12.11.1996 07:00:00   ;     0
13.11.1996 07:00:00   ;     0
14.11.1996 07:00:00   ;    10
15.11.1996 07:00:00   ;     0
16.11.1996 07:00:00   ;     0
17.11.1996 07:00:00   ;     0
18.11.1996 07:00:00   ;     0
19.11.1996 07:00:00   ;     0
20.11.1996 07:00:00   ;     0
21.11.1996 07:00:00   ;     2
22.11.1996 07:00:00   ;     0
23.11.1996 07:00:00   ;     5
24.11.1996 07:00:00   ;     0
25.11.1996 07:00:00   ;     4
26.11.1996 07:00:00   ;     2
27.11.1996 07:00:00   ;     2
28.11.1996 07:00:00   ;     2
29.11.1996 07:00:00   ;    25
30.11.1996 07:00:00   ;    10
01.12.1996 07:00:00   ;     3
02.12.1996 07:00:00   ;    16
03.12.1996 07:00:00   ;     0
04.12.1996 07:00:00   ;     0
05.12.1996 07:00:00   ;     0
06.12.1996 07:00:00   ;     0
07.12.1996 07:00:00   ;     0
08.12.1996 07:00:00   ;     0
09.12.1996 07:00:00   ;     0
10.12.1996 07:00:00   ;     0
11.12.1996 07:00:00   ;     0
12.12.1996 07:00:00   ;     0
13.12.1996 07:00:00   ;     0
14.12.1996 07:00:00   ;     0
15.12.1996 07:00:00   ;     0
16.12.1996 07:00:00   ;     0
17.12.1996 07:00:00   ;     0
18.12.1996 07:00:00   ;     0
19.12.1996 07:00:00   ;     0
20.12.1996 07:00:00   ;     0
21.12.1996 07:00:00   ;     0
22.12.1996 07:00:00   ;     0
23.12.1996 07:00:00   ;     5
24.12.1996 07:00:00   ;     1
25.12.1996 07:00:00   ;     2
26.12.1996 07:00:00   ;     0
27.12.1996 07:00:00   ;     0
28.12.1996 07:00:00   ;     0
29.12.1996 07:00:00   ;     0
30.12.1996 07:00:00   ;     0
31.12.1996 07:00:00   ;     0
01.01.1997 07:00:00   ;     0
02.01.1997 07:00:00   ;     0
03.01.1997 07:00:00   ;     0
04.01.1997 07:00:00   ;     1
05.01.1997 07:00:00   ;     0
06.01.1997 07:00:00   ;     0
07.01.1997 07:00:00   ;     0
08.01.1997 07:00:00   ;     0
09.01.1997 07:00:00   ;     0
10.01.1997 07:00:00   ;     0
11.01.1997 07:00:00   ;     0
12.01.1997 07:00:00   ;     0
13.01.1997 07:00:00   ;     0
14.01.1997 07:00:00   ;     0
15.01.1997 07:00:00   ;     0
16.01.1997 07:00:00   ;     0
17.01.1997 07:00:00   ;     0
18.01.1997 07:00:00   ;     0
19.01.1997 07:00:00   ;     0
20.01.1997 07:00:00   ;     0
21.01.1997 07:00:00   ;     0
22.01.1997 07:00:00   ;     0
23.01.1997 07:00:00   ;     0
24.01.1997 07:00:00   ;     0
25.01.1997 07:00:00   ;     0
26.01.1997 07:00:00   ;     0
27.01.1997 07:00:00   ;     0
28.01.1997 07:00:00   ;     0
29.01.1997 07:00:00   ;     0
30.01.1997 07:00:00   ;     0
31.01.1997 07:00:00   ;     0
01.02.1997 07:00:00   ;     0
02.02.1997 07:00:00   ;     0
03.02.1997 07:00:00   ;     0
04.02.1997 07:00:00   ;     0
05.02.1997 07:00:00   ;     1
06.02.1997 07:00:00   ;     0
07.02.1997 07:00:00   ;     0
08.02.1997 07:00:00   ;     0
09.02.1997 07:00:00   ;     0
10.02.1997 07:00:00   ;     0
11.02.1997 07:00:00   ;     0
12.02.1997 07:00:00   ;     0
13.02.1997 07:00:00   ;     0
14.02.1997 07:00:00   ;     8
15.02.1997 07:00:00   ;    10
16.02.1997 07:00:00   ;     1
17.02.1997 07:00:00   ;     0
18.02.1997 07:00:00   ;     9
19.02.1997 07:00:00   ;     1
20.02.1997 07:00:00   ;     0
21.02.1997 07:00:00   ;     0
22.02.1997 07:00:00   ;     0
23.02.1997 07:00:00   ;     0
24.02.1997 07:00:00   ;     0
25.02.1997 07:00:00   ;     0
26.02.1997 07:00:00   ;     0
27.02.1997 07:00:00   ;     0
28.02.1997 07:00:00   ;     0
01.03.1997 07:00:00   ;     0
02.03.1997 07:00:00   ;     0
03.03.1997 07:00:00   ;     0
04.03.1997 07:00:00   ;     0
05.03.1997 07:00:00   ;     0
06.03.1997 07:00:00   ;     0
07.03.1997 07:00:00   ;     0
08.03.1997 07:00:00   ;     0
09.03.1997 07:00:00   ;     0
10.03.1997 07:00:00   ;     0
11.03.1997 07:00:00   ;     0
12.03.1997 07:00:00   ;     0
13.03.1997 07:00:00   ;     0
14.03.1997 07:00:00   ;     0
15.03.1997 07:00:00   ;     0
16.03.1997 07:00:00   ;     0
17.03.1997 07:00:00   ;     0
18.03.1997 07:00:00   ;     0
19.03.1997 07:00:00   ;     0
20.03.1997 07:00:00   ;     2
21.03.1997 07:00:00   ;     2
22.03.1997 07:00:00   ;     0
23.03.1997 07:00:00   ;     0
24.03.1997 07:00:00   ;     0
25.03.1997 07:00:00   ;     0
26.03.1997 07:00:00   ;     0
27.03.1997 07:00:00   ;     0
28.03.1997 07:00:00   ;     4
29.03.1997 07:00:00   ;    10
30.03.1997 07:00:00   ;     0
31.03.1997 07:00:00   ;     0
01.04.1997 07:00:00   ;     0
02.04.1997 07:00:00   ;     0
03.04.1997 07:00:00   ;     0
04.04.1997 07:00:00   ;     3
05.04.1997 07:00:00   ;     0
06.04.1997 07:00:00   ;     0
07.04.1997 07:00:00   ;     0
08.04.1997 07:00:00   ;     0
09.04.1997 07:00:00   ;     0
10.04.1997 07:00:00   ;     0
11.04.1997 07:00:00   ;     0
12.04.1997 07:00:00   ;     0
13.04.1997 07:00:00   ;     0
14.04.1997 07:00:00   ;     0
15.04.1997 07:00:00   ;     5
16.04.1997 07:00:00   ;     2
17.04.1997 07:00:00   ;     0
18.04.1997 07:00:00   ;     0
19.04.1997 07:00:00   ;     2
20.04.1997 07:00:00   ;     0
21.04.1997 07:00:00   ;     0
22.04.1997 07:00:00   ;     0
23.04.1997 07:00:00   ;     0
24.04.1997 07:00:00   ;     0
25.04.1997 07:00:00   ;     0
26.04.1997 07:00:00   ;     0
27.04.1997 07:00:00   ;     0
28.04.1997 07:00:00   ;     0
29.04.1997 07:00:00   ;     0
30.04.1997 07:00:00   ;     0
01.05.1997 07:00:00   ;     0
02.05.1997 07:00:00   ;     0
03.05.1997 07:00:00   ;     0
04.05.1997 07:00:00   ;     0
05.05.1997 07:00:00   ;     0
06.05.1997 07:00:00   ;     0
07.05.1997 07:00:00   ;     0
08.05.1997 07:00:00   ;     0
09.05.1997 07:00:00   ;     0
10.05.1997 07:00:00   ;     0
11.05.1997 07:00:00   ;     0
12.05.1997 07:00:00   ;     0
13.05.1997 07:00:00   ;     0
14.05.1997 07:00:00   ;     0
15.05.1997 07:00:00   ;     0
16.05.1997 07:00:00   ;     0
17.05.1997 07:00:00   ;     0
18.05.1997 07:00:00   ;     0
19.05.1997 07:00:00   ;     0
20.05.1997 07:00:00   ;     0
21.05.1997 07:00:00   ;     0
22.05.1997 07:00:00   ;     0
23.05.1997 07:00:00   ;     0
24.05.1997 07:00:00   ;     0
25.05.1997 07:00:00   ;     0
26.05.1997 07:00:00   ;     0
27.05.1997 07:00:00   ;     0
28.05.1997 07:00:00   ;     0
29.05.1997 07:00:00   ;     0
30.05.1997 07:00:00   ;     0
31.05.1997 07:00:00   ;     0
01.06.1997 07:00:00   ;     0
02.06.1997 07:00:00   ;     0
03.06.1997 07:00:00   ;     0
04.06.1997 07:00:00   ;     0
05.06.1997 07:00:00   ;     0
06.06.1997 07:00:00   ;     0
07.06.1997 07:00:00   ;     0
08.06.1997 07:00:00   ;     0
09.06.1997 07:00:00   ;     0
10.06.1997 07:00:00   ;     0
11.06.1997 07:00:00   ;     0
12.06.1997 07:00:00   ;     0
13.06.1997 07:00:00   ;     0
14.06.1997 07:00:00   ;     0
15.06.1997 07:00:00   ;     0
16.06.1997 07:00:00   ;     0
17.06.1997 07:00:00   ;     0
18.06.1997 07:00:00   ;     0
19.06.1997 07:00:00   ;     0
20.06.1997 07:00:00   ;     0
21.06.1997 07:00:00   ;     0
22.06.1997 07:00:00   ;     0
23.06.1997 07:00:00   ;     0
24.06.1997 07:00:00   ;     0
25.06.1997 07:00:00   ;     0
26.06.1997 07:00:00   ;     0
27.06.1997 07:00:00   ;     0
28.06.1997 07:00:00   ;     0
29.06.1997 07:00:00   ;     0
30.06.1997 07:00:00   ;     0
01.07.1997 07:00:00   ;     0
02.07.1997 07:00:00   ;     0
03.07.1997 07:00:00   ;     0
04.07.1997 07:00:00   ;     0
05.07.1997 07:00:00   ;     0
06.07.1997 07:00:00   ;     0
07.07.1997 07:00:00   ;     0
08.07.1997 07:00:00   ;     0
09.07.1997 07:00:00   ;     0
10.07.1997 07:00:00   ;     0
11.07.1997 07:00:00   ;     0
12.07.1997 07:00:00   ;     0
13.07.1997 07:00:00   ;     0
14.07.1997 07:00:00   ;     0
15.07.1997 07:00:00   ;     0
16.07.1997 07:00:00   ;     0
17.07.1997 07:00:00   ;     0
18.07.1997 07:00:00   ;     0
19.07.1997 07:00:00   ;     0
20.07.1997 07:00:00   ;     0
21.07.1997 07:00:00   ;     0
22.07.1997 07:00:00   ;     0
23.07.1997 07:00:00   ;     0
24.07.1997 07:00:00   ;     0
25.07.1997 07:00:00   ;     0
26.07.1997 07:00:00   ;     0
27.07.1997 07:00:00   ;     0
28.07.1997 07:00:00   ;     0
29.07.1997 07:00:00   ;     0
30.07.1997 07:00:00   ;     0
31.07.1997 07:00:00   ;     0
01.08.1997 07:00:00   ;     0
02.08.1997 07:00:00   ;     0
03.08.1997 07:00:00   ;     0
04.08.1997 07:00:00   ;     0
05.08.1997 07:00:00   ;     0
06.08.1997 07:00:00   ;     0
07.08.1997 07:00:00   ;     0
08.08.1997 07:00:00   ;     0
09.08.1997 07:00:00   ;     0
10.08.1997 07:00:00   ;     0
11.08.1997 07:00:00   ;     0
12.08.1997 07:00:00   ;     0
13.08.1997 07:00:00   ;     0
14.08.1997 07:00:00   ;     0
15.08.1997 07:00:00   ;     0
16.08.1997 07:00:00   ;     0
17.08.1997 07:00:00   ;     0
18.08.1997 07:00:00   ;     0
19.08.1997 07:00:00   ;     0
20.08.1997 07:00:00   ;     0
21.08.1997 07:00:00   ;     0
22.08.1997 07:00:00   ;     0
23.08.1997 07:00:00   ;     0
24.08.1997 07:00:00   ;     0
25.08.1997 07:00:00   ;     0
26.08.1997 07:00:00   ;     0
27.08.1997 07:00:00   ;     0
28.08.1997 07:00:00   ;     0
29.08.1997 07:00:00   ;     0
30.08.1997 07:00:00   ;     0
31.08.1997 07:00:00   ;     0
01.09.1997 07:00:00   ;     0
02.09.1997 07:00:00   ;     0
03.09.1997 07:00:00   ;     0
04.09.1997 07:00:00   ;     0
05.09.1997 07:00:00   ;     0
06.09.1997 07:00:00   ;     0
07.09.1997 07:00:00   ;     0
08.09.1997 07:00:00   ;     0
09.09.1997 07:00:00   ;     0
10.09.1997 07:00:00   ;     0
11.09.1997 07:00:00   ;     0
12.09.1997 07:00:00   ;     0
13.09.1997 07:00:00   ;     0
14.09.1997 07:00:00   ;     0
15.09.1997 07:00:00   ;     0
16.09.1997 07:00:00   ;     0
17.09.1997 07:00:00   ;     0
18.09.1997 07:00:00   ;     0
19.09.1997 07:00:00   ;     0
20.09.1997 07:00:00   ;     0
21.09.1997 07:00:00   ;     0
22.09.1997 07:00:00   ;     0
23.09.1997 07:00:00   ;     0
24.09.1997 07:00:00   ;     0
25.09.1997 07:00:00   ;     0
26.09.1997 07:00:00   ;     0
27.09.1997 07:00:00   ;     0
28.09.1997 07:00:00   ;     0
29.09.1997 07:00:00   ;     0
30.09.1997 07:00:00   ;     0
01.10.1997 07:00:00   ;     0
02.10.1997 07:00:00   ;     0
03.10.1997 07:00:00   ;     0
04.10.1997 07:00:00   ;     0
05.10.1997 07:00:00   ;     0
06.10.1997 07:00:00   ;     0
07.10.1997 07:00:00   ;     0
08.10.1997 07:00:00   ;     0
09.10.1997 07:00:00   ;     0
10.10.1997 07:00:00   ;     0
11.10.1997 07:00:00   ;     0
12.10.1997 07:00:00   ;     0
13.10.1997 07:00:00   ;     0
14.10.1997 07:00:00   ;     0
15.10.1997 07:00:00   ;     0
16.10.1997 07:00:00   ;     0
17.10.1997 07:00:00   ;     0
18.10.1997 07:00:00   ;     0
19.10.1997 07:00:00   ;     0
20.10.1997 07:00:00   ;     0
21.10.1997 07:00:00   ;     0
22.10.1997 07:00:00   ;     0
23.10.1997 07:00:00   ;     0
24.10.1997 07:00:00   ;     0
25.10.1997 07:00:00   ;     0
26.10.1997 07:00:00   ;     0
27.10.1997 07:00:00   ;     0
28.10.1997 07:00:00   ;     0
29.10.1997 07:00:00   ;     0
30.10.1997 07:00:00   ;     0
31.10.1997 07:00:00   ;     0
01.11.1997 07:00:00   ;     0
02.11.1997 07:00:00   ;     0
03.11.1997 07:00:00   ;     0
04.11.1997 07:00:00   ;     0
05.11.1997 07:00:00   ;     0
06.11.1997 07:00:00   ;     0
07.11.1997 07:00:00   ;     0
08.11.1997 07:00:00   ;     0
09.11.1997 07:00:00   ;     0
10.11.1997 07:00:00   ;     0
11.11.1997 07:00:00   ;     0
12.11.1997 07:00:00   ;     0
13.11.1997 07:00:00   ;     0
14.11.1997 07:00:00   ;     0
15.11.1997 07:00:00   ;     0
16.11.1997 07:00:00   ;     0
17.11.1997 07:00:00   ;     0
18.11.1997 07:00:00   ;     0
19.11.1997 07:00:00   ;     0
20.11.1997 07:00:00   ;     0
21.11.1997 07:00:00   ;     0
22.11.1997 07:00:00   ;     0
23.11.1997 07:00:00   ;     0
24.11.1997 07:00:00   ;     0
25.11.1997 07:00:00   ;     0
26.11.1997 07:00:00   ;     0
27.11.1997 07:00:00   ;     0
28.11.1997 07:00:00   ;     0
29.11.1997 07:00:00   ;     0
30.11.1997 07:00:00   ;     0
01.12.1997 07:00:00   ;     0
02.12.1997 07:00:00   ;     2
03.12.1997 07:00:00   ;     5
04.12.1997 07:00:00   ;     0
05.12.1997 07:00:00   ;     0
06.12.1997 07:00:00   ;     0
07.12.1997 07:00:00   ;     0
08.12.1997 07:00:00   ;     0
09.12.1997 07:00:00   ;     0
10.12.1997 07:00:00   ;     0
11.12.1997 07:00:00   ;     0
12.12.1997 07:00:00   ;     0
13.12.1997 07:00:00   ;     5
14.12.1997 07:00:00   ;     6
15.12.1997 07:00:00   ;     3
16.12.1997 07:00:00   ;     0
17.12.1997 07:00:00   ;     0
18.12.1997 07:00:00   ;     0
19.12.1997 07:00:00   ;     0
20.12.1997 07:00:00   ;     0
21.12.1997 07:00:00   ;     0
22.12.1997 07:00:00   ;     0
23.12.1997 07:00:00   ;     0
24.12.1997 07:00:00   ;     0
25.12.1997 07:00:00   ;     0
26.12.1997 07:00:00   ;     0
27.12.1997 07:00:00   ;     4
28.12.1997 07:00:00   ;     0
29.12.1997 07:00:00   ;     0
30.12.1997 07:00:00   ;     0
31.12.1997 07:00:00   ;     0
01.01.1998 07:00:00   ;     0
02.01.1998 07:00:00   ;     0
03.01.1998 07:00:00   ;     0
04.01.1998 07:00:00   ;     0
05.01.1998 07:00:00   ;     0
06.01.1998 07:00:00   ;     0
07.01.1998 07:00:00   ;     0
08.01.1998 07:00:00   ;     0
09.01.1998 07:00:00   ;     0
10.01.1998 07:00:00   ;     0
11.01.1998 07:00:00   ;     0
12.01.1998 07:00:00   ;     0
13.01.1998 07:00:00   ;     0
14.01.1998 07:00:00   ;     0
15.01.1998 07:00:00   ;     0
16.01.1998 07:00:00   ;     0
17.01.1998 07:00:00   ;     0
18.01.1998 07:00:00   ;     0
19.01.1998 07:00:00   ;     0
20.01.1998 07:00:00   ;    10
21.01.1998 07:00:00   ;     5
22.01.1998 07:00:00   ;     0
23.01.1998 07:00:00   ;     0
24.01.1998 07:00:00   ;     0
25.01.1998 07:00:00   ;     0
26.01.1998 07:00:00   ;     0
27.01.1998 07:00:00   ;     0
28.01.1998 07:00:00   ;     0
29.01.1998 07:00:00   ;     0
30.01.1998 07:00:00   ;     0
31.01.1998 07:00:00   ;     0
01.02.1998 07:00:00   ;     0
02.02.1998 07:00:00   ;     0
03.02.1998 07:00:00   ;     0
04.02.1998 07:00:00   ;     0
05.02.1998 07:00:00   ;     0
06.02.1998 07:00:00   ;     0
07.02.1998 07:00:00   ;     0
08.02.1998 07:00:00   ;     0
09.02.1998 07:00:00   ;     0
10.02.1998 07:00:00   ;     0
11.02.1998 07:00:00   ;     0
12.02.1998 07:00:00   ;     0
13.02.1998 07:00:00   ;     0
14.02.1998 07:00:00   ;     0
15.02.1998 07:00:00   ;     0
16.02.1998 07:00:00   ;     0
17.02.1998 07:00:00   ;     0
18.02.1998 07:00:00   ;     0
19.02.1998 07:00:00   ;     0
20.02.1998 07:00:00   ;     0
21.02.1998 07:00:00   ;     0
22.02.1998 07:00:00   ;     0
23.02.1998 07:00:00   ;     0
24.02.1998 07:00:00   ;     0
25.02.1998 07:00:00   ;     0
26.02.1998 07:00:00   ;     0
27.02.1998 07:00:00   ;     0
28.02.1998 07:00:00   ;     0
01.03.1998 07:00:00   ;     0
02.03.1998 07:00:00   ;     0
03.03.1998 07:00:00   ;     0
04.03.1998 07:00:00   ;     0
05.03.1998 07:00:00   ;     0
06.03.1998 07:00:00   ;     0
07.03.1998 07:00:00   ;     0
08.03.1998 07:00:00   ;     0
09.03.1998 07:00:00   ;     0
10.03.1998 07:00:00   ;     4
11.03.1998 07:00:00   ;     0
12.03.1998 07:00:00   ;     0
13.03.1998 07:00:00   ;     0
14.03.1998 07:00:00   ;     4
15.03.1998 07:00:00   ;     0
16.03.1998 07:00:00   ;     0
17.03.1998 07:00:00   ;     0
18.03.1998 07:00:00   ;     0
19.03.1998 07:00:00   ;     2
20.03.1998 07:00:00   ;     5
21.03.1998 07:00:00   ;     0
22.03.1998 07:00:00   ;     5
23.03.1998 07:00:00   ;     0
24.03.1998 07:00:00   ;     0
25.03.1998 07:00:00   ;     0
26.03.1998 07:00:00   ;     0
27.03.1998 07:00:00   ;     0
28.03.1998 07:00:00   ;     0
29.03.1998 07:00:00   ;     0
30.03.1998 07:00:00   ;     0
31.03.1998 07:00:00   ;     0
01.04.1998 07:00:00   ;     0
02.04.1998 07:00:00   ;     0
03.04.1998 07:00:00   ;     0
04.04.1998 07:00:00   ;     0
05.04.1998 07:00:00   ;     0
06.04.1998 07:00:00   ;     0
07.04.1998 07:00:00   ;     0
08.04.1998 07:00:00   ;     0
09.04.1998 07:00:00   ;     0
10.04.1998 07:00:00   ;     0
11.04.1998 07:00:00   ;     0
12.04.1998 07:00:00   ;     0
13.04.1998 07:00:00   ;     0
14.04.1998 07:00:00   ;     0
15.04.1998 07:00:00   ;     0
16.04.1998 07:00:00   ;     0
17.04.1998 07:00:00   ;     0
18.04.1998 07:00:00   ;     0
19.04.1998 07:00:00   ;     0
20.04.1998 07:00:00   ;     0
21.04.1998 07:00:00   ;     0
22.04.1998 07:00:00   ;     0
23.04.1998 07:00:00   ;     0
24.04.1998 07:00:00   ;     0
25.04.1998 07:00:00   ;     0
26.04.1998 07:00:00   ;     0
27.04.1998 07:00:00   ;     0
28.04.1998 07:00:00   ;     0
29.04.1998 07:00:00   ;     0
30.04.1998 07:00:00   ;     0
01.05.1998 07:00:00   ;     0
02.05.1998 07:00:00   ;     0
03.05.1998 07:00:00   ;     0
04.05.1998 07:00:00   ;     0
05.05.1998 07:00:00   ;     0
06.05.1998 07:00:00   ;     0
07.05.1998 07:00:00   ;     0
08.05.1998 07:00:00   ;     0
09.05.1998 07:00:00   ;     0
10.05.1998 07:00:00   ;     0
11.05.1998 07:00:00   ;     0
12.05.1998 07:00:00   ;     0
13.05.1998 07:00:00   ;     0
14.05.1998 07:00:00   ;     0
15.05.1998 07:00:00   ;     0
16.05.1998 07:00:00   ;     0
17.05.1998 07:00:00   ;     0
18.05.1998 07:00:00   ;     0
19.05.1998 07:00:00   ;     0
20.05.1998 07:00:00   ;     0
21.05.1998 07:00:00   ;     0
22.05.1998 07:00:00   ;     0
23.05.1998 07:00:00   ;     0
24.05.1998 07:00:00   ;     0
25.05.1998 07:00:00   ;     0
26.05.1998 07:00:00   ;     0
27.05.1998 07:00:00   ;     0
28.05.1998 07:00:00   ;     0
29.05.1998 07:00:00   ;     0
30.05.1998 07:00:00   ;     0
31.05.1998 07:00:00   ;     0
01.06.1998 07:00:00   ;     0
02.06.1998 07:00:00   ;     0
03.06.1998 07:00:00   ;     0
04.06.1998 07:00:00   ;     0
05.06.1998 07:00:00   ;     0
06.06.1998 07:00:00   ;     0
07.06.1998 07:00:00   ;     0
08.06.1998 07:00:00   ;     0
09.06.1998 07:00:00   ;     0
10.06.1998 07:00:00   ;     0
11.06.1998 07:00:00   ;     0
12.06.1998 07:00:00   ;     0
13.06.1998 07:00:00   ;     0
14.06.1998 07:00:00   ;     0
15.06.1998 07:00:00   ;     0
16.06.1998 07:00:00   ;     0
17.06.1998 07:00:00   ;     0
18.06.1998 07:00:00   ;     0
19.06.1998 07:00:00   ;     0
20.06.1998 07:00:00   ;     0
21.06.1998 07:00:00   ;     0
22.06.1998 07:00:00   ;     0
23.06.1998 07:00:00   ;     0
24.06.1998 07:00:00   ;     0
25.06.1998 07:00:00   ;     0
26.06.1998 07:00:00   ;     0
27.06.1998 07:00:00   ;     0
28.06.1998 07:00:00   ;     0
29.06.1998 07:00:00   ;     0
30.06.1998 07:00:00   ;     0
01.07.1998 07:00:00   ;     0
02.07.1998 07:00:00   ;     0
03.07.1998 07:00:00   ;     0
04.07.1998 07:00:00   ;     0
05.07.1998 07:00:00   ;     0
06.07.1998 07:00:00   ;     0
07.07.1998 07:00:00   ;     0
08.07.1998 07:00:00   ;     0
09.07.1998 07:00:00   ;     0
10.07.1998 07:00:00   ;     0
11.07.1998 07:00:00   ;     0
12.07.1998 07:00:00   ;     0
13.07.1998 07:00:00   ;     0
14.07.1998 07:00:00   ;     0
15.07.1998 07:00:00   ;     0
16.07.1998 07:00:00   ;     0
17.07.1998 07:00:00   ;     0
18.07.1998 07:00:00   ;     0
19.07.1998 07:00:00   ;     0
20.07.1998 07:00:00   ;     0
21.07.1998 07:00:00   ;     0
22.07.1998 07:00:00   ;     0
23.07.1998 07:00:00   ;     0
24.07.1998 07:00:00   ;     0
25.07.1998 07:00:00   ;     0
26.07.1998 07:00:00   ;     0
27.07.1998 07:00:00   ;     0
28.07.1998 07:00:00   ;     0
29.07.1998 07:00:00   ;     0
30.07.1998 07:00:00   ;     0
31.07.1998 07:00:00   ;     0
01.08.1998 07:00:00   ;     0
02.08.1998 07:00:00   ;     0
03.08.1998 07:00:00   ;     0
04.08.1998 07:00:00   ;     0
05.08.1998 07:00:00   ;     0
06.08.1998 07:00:00   ;     0
07.08.1998 07:00:00   ;     0
08.08.1998 07:00:00   ;     0
09.08.1998 07:00:00   ;     0
10.08.1998 07:00:00   ;     0
11.08.1998 07:00:00   ;     0
12.08.1998 07:00:00   ;     0
13.08.1998 07:00:00   ;     0
14.08.1998 07:00:00   ;     0
15.08.1998 07:00:00   ;     0
16.08.1998 07:00:00   ;     0
17.08.1998 07:00:00   ;     0
18.08.1998 07:00:00   ;     0
19.08.1998 07:00:00   ;     0
20.08.1998 07:00:00   ;     0
21.08.1998 07:00:00   ;     0
22.08.1998 07:00:00   ;     0
23.08.1998 07:00:00   ;     0
24.08.1998 07:00:00   ;     0
25.08.1998 07:00:00   ;     0
26.08.1998 07:00:00   ;     0
27.08.1998 07:00:00   ;     0
28.08.1998 07:00:00   ;     0
29.08.1998 07:00:00   ;     0
30.08.1998 07:00:00   ;     0
31.08.1998 07:00:00   ;     0
01.09.1998 07:00:00   ;     0
02.09.1998 07:00:00   ;     0
03.09.1998 07:00:00   ;     0
04.09.1998 07:00:00   ;     0
05.09.1998 07:00:00   ;     0
06.09.1998 07:00:00   ;     0
07.09.1998 07:00:00   ;     0
08.09.1998 07:00:00   ;     0
09.09.1998 07:00:00   ;     0
10.09.1998 07:00:00   ;     0
11.09.1998 07:00:00   ;     0
12.09.1998 07:00:00   ;     0
13.09.1998 07:00:00   ;     0
14.09.1998 07:00:00   ;     0
15.09.1998 07:00:00   ;     0
16.09.1998 07:00:00   ;     0
17.09.1998 07:00:00   ;     0
18.09.1998 07:00:00   ;     0
19.09.1998 07:00:00   ;     0
20.09.1998 07:00:00   ;     0
21.09.1998 07:00:00   ;     0
22.09.1998 07:00:00   ;     0
23.09.1998 07:00:00   ;     0
24.09.1998 07:00:00   ;     0
25.09.1998 07:00:00   ;     0
26.09.1998 07:00:00   ;     0
27.09.1998 07:00:00   ;     0
28.09.1998 07:00:00   ;     0
29.09.1998 07:00:00   ;     0
30.09.1998 07:00:00   ;     0
01.10.1998 07:00:00   ;     0
02.10.1998 07:00:00   ;     0
03.10.1998 07:00:00   ;     0
04.10.1998 07:00:00   ;     0
05.10.1998 07:00:00   ;     0
06.10.1998 07:00:00   ;     0
07.10.1998 07:00:00   ;     0
08.10.1998 07:00:00   ;     0
09.10.1998 07:00:00   ;     0
10.10.1998 07:00:00   ;     0
11.10.1998 07:00:00   ;     0
12.10.1998 07:00:00   ;     0
13.10.1998 07:00:00   ;     0
14.10.1998 07:00:00   ;     0
15.10.1998 07:00:00   ;     0
16.10.1998 07:00:00   ;     0
17.10.1998 07:00:00   ;     0
18.10.1998 07:00:00   ;     0
19.10.1998 07:00:00   ;     0
20.10.1998 07:00:00   ;     0
21.10.1998 07:00:00   ;     0
22.10.1998 07:00:00   ;     0
23.10.1998 07:00:00   ;     0
24.10.1998 07:00:00   ;     0
25.10.1998 07:00:00   ;     0
26.10.1998 07:00:00   ;     0
27.10.1998 07:00:00   ;     0
28.10.1998 07:00:00   ;     0
29.10.1998 07:00:00   ;     0
30.10.1998 07:00:00   ;     0
31.10.1998 07:00:00   ;     0
01.11.1998 07:00:00   ;     0
02.11.1998 07:00:00   ;     0
03.11.1998 07:00:00   ;     0
04.11.1998 07:00:00   ;     0
05.11.1998 07:00:00   ;     0
06.11.1998 07:00:00   ;     0
07.11.1998 07:00:00   ;     0
08.11.1998 07:00:00   ;     0
09.11.1998 07:00:00   ;     0
10.11.1998 07:00:00   ;     0
11.11.1998 07:00:00   ;     0
12.11.1998 07:00:00   ;     0
13.11.1998 07:00:00   ;     0
14.11.1998 07:00:00   ;     0
15.11.1998 07:00:00   ;     2
16.11.1998 07:00:00   ;     4
17.11.1998 07:00:00   ;     2
18.11.1998 07:00:00   ;     0
19.11.1998 07:00:00   ;     3
20.11.1998 07:00:00   ;    11
21.11.1998 07:00:00   ;     2
22.11.1998 07:00:00   ;     0
23.11.1998 07:00:00   ;     0
24.11.1998 07:00:00   ;     0
25.11.1998 07:00:00   ;     0
26.11.1998 07:00:00   ;     0
27.11.1998 07:00:00   ;     0
28.11.1998 07:00:00   ;     0
29.11.1998 07:00:00   ;     0
30.11.1998 07:00:00   ;     0
01.12.1998 07:00:00   ;     0
02.12.1998 07:00:00   ;     0
03.12.1998 07:00:00   ;     0
04.12.1998 07:00:00   ;     1
05.12.1998 07:00:00   ;    13
06.12.1998 07:00:00   ;    18
07.12.1998 07:00:00   ;    15
08.12.1998 07:00:00   ;     1
09.12.1998 07:00:00   ;     0
10.12.1998 07:00:00   ;    13
11.12.1998 07:00:00   ;     3
12.12.1998 07:00:00   ;     0
13.12.1998 07:00:00   ;     0
14.12.1998 07:00:00   ;     0
15.12.1998 07:00:00   ;     0
16.12.1998 07:00:00   ;     0
17.12.1998 07:00:00   ;     0
18.12.1998 07:00:00   ;     0
19.12.1998 07:00:00   ;     0
20.12.1998 07:00:00   ;    11
21.12.1998 07:00:00   ;     2
22.12.1998 07:00:00   ;     0
23.12.1998 07:00:00   ;     0
24.12.1998 07:00:00   ;     0
25.12.1998 07:00:00   ;     0
26.12.1998 07:00:00   ;     0
27.12.1998 07:00:00   ;     0
28.12.1998 07:00:00   ;     0
29.12.1998 07:00:00   ;     0
30.12.1998 07:00:00   ;     0
31.12.1998 07:00:00   ;     0
01.01.1999 07:00:00   ;     0
02.01.1999 07:00:00   ;     0
03.01.1999 07:00:00   ;     0
04.01.1999 07:00:00   ;     0
05.01.1999 07:00:00   ;     0
06.01.1999 07:00:00   ;     0
07.01.1999 07:00:00   ;     0
08.01.1999 07:00:00   ;     2
09.01.1999 07:00:00   ;     0
10.01.1999 07:00:00   ;     0
11.01.1999 07:00:00   ;     2
12.01.1999 07:00:00   ;     3
13.01.1999 07:00:00   ;     1
14.01.1999 07:00:00   ;     1
15.01.1999 07:00:00   ;     0
16.01.1999 07:00:00   ;     0
17.01.1999 07:00:00   ;     0
18.01.1999 07:00:00   ;     0
19.01.1999 07:00:00   ;     0
20.01.1999 07:00:00   ;     0
21.01.1999 07:00:00   ;     0
22.01.1999 07:00:00   ;     0
23.01.1999 07:00:00   ;     0
24.01.1999 07:00:00   ;     0
25.01.1999 07:00:00   ;    17
26.01.1999 07:00:00   ;    38
27.01.1999 07:00:00   ;    10
28.01.1999 07:00:00   ;    13
29.01.1999 07:00:00   ;     0
30.01.1999 07:00:00   ;     0
31.01.1999 07:00:00   ;     0
01.02.1999 07:00:00   ;     0
02.02.1999 07:00:00   ;     0
03.02.1999 07:00:00   ;     4
04.02.1999 07:00:00   ;     0
05.02.1999 07:00:00   ;    25
06.02.1999 07:00:00   ;    40
07.02.1999 07:00:00   ;    20
08.02.1999 07:00:00   ;     2
09.02.1999 07:00:00   ;     7
10.02.1999 07:00:00   ;     1
11.02.1999 07:00:00   ;     4
12.02.1999 07:00:00   ;     2
13.02.1999 07:00:00   ;     8
14.02.1999 07:00:00   ;    13
15.02.1999 07:00:00   ;     0
16.02.1999 07:00:00   ;     4
17.02.1999 07:00:00   ;    35
18.02.1999 07:00:00   ;    13
19.02.1999 07:00:00   ;     0
20.02.1999 07:00:00   ;     0
21.02.1999 07:00:00   ;     0
22.02.1999 07:00:00   ;    15
23.02.1999 07:00:00   ;    25
24.02.1999 07:00:00   ;    10
25.02.1999 07:00:00   ;     0
26.02.1999 07:00:00   ;     0
27.02.1999 07:00:00   ;     0
28.02.1999 07:00:00   ;     0
01.03.1999 07:00:00   ;     0
02.03.1999 07:00:00   ;     0
03.03.1999 07:00:00   ;     0
04.03.1999 07:00:00   ;     0
05.03.1999 07:00:00   ;     0
06.03.1999 07:00:00   ;    15
07.03.1999 07:00:00   ;     0
08.03.1999 07:00:00   ;     0
09.03.1999 07:00:00   ;     0
10.03.1999 07:00:00   ;     0
11.03.1999 07:00:00   ;     0
12.03.1999 07:00:00   ;     0
13.03.1999 07:00:00   ;     0
14.03.1999 07:00:00   ;     0
15.03.1999 07:00:00   ;     0
16.03.1999 07:00:00   ;     0
17.03.1999 07:00:00   ;     0
18.03.1999 07:00:00   ;     0
19.03.1999 07:00:00   ;     2
20.03.1999 07:00:00   ;     0
21.03.1999 07:00:00   ;     0
22.03.1999 07:00:00   ;     0
23.03.1999 07:00:00   ;     0
24.03.1999 07:00:00   ;     0
25.03.1999 07:00:00   ;     0
26.03.1999 07:00:00   ;     0
27.03.1999 07:00:00   ;     0
28.03.1999 07:00:00   ;     0
29.03.1999 07:00:00   ;     0
30.03.1999 07:00:00   ;     0
31.03.1999 07:00:00   ;     0
01.04.1999 07:00:00   ;     0
02.04.1999 07:00:00   ;     0
03.04.1999 07:00:00   ;     0
04.04.1999 07:00:00   ;     0
05.04.1999 07:00:00   ;     0
06.04.1999 07:00:00   ;     0
07.04.1999 07:00:00   ;     0
08.04.1999 07:00:00   ;     0
09.04.1999 07:00:00   ;     0
10.04.1999 07:00:00   ;     0
11.04.1999 07:00:00   ;     0
12.04.1999 07:00:00   ;     0
13.04.1999 07:00:00   ;     0
14.04.1999 07:00:00   ;     0
15.04.1999 07:00:00   ;     0
16.04.1999 07:00:00   ;    20
17.04.1999 07:00:00   ;     0
18.04.1999 07:00:00   ;     0
19.04.1999 07:00:00   ;     0
20.04.1999 07:00:00   ;     0
21.04.1999 07:00:00   ;     0
22.04.1999 07:00:00   ;     0
23.04.1999 07:00:00   ;     0
24.04.1999 07:00:00   ;     0
25.04.1999 07:00:00   ;     0
26.04.1999 07:00:00   ;     0
27.04.1999 07:00:00   ;     0
28.04.1999 07:00:00   ;     0
29.04.1999 07:00:00   ;     0
30.04.1999 07:00:00   ;     0
01.05.1999 07:00:00   ;     0
02.05.1999 07:00:00   ;     0
03.05.1999 07:00:00   ;     0
04.05.1999 07:00:00   ;     0
05.05.1999 07:00:00   ;     0
06.05.1999 07:00:00   ;     0
07.05.1999 07:00:00   ;     0
08.05.1999 07:00:00   ;     0
09.05.1999 07:00:00   ;     0
10.05.1999 07:00:00   ;     0
11.05.1999 07:00:00   ;     0
12.05.1999 07:00:00   ;     0
13.05.1999 07:00:00   ;     0
14.05.1999 07:00:00   ;     0
15.05.1999 07:00:00   ;     0
16.05.1999 07:00:00   ;     0
17.05.1999 07:00:00   ;     0
18.05.1999 07:00:00   ;     0
19.05.1999 07:00:00   ;     0
20.05.1999 07:00:00   ;     0
21.05.1999 07:00:00   ;     0
22.05.1999 07:00:00   ;     0
23.05.1999 07:00:00   ;     0
24.05.1999 07:00:00   ;     0
25.05.1999 07:00:00   ;     0
26.05.1999 07:00:00   ;     0
27.05.1999 07:00:00   ;     0
28.05.1999 07:00:00   ;     0
29.05.1999 07:00:00   ;     0
30.05.1999 07:00:00   ;     0
31.05.1999 07:00:00   ;     0
01.06.1999 07:00:00   ;     0
02.06.1999 07:00:00   ;     0
03.06.1999 07:00:00   ;     0
04.06.1999 07:00:00   ;     0
05.06.1999 07:00:00   ;     0
06.06.1999 07:00:00   ;     0
07.06.1999 07:00:00   ;     0
08.06.1999 07:00:00   ;     0
09.06.1999 07:00:00   ;     0
10.06.1999 07:00:00   ;     0
11.06.1999 07:00:00   ;     0
12.06.1999 07:00:00   ;     0
13.06.1999 07:00:00   ;     0
14.06.1999 07:00:00   ;     0
15.06.1999 07:00:00   ;     0
16.06.1999 07:00:00   ;     0
17.06.1999 07:00:00   ;     0
18.06.1999 07:00:00   ;     0
19.06.1999 07:00:00   ;     0
20.06.1999 07:00:00   ;     0
21.06.1999 07:00:00   ;     0
22.06.1999 07:00:00   ;     0
23.06.1999 07:00:00   ;     0
24.06.1999 07:00:00   ;     0
25.06.1999 07:00:00   ;     0
26.06.1999 07:00:00   ;     0
27.06.1999 07:00:00   ;     0
28.06.1999 07:00:00   ;     0
29.06.1999 07:00:00   ;     0
30.06.1999 07:00:00   ;     0
01.07.1999 07:00:00   ;     0
02.07.1999 07:00:00   ;     0
03.07.1999 07:00:00   ;     0
04.07.1999 07:00:00   ;     0
05.07.1999 07:00:00   ;     0
06.07.1999 07:00:00   ;     0
07.07.1999 07:00:00   ;     0
08.07.1999 07:00:00   ;     0
09.07.1999 07:00:00   ;     0
10.07.1999 07:00:00   ;     0
11.07.1999 07:00:00   ;     0
12.07.1999 07:00:00   ;     0
13.07.1999 07:00:00   ;     0
14.07.1999 07:00:00   ;     0
15.07.1999 07:00:00   ;     0
16.07.1999 07:00:00   ;     0
17.07.1999 07:00:00   ;     0
18.07.1999 07:00:00   ;     0
19.07.1999 07:00:00   ;     0
20.07.1999 07:00:00   ;     0
21.07.1999 07:00:00   ;     0
22.07.1999 07:00:00   ;     0
23.07.1999 07:00:00   ;     0
24.07.1999 07:00:00   ;     0
25.07.1999 07:00:00   ;     0
26.07.1999 07:00:00   ;     0
27.07.1999 07:00:00   ;     0
28.07.1999 07:00:00   ;     0
29.07.1999 07:00:00   ;     0
30.07.1999 07:00:00   ;     0
31.07.1999 07:00:00   ;     0
01.08.1999 07:00:00   ;     0
02.08.1999 07:00:00   ;     0
03.08.1999 07:00:00   ;     0
04.08.1999 07:00:00   ;     0
05.08.1999 07:00:00   ;     0
06.08.1999 07:00:00   ;     0
07.08.1999 07:00:00   ;     0
08.08.1999 07:00:00   ;     0
09.08.1999 07:00:00   ;     0
10.08.1999 07:00:00   ;     0
11.08.1999 07:00:00   ;     0
12.08.1999 07:00:00   ;     0
13.08.1999 07:00:00   ;     0
14.08.1999 07:00:00   ;     0
15.08.1999 07:00:00   ;     0
16.08.1999 07:00:00   ;     0
17.08.1999 07:00:00   ;     0
18.08.1999 07:00:00   ;     0
19.08.1999 07:00:00   ;     0
20.08.1999 07:00:00   ;     0
21.08.1999 07:00:00   ;     0
22.08.1999 07:00:00   ;     0
23.08.1999 07:00:00   ;     0
24.08.1999 07:00:00   ;     0
25.08.1999 07:00:00   ;     0
26.08.1999 07:00:00   ;     0
27.08.1999 07:00:00   ;     0
28.08.1999 07:00:00   ;     0
29.08.1999 07:00:00   ;     0
30.08.1999 07:00:00   ;     0
31.08.1999 07:00:00   ;     0
01.09.1999 07:00:00   ;     0
02.09.1999 07:00:00   ;     0
03.09.1999 07:00:00   ;     0
04.09.1999 07:00:00   ;     0
05.09.1999 07:00:00   ;     0
06.09.1999 07:00:00   ;     0
07.09.1999 07:00:00   ;     0
08.09.1999 07:00:00   ;     0
09.09.1999 07:00:00   ;     0
10.09.1999 07:00:00   ;     0
11.09.1999 07:00:00   ;     0
12.09.1999 07:00:00   ;     0
13.09.1999 07:00:00   ;     0
14.09.1999 07:00:00   ;     0
15.09.1999 07:00:00   ;     0
16.09.1999 07:00:00   ;     0
17.09.1999 07:00:00   ;     0
18.09.1999 07:00:00   ;     0
19.09.1999 07:00:00   ;     0
20.09.1999 07:00:00   ;     0
21.09.1999 07:00:00   ;     0
22.09.1999 07:00:00   ;     0
23.09.1999 07:00:00   ;     0
24.09.1999 07:00:00   ;     0
25.09.1999 07:00:00   ;     0
26.09.1999 07:00:00   ;     0
27.09.1999 07:00:00   ;     0
28.09.1999 07:00:00   ;     0
29.09.1999 07:00:00   ;     0
30.09.1999 07:00:00   ;     0
01.10.1999 07:00:00   ;     0
02.10.1999 07:00:00   ;     0
03.10.1999 07:00:00   ;     0
04.10.1999 07:00:00   ;     0
05.10.1999 07:00:00   ;     0
06.10.1999 07:00:00   ;     0
07.10.1999 07:00:00   ;     0
08.10.1999 07:00:00   ;     0
09.10.1999 07:00:00   ;     0
10.10.1999 07:00:00   ;     0
11.10.1999 07:00:00   ;     0
12.10.1999 07:00:00   ;     0
13.10.1999 07:00:00   ;     0
14.10.1999 07:00:00   ;     0
15.10.1999 07:00:00   ;     0
16.10.1999 07:00:00   ;     0
17.10.1999 07:00:00   ;     0
18.10.1999 07:00:00   ;     0
19.10.1999 07:00:00   ;     0
20.10.1999 07:00:00   ;     0
21.10.1999 07:00:00   ;     0
22.10.1999 07:00:00   ;     0
23.10.1999 07:00:00   ;     0
24.10.1999 07:00:00   ;     0
25.10.1999 07:00:00   ;     0
26.10.1999 07:00:00   ;     0
27.10.1999 07:00:00   ;     0
28.10.1999 07:00:00   ;     0
29.10.1999 07:00:00   ;     0
30.10.1999 07:00:00   ;     0
31.10.1999 07:00:00   ;     0
01.11.1999 07:00:00   ;     0
02.11.1999 07:00:00   ;     0
03.11.1999 07:00:00   ;     0
04.11.1999 07:00:00   ;     0
05.11.1999 07:00:00   ;     0
06.11.1999 07:00:00   ;     0
07.11.1999 07:00:00   ;     0
08.11.1999 07:00:00   ;     0
09.11.1999 07:00:00   ;     6
10.11.1999 07:00:00   ;     2
11.11.1999 07:00:00   ;     0
12.11.1999 07:00:00   ;     0
13.11.1999 07:00:00   ;     0
14.11.1999 07:00:00   ;     0
15.11.1999 07:00:00   ;     0
16.11.1999 07:00:00   ;     0
17.11.1999 07:00:00   ;     3
18.11.1999 07:00:00   ;     2
19.11.1999 07:00:00   ;     2
20.11.1999 07:00:00   ;     0
21.11.1999 07:00:00   ;     3
22.11.1999 07:00:00   ;    35
23.11.1999 07:00:00   ;    35
24.11.1999 07:00:00   ;     0
25.11.1999 07:00:00   ;     0
26.11.1999 07:00:00   ;     0
27.11.1999 07:00:00   ;     0
28.11.1999 07:00:00   ;     0
29.11.1999 07:00:00   ;     0
30.11.1999 07:00:00   ;     0
01.12.1999 07:00:00   ;     0
02.12.1999 07:00:00   ;     0
03.12.1999 07:00:00   ;     0
04.12.1999 07:00:00   ;     2
05.12.1999 07:00:00   ;     2
06.12.1999 07:00:00   ;     0
07.12.1999 07:00:00   ;     0
08.12.1999 07:00:00   ;     0
09.12.1999 07:00:00   ;     0
10.12.1999 07:00:00   ;     0
11.12.1999 07:00:00   ;     0
12.12.1999 07:00:00   ;     0
13.12.1999 07:00:00   ;     0
14.12.1999 07:00:00   ;     2
15.12.1999 07:00:00   ;    10
16.12.1999 07:00:00   ;     0
17.12.1999 07:00:00   ;     0
18.12.1999 07:00:00   ;     0
19.12.1999 07:00:00   ;     5
20.12.1999 07:00:00   ;     5
21.12.1999 07:00:00   ;     0
22.12.1999 07:00:00   ;     0
23.12.1999 07:00:00   ;     0
24.12.1999 07:00:00   ;     0
25.12.1999 07:00:00   ;     0
26.12.1999 07:00:00   ;     3
27.12.1999 07:00:00   ;     1
28.12.1999 07:00:00   ;     9
29.12.1999 07:00:00   ;    18
30.12.1999 07:00:00   ;     0
31.12.1999 07:00:00   ;     3
01.01.2000 07:00:00   ;    13
02.01.2000 07:00:00   ;     0
03.01.2000 07:00:00   ;     0
04.01.2000 07:00:00   ;     0
05.01.2000 07:00:00   ;     0
06.01.2000 07:00:00   ;     0
07.01.2000 07:00:00   ;     0
08.01.2000 07:00:00   ;     0
09.01.2000 07:00:00   ;     0
10.01.2000 07:00:00   ;     0
11.01.2000 07:00:00   ;     0
12.01.2000 07:00:00   ;     0
13.01.2000 07:00:00   ;     0
14.01.2000 07:00:00   ;     0
15.01.2000 07:00:00   ;     0
16.01.2000 07:00:00   ;     0
17.01.2000 07:00:00   ;     0
18.01.2000 07:00:00   ;    10
19.01.2000 07:00:00   ;     0
20.01.2000 07:00:00   ;     0
21.01.2000 07:00:00   ;    24
22.01.2000 07:00:00   ;    18
23.01.2000 07:00:00   ;     8
24.01.2000 07:00:00   ;     0
25.01.2000 07:00:00   ;     0
26.01.2000 07:00:00   ;     0
27.01.2000 07:00:00   ;     0
28.01.2000 07:00:00   ;     0
29.01.2000 07:00:00   ;     0
30.01.2000 07:00:00   ;     0
31.01.2000 07:00:00   ;     0
01.02.2000 07:00:00   ;     0
02.02.2000 07:00:00   ;     0
03.02.2000 07:00:00   ;     0
04.02.2000 07:00:00   ;     0
05.02.2000 07:00:00   ;     0
06.02.2000 07:00:00   ;     0
07.02.2000 07:00:00   ;     0
08.02.2000 07:00:00   ;     0
09.02.2000 07:00:00   ;    23
10.02.2000 07:00:00   ;     0
11.02.2000 07:00:00   ;     0
12.02.2000 07:00:00   ;     0
13.02.2000 07:00:00   ;     0
14.02.2000 07:00:00   ;     0
15.02.2000 07:00:00   ;     0
16.02.2000 07:00:00   ;     4
17.02.2000 07:00:00   ;     8
18.02.2000 07:00:00   ;    32
19.02.2000 07:00:00   ;     8
20.02.2000 07:00:00   ;    13
21.02.2000 07:00:00   ;     0
22.02.2000 07:00:00   ;     0
23.02.2000 07:00:00   ;     0
24.02.2000 07:00:00   ;     0
25.02.2000 07:00:00   ;     0
26.02.2000 07:00:00   ;     0
27.02.2000 07:00:00   ;     0
28.02.2000 07:00:00   ;     0
29.02.2000 07:00:00   ;     0
01.03.2000 07:00:00   ;     6
02.03.2000 07:00:00   ;     0
03.03.2000 07:00:00   ;     0
04.03.2000 07:00:00   ;    10
05.03.2000 07:00:00   ;     0
06.03.2000 07:00:00   ;     0
07.03.2000 07:00:00   ;     0
08.03.2000 07:00:00   ;     0
09.03.2000 07:00:00   ;     0
10.03.2000 07:00:00   ;     0
11.03.2000 07:00:00   ;     0
12.03.2000 07:00:00   ;     0
13.03.2000 07:00:00   ;     0
14.03.2000 07:00:00   ;     0
15.03.2000 07:00:00   ;     5
16.03.2000 07:00:00   ;    20
17.03.2000 07:00:00   ;    10
18.03.2000 07:00:00   ;     0
19.03.2000 07:00:00   ;     0
20.03.2000 07:00:00   ;     0
21.03.2000 07:00:00   ;     0
22.03.2000 07:00:00   ;     0
23.03.2000 07:00:00   ;     0
24.03.2000 07:00:00   ;     0
25.03.2000 07:00:00   ;     0
26.03.2000 07:00:00   ;     0
27.03.2000 07:00:00   ;     0
28.03.2000 07:00:00   ;     0
29.03.2000 07:00:00   ;     0
30.03.2000 07:00:00   ;     0
31.03.2000 07:00:00   ;     0
01.04.2000 07:00:00   ;     0
02.04.2000 07:00:00   ;     0
03.04.2000 07:00:00   ;     0
04.04.2000 07:00:00   ;     0
05.04.2000 07:00:00   ;     0
06.04.2000 07:00:00   ;     0
07.04.2000 07:00:00   ;     0
08.04.2000 07:00:00   ;     0
09.04.2000 07:00:00   ;     0
10.04.2000 07:00:00   ;     0
11.04.2000 07:00:00   ;     0
12.04.2000 07:00:00   ;     0
13.04.2000 07:00:00   ;     0
14.04.2000 07:00:00   ;     0
15.04.2000 07:00:00   ;     0
16.04.2000 07:00:00   ;     0
17.04.2000 07:00:00   ;     0
18.04.2000 07:00:00   ;     0
19.04.2000 07:00:00   ;     0
20.04.2000 07:00:00   ;     0
21.04.2000 07:00:00   ;     0
22.04.2000 07:00:00   ;     0
23.04.2000 07:00:00   ;     0
24.04.2000 07:00:00   ;     0
25.04.2000 07:00:00   ;     0
26.04.2000 07:00:00   ;     0
27.04.2000 07:00:00   ;     0
28.04.2000 07:00:00   ;     0
29.04.2000 07:00:00   ;     0
30.04.2000 07:00:00   ;     0
01.05.2000 07:00:00   ;     0
02.05.2000 07:00:00   ;     0
03.05.2000 07:00:00   ;     0
04.05.2000 07:00:00   ;     0
05.05.2000 07:00:00   ;     0
06.05.2000 07:00:00   ;     0
07.05.2000 07:00:00   ;     0
08.05.2000 07:00:00   ;     0
09.05.2000 07:00:00   ;     0
10.05.2000 07:00:00   ;     0
11.05.2000 07:00:00   ;     0
12.05.2000 07:00:00   ;     0
13.05.2000 07:00:00   ;     0
14.05.2000 07:00:00   ;     0
15.05.2000 07:00:00   ;     0
16.05.2000 07:00:00   ;     0
17.05.2000 07:00:00   ;     0
18.05.2000 07:00:00   ;     0
19.05.2000 07:00:00   ;     0
20.05.2000 07:00:00   ;     0
21.05.2000 07:00:00   ;     0
22.05.2000 07:00:00   ;     0
23.05.2000 07:00:00   ;     0
24.05.2000 07:00:00   ;     0
25.05.2000 07:00:00   ;     0
26.05.2000 07:00:00   ;     0
27.05.2000 07:00:00   ;     0
28.05.2000 07:00:00   ;     0
29.05.2000 07:00:00   ;     0
30.05.2000 07:00:00   ;     0
31.05.2000 07:00:00   ;     0
01.06.2000 07:00:00   ;     0
02.06.2000 07:00:00   ;     0
03.06.2000 07:00:00   ;     0
04.06.2000 07:00:00   ;     0
05.06.2000 07:00:00   ;     0
06.06.2000 07:00:00   ;     0
07.06.2000 07:00:00   ;     0
08.06.2000 07:00:00   ;     0
09.06.2000 07:00:00   ;     0
10.06.2000 07:00:00   ;     0
11.06.2000 07:00:00   ;     0
12.06.2000 07:00:00   ;     0
13.06.2000 07:00:00   ;     0
14.06.2000 07:00:00   ;     0
15.06.2000 07:00:00   ;     0
16.06.2000 07:00:00   ;     0
17.06.2000 07:00:00   ;     0
18.06.2000 07:00:00   ;     0
19.06.2000 07:00:00   ;     0
20.06.2000 07:00:00   ;     0
21.06.2000 07:00:00   ;     0
22.06.2000 07:00:00   ;     0
23.06.2000 07:00:00   ;     0
24.06.2000 07:00:00   ;     0
25.06.2000 07:00:00   ;     0
26.06.2000 07:00:00   ;     0
27.06.2000 07:00:00   ;     0
28.06.2000 07:00:00   ;     0
29.06.2000 07:00:00   ;     0
30.06.2000 07:00:00   ;     0
01.07.2000 07:00:00   ;     0
02.07.2000 07:00:00   ;     0
03.07.2000 07:00:00   ;     0
04.07.2000 07:00:00   ;     0
05.07.2000 07:00:00   ;     0
06.07.2000 07:00:00   ;     0
07.07.2000 07:00:00   ;     0
08.07.2000 07:00:00   ;     0
09.07.2000 07:00:00   ;     0
10.07.2000 07:00:00   ;     0
11.07.2000 07:00:00   ;     0
12.07.2000 07:00:00   ;     0
13.07.2000 07:00:00   ;     0
14.07.2000 07:00:00   ;     0
15.07.2000 07:00:00   ;     0
16.07.2000 07:00:00   ;     0
17.07.2000 07:00:00   ;     0
18.07.2000 07:00:00   ;     0
19.07.2000 07:00:00   ;     0
20.07.2000 07:00:00   ;     0
21.07.2000 07:00:00   ;     0
22.07.2000 07:00:00   ;     0
23.07.2000 07:00:00   ;     0
24.07.2000 07:00:00   ;     0
25.07.2000 07:00:00   ;     0
26.07.2000 07:00:00   ;     0
27.07.2000 07:00:00   ;     0
28.07.2000 07:00:00   ;     0
29.07.2000 07:00:00   ;     0
30.07.2000 07:00:00   ;     0
31.07.2000 07:00:00   ;     0
01.08.2000 07:00:00   ;     0
02.08.2000 07:00:00   ;     0
03.08.2000 07:00:00   ;     0
04.08.2000 07:00:00   ;     0
05.08.2000 07:00:00   ;     0
06.08.2000 07:00:00   ;     0
07.08.2000 07:00:00   ;     0
08.08.2000 07:00:00   ;     0
09.08.2000 07:00:00   ;     0
10.08.2000 07:00:00   ;     0
11.08.2000 07:00:00   ;     0
12.08.2000 07:00:00   ;     0
13.08.2000 07:00:00   ;     0
14.08.2000 07:00:00   ;     0
15.08.2000 07:00:00   ;     0
16.08.2000 07:00:00   ;     0
17.08.2000 07:00:00   ;     0
18.08.2000 07:00:00   ;     0
19.08.2000 07:00:00   ;     0
20.08.2000 07:00:00   ;     0
21.08.2000 07:00:00   ;     0
22.08.2000 07:00:00   ;     0
23.08.2000 07:00:00   ;     0
24.08.2000 07:00:00   ;     0
25.08.2000 07:00:00   ;     0
26.08.2000 07:00:00   ;     0
27.08.2000 07:00:00   ;     0
28.08.2000 07:00:00   ;     0
29.08.2000 07:00:00   ;     0
30.08.2000 07:00:00   ;     0
31.08.2000 07:00:00   ;     0
01.09.2000 07:00:00   ;     0
02.09.2000 07:00:00   ;     0
03.09.2000 07:00:00   ;     0
04.09.2000 07:00:00   ;     0
05.09.2000 07:00:00   ;     0
06.09.2000 07:00:00   ;     0
07.09.2000 07:00:00   ;     0
08.09.2000 07:00:00   ;     0
09.09.2000 07:00:00   ;     0
10.09.2000 07:00:00   ;     0
11.09.2000 07:00:00   ;     0
12.09.2000 07:00:00   ;     0
13.09.2000 07:00:00   ;     0
14.09.2000 07:00:00   ;     0
15.09.2000 07:00:00   ;     0
16.09.2000 07:00:00   ;     0
17.09.2000 07:00:00   ;     0
18.09.2000 07:00:00   ;     0
19.09.2000 07:00:00   ;     0
20.09.2000 07:00:00   ;     0
21.09.2000 07:00:00   ;     0
22.09.2000 07:00:00   ;     0
23.09.2000 07:00:00   ;     0
24.09.2000 07:00:00   ;     0
25.09.2000 07:00:00   ;     0
26.09.2000 07:00:00   ;     0
27.09.2000 07:00:00   ;     0
28.09.2000 07:00:00   ;     0
29.09.2000 07:00:00   ;     0
30.09.2000 07:00:00   ;     0
01.10.2000 07:00:00   ;     0
02.10.2000 07:00:00   ;     0
03.10.2000 07:00:00   ;     0
04.10.2000 07:00:00   ;     0
05.10.2000 07:00:00   ;     0
06.10.2000 07:00:00   ;     0
07.10.2000 07:00:00   ;     0
08.10.2000 07:00:00   ;     0
09.10.2000 07:00:00   ;     0
10.10.2000 07:00:00   ;     0
11.10.2000 07:00:00   ;     0
12.10.2000 07:00:00   ;     0
13.10.2000 07:00:00   ;     0
14.10.2000 07:00:00   ;     0
15.10.2000 07:00:00   ;     0
16.10.2000 07:00:00   ;     0
17.10.2000 07:00:00   ;     0
18.10.2000 07:00:00   ;     0
19.10.2000 07:00:00   ;     0
20.10.2000 07:00:00   ;     0
21.10.2000 07:00:00   ;     0
22.10.2000 07:00:00   ;     0
23.10.2000 07:00:00   ;     0
24.10.2000 07:00:00   ;     0
25.10.2000 07:00:00   ;     0
26.10.2000 07:00:00   ;     0
27.10.2000 07:00:00   ;     0
28.10.2000 07:00:00   ;     0
29.10.2000 07:00:00   ;     0
30.10.2000 07:00:00   ;     0
31.10.2000 07:00:00   ;     0
01.11.2000 07:00:00   ;     0
02.11.2000 07:00:00   ;     0
03.11.2000 07:00:00   ;     0
04.11.2000 07:00:00   ;     0
05.11.2000 07:00:00   ;     0
06.11.2000 07:00:00   ;     0
07.11.2000 07:00:00   ;     0
08.11.2000 07:00:00   ;     0
09.11.2000 07:00:00   ;     0
10.11.2000 07:00:00   ;     0
11.11.2000 07:00:00   ;     0
12.11.2000 07:00:00   ;     0
13.11.2000 07:00:00   ;     0
14.11.2000 07:00:00   ;     0
15.11.2000 07:00:00   ;     0
16.11.2000 07:00:00   ;     0
17.11.2000 07:00:00   ;     0
18.11.2000 07:00:00   ;     0
19.11.2000 07:00:00   ;     0
20.11.2000 07:00:00   ;     0
21.11.2000 07:00:00   ;     0
22.11.2000 07:00:00   ;     0
23.11.2000 07:00:00   ;     0
24.11.2000 07:00:00   ;     0
25.11.2000 07:00:00   ;     0
26.11.2000 07:00:00   ;     0
27.11.2000 07:00:00   ;     0
28.11.2000 07:00:00   ;     0
29.11.2000 07:00:00   ;     0
30.11.2000 07:00:00   ;     0
01.12.2000 07:00:00   ;     0
02.12.2000 07:00:00   ;     0
03.12.2000 07:00:00   ;     0
04.12.2000 07:00:00   ;     0
05.12.2000 07:00:00   ;     0
06.12.2000 07:00:00   ;     0
07.12.2000 07:00:00   ;     0
08.12.2000 07:00:00   ;     0
09.12.2000 07:00:00   ;     0
10.12.2000 07:00:00   ;     0
11.12.2000 07:00:00   ;     0
12.12.2000 07:00:00   ;     0
13.12.2000 07:00:00   ;     0
14.12.2000 07:00:00   ;     0
15.12.2000 07:00:00   ;     0
16.12.2000 07:00:00   ;     0
17.12.2000 07:00:00   ;     0
18.12.2000 07:00:00   ;     0
19.12.2000 07:00:00   ;     0
20.12.2000 07:00:00   ;     0
21.12.2000 07:00:00   ;     0
22.12.2000 07:00:00   ;     0
23.12.2000 07:00:00   ;     0
24.12.2000 07:00:00   ;     0
25.12.2000 07:00:00   ;     0
26.12.2000 07:00:00   ;     0
27.12.2000 07:00:00   ;     0
28.12.2000 07:00:00   ;     0
29.12.2000 07:00:00   ;     7
30.12.2000 07:00:00   ;     1
31.12.2000 07:00:00   ;     0
01.01.2001 07:00:00   ;     0
02.01.2001 07:00:00   ;     0
03.01.2001 07:00:00   ;     0
04.01.2001 07:00:00   ;     0
05.01.2001 07:00:00   ;     0
06.01.2001 07:00:00   ;     0
07.01.2001 07:00:00   ;     5
08.01.2001 07:00:00   ;     8
09.01.2001 07:00:00   ;     0
10.01.2001 07:00:00   ;     0
11.01.2001 07:00:00   ;     0
12.01.2001 07:00:00   ;     0
13.01.2001 07:00:00   ;     0
14.01.2001 07:00:00   ;     0
15.01.2001 07:00:00   ;     0
16.01.2001 07:00:00   ;     0
17.01.2001 07:00:00   ;     0
18.01.2001 07:00:00   ;     0
19.01.2001 07:00:00   ;     0
20.01.2001 07:00:00   ;     0
21.01.2001 07:00:00   ;     0
22.01.2001 07:00:00   ;     0
23.01.2001 07:00:00   ;     0
24.01.2001 07:00:00   ;     0
25.01.2001 07:00:00   ;     0
26.01.2001 07:00:00   ;     0
27.01.2001 07:00:00   ;     0
28.01.2001 07:00:00   ;     0
29.01.2001 07:00:00   ;     1
30.01.2001 07:00:00   ;     5
31.01.2001 07:00:00   ;     6
01.02.2001 07:00:00   ;     8
02.02.2001 07:00:00   ;    28
03.02.2001 07:00:00   ;    16
04.02.2001 07:00:00   ;     0
05.02.2001 07:00:00   ;     0
06.02.2001 07:00:00   ;     0
07.02.2001 07:00:00   ;     0
08.02.2001 07:00:00   ;     0
09.02.2001 07:00:00   ;     0
10.02.2001 07:00:00   ;     0
11.02.2001 07:00:00   ;     0
12.02.2001 07:00:00   ;     0
13.02.2001 07:00:00   ;     0
14.02.2001 07:00:00   ;     0
15.02.2001 07:00:00   ;     0
16.02.2001 07:00:00   ;     0
17.02.2001 07:00:00   ;     0
18.02.2001 07:00:00   ;     0
19.02.2001 07:00:00   ;     3
20.02.2001 07:00:00   ;     2
21.02.2001 07:00:00   ;     7
22.02.2001 07:00:00   ;    20
23.02.2001 07:00:00   ;     7
24.02.2001 07:00:00   ;     0
25.02.2001 07:00:00   ;     1
26.02.2001 07:00:00   ;     0
27.02.2001 07:00:00   ;     0
28.02.2001 07:00:00   ;     0
01.03.2001 07:00:00   ;     0
02.03.2001 07:00:00   ;     0
03.03.2001 07:00:00   ;     0
04.03.2001 07:00:00   ;     0
05.03.2001 07:00:00   ;     0
06.03.2001 07:00:00   ;     0
07.03.2001 07:00:00   ;     0
08.03.2001 07:00:00   ;     0
09.03.2001 07:00:00   ;     0
10.03.2001 07:00:00   ;     0
11.03.2001 07:00:00   ;     0
12.03.2001 07:00:00   ;     0
13.03.2001 07:00:00   ;     0
14.03.2001 07:00:00   ;     0
15.03.2001 07:00:00   ;     0
16.03.2001 07:00:00   ;     0
17.03.2001 07:00:00   ;     0
18.03.2001 07:00:00   ;     0
19.03.2001 07:00:00   ;     0
20.03.2001 07:00:00   ;     0
21.03.2001 07:00:00   ;     0
22.03.2001 07:00:00   ;     0
23.03.2001 07:00:00   ;     0
24.03.2001 07:00:00   ;     0
25.03.2001 07:00:00   ;     0
26.03.2001 07:00:00   ;     0
27.03.2001 07:00:00   ;     0
28.03.2001 07:00:00   ;     0
29.03.2001 07:00:00   ;     0
30.03.2001 07:00:00   ;     0
31.03.2001 07:00:00   ;     0
01.04.2001 07:00:00   ;     0
02.04.2001 07:00:00   ;     0
03.04.2001 07:00:00   ;     0
04.04.2001 07:00:00   ;     0
05.04.2001 07:00:00   ;     0
06.04.2001 07:00:00   ;     0
07.04.2001 07:00:00   ;     0
08.04.2001 07:00:00   ;     0
09.04.2001 07:00:00   ;     0
10.04.2001 07:00:00   ;     0
11.04.2001 07:00:00   ;     0
12.04.2001 07:00:00   ;     0
13.04.2001 07:00:00   ;     5
14.04.2001 07:00:00   ;     0
15.04.2001 07:00:00   ;     0
16.04.2001 07:00:00   ;     0
17.04.2001 07:00:00   ;     0
18.04.2001 07:00:00   ;     0
19.04.2001 07:00:00   ;     0
20.04.2001 07:00:00   ;     2
21.04.2001 07:00:00   ;     4
22.04.2001 07:00:00   ;     0
23.04.2001 07:00:00   ;     0
24.04.2001 07:00:00   ;     0
25.04.2001 07:00:00   ;     0
26.04.2001 07:00:00   ;     0
27.04.2001 07:00:00   ;     0
28.04.2001 07:00:00   ;     0
29.04.2001 07:00:00   ;     0
30.04.2001 07:00:00   ;     0
01.05.2001 07:00:00   ;     0
02.05.2001 07:00:00   ;     0
03.05.2001 07:00:00   ;     0
04.05.2001 07:00:00   ;     0
05.05.2001 07:00:00   ;     0
06.05.2001 07:00:00   ;     0
07.05.2001 07:00:00   ;     0
08.05.2001 07:00:00   ;     0
09.05.2001 07:00:00   ;     0
10.05.2001 07:00:00   ;     0
11.05.2001 07:00:00   ;     0
12.05.2001 07:00:00   ;     0
13.05.2001 07:00:00   ;     0
14.05.2001 07:00:00   ;     0
15.05.2001 07:00:00   ;     0
16.05.2001 07:00:00   ;     0
17.05.2001 07:00:00   ;     0
18.05.2001 07:00:00   ;     0
19.05.2001 07:00:00   ;     0
20.05.2001 07:00:00   ;     0
21.05.2001 07:00:00   ;     0
22.05.2001 07:00:00   ;     0
23.05.2001 07:00:00   ;     0
24.05.2001 07:00:00   ;     0
25.05.2001 07:00:00   ;     0
26.05.2001 07:00:00   ;     0
27.05.2001 07:00:00   ;     0
28.05.2001 07:00:00   ;     0
29.05.2001 07:00:00   ;     0
30.05.2001 07:00:00   ;     0
31.05.2001 07:00:00   ;     0
01.06.2001 07:00:00   ;     0
02.06.2001 07:00:00   ;     0
03.06.2001 07:00:00   ;     0
04.06.2001 07:00:00   ;     0
05.06.2001 07:00:00   ;     0
06.06.2001 07:00:00   ;     0
07.06.2001 07:00:00   ;     0
08.06.2001 07:00:00   ;     0
09.06.2001 07:00:00   ;     0
10.06.2001 07:00:00   ;     0
11.06.2001 07:00:00   ;     0
12.06.2001 07:00:00   ;     0
13.06.2001 07:00:00   ;     0
14.06.2001 07:00:00   ;     0
15.06.2001 07:00:00   ;     0
16.06.2001 07:00:00   ;     0
17.06.2001 07:00:00   ;     0
18.06.2001 07:00:00   ;     0
19.06.2001 07:00:00   ;     0
20.06.2001 07:00:00   ;     0
21.06.2001 07:00:00   ;     0
22.06.2001 07:00:00   ;     0
23.06.2001 07:00:00   ;     0
24.06.2001 07:00:00   ;     0
25.06.2001 07:00:00   ;     0
26.06.2001 07:00:00   ;     0
27.06.2001 07:00:00   ;     0
28.06.2001 07:00:00   ;     0
29.06.2001 07:00:00   ;     0
30.06.2001 07:00:00   ;     0
01.07.2001 07:00:00   ;     0
02.07.2001 07:00:00   ;     0
03.07.2001 07:00:00   ;     0
04.07.2001 07:00:00   ;     0
05.07.2001 07:00:00   ;     0
06.07.2001 07:00:00   ;     0
07.07.2001 07:00:00   ;     0
08.07.2001 07:00:00   ;     0
09.07.2001 07:00:00   ;     0
10.07.2001 07:00:00   ;     0
11.07.2001 07:00:00   ;     0
12.07.2001 07:00:00   ;     0
13.07.2001 07:00:00   ;     0
14.07.2001 07:00:00   ;     0
15.07.2001 07:00:00   ;     0
16.07.2001 07:00:00   ;     0
17.07.2001 07:00:00   ;     0
18.07.2001 07:00:00   ;     0
19.07.2001 07:00:00   ;     0
20.07.2001 07:00:00   ;     0
21.07.2001 07:00:00   ;     0
22.07.2001 07:00:00   ;     0
23.07.2001 07:00:00   ;     0
24.07.2001 07:00:00   ;     0
25.07.2001 07:00:00   ;     0
26.07.2001 07:00:00   ;     0
27.07.2001 07:00:00   ;     0
28.07.2001 07:00:00   ;     0
29.07.2001 07:00:00   ;     0
30.07.2001 07:00:00   ;     0
31.07.2001 07:00:00   ;     0
01.08.2001 07:00:00   ;     0
02.08.2001 07:00:00   ;     0
03.08.2001 07:00:00   ;     0
04.08.2001 07:00:00   ;     0
05.08.2001 07:00:00   ;     0
06.08.2001 07:00:00   ;     0
07.08.2001 07:00:00   ;     0
08.08.2001 07:00:00   ;     0
09.08.2001 07:00:00   ;     0
10.08.2001 07:00:00   ;     0
11.08.2001 07:00:00   ;     0
12.08.2001 07:00:00   ;     0
13.08.2001 07:00:00   ;     0
14.08.2001 07:00:00   ;     0
15.08.2001 07:00:00   ;     0
16.08.2001 07:00:00   ;     0
17.08.2001 07:00:00   ;     0
18.08.2001 07:00:00   ;     0
19.08.2001 07:00:00   ;     0
20.08.2001 07:00:00   ;     0
21.08.2001 07:00:00   ;     0
22.08.2001 07:00:00   ;     0
23.08.2001 07:00:00   ;     0
24.08.2001 07:00:00   ;     0
25.08.2001 07:00:00   ;     0
26.08.2001 07:00:00   ;     0
27.08.2001 07:00:00   ;     0
28.08.2001 07:00:00   ;     0
29.08.2001 07:00:00   ;     0
30.08.2001 07:00:00   ;     0
31.08.2001 07:00:00   ;     0
01.09.2001 07:00:00   ;     0
02.09.2001 07:00:00   ;     0
03.09.2001 07:00:00   ;     0
04.09.2001 07:00:00   ;     0
05.09.2001 07:00:00   ;     0
06.09.2001 07:00:00   ;     0
07.09.2001 07:00:00   ;     0
08.09.2001 07:00:00   ;     0
09.09.2001 07:00:00   ;     0
10.09.2001 07:00:00   ;     0
11.09.2001 07:00:00   ;     0
12.09.2001 07:00:00   ;     0
13.09.2001 07:00:00   ;     0
14.09.2001 07:00:00   ;     0
15.09.2001 07:00:00   ;     0
16.09.2001 07:00:00   ;     0
17.09.2001 07:00:00   ;     0
18.09.2001 07:00:00   ;     0
19.09.2001 07:00:00   ;     0
20.09.2001 07:00:00   ;     0
21.09.2001 07:00:00   ;     0
22.09.2001 07:00:00   ;     0
23.09.2001 07:00:00   ;     0
24.09.2001 07:00:00   ;     0
25.09.2001 07:00:00   ;     0
26.09.2001 07:00:00   ;     0
27.09.2001 07:00:00   ;     0
28.09.2001 07:00:00   ;     0
29.09.2001 07:00:00   ;     0
30.09.2001 07:00:00   ;     0
01.10.2001 07:00:00   ;     0
02.10.2001 07:00:00   ;     0
03.10.2001 07:00:00   ;     0
04.10.2001 07:00:00   ;     0
05.10.2001 07:00:00   ;     0
06.10.2001 07:00:00   ;     0
07.10.2001 07:00:00   ;     0
08.10.2001 07:00:00   ;     0
09.10.2001 07:00:00   ;     0
10.10.2001 07:00:00   ;     0
11.10.2001 07:00:00   ;     0
12.10.2001 07:00:00   ;     0
13.10.2001 07:00:00   ;     0
14.10.2001 07:00:00   ;     0
15.10.2001 07:00:00   ;     0
16.10.2001 07:00:00   ;     0
17.10.2001 07:00:00   ;     0
18.10.2001 07:00:00   ;     0
19.10.2001 07:00:00   ;     0
20.10.2001 07:00:00   ;     0
21.10.2001 07:00:00   ;     0
22.10.2001 07:00:00   ;     0
23.10.2001 07:00:00   ;     0
24.10.2001 07:00:00   ;     0
25.10.2001 07:00:00   ;     0
26.10.2001 07:00:00   ;     0
27.10.2001 07:00:00   ;     0
28.10.2001 07:00:00   ;     0
29.10.2001 07:00:00   ;     0
30.10.2001 07:00:00   ;     0
31.10.2001 07:00:00   ;     0
01.11.2001 07:00:00   ;     0
02.11.2001 07:00:00   ;     0
03.11.2001 07:00:00   ;     0
04.11.2001 07:00:00   ;     0
05.11.2001 07:00:00   ;     0
06.11.2001 07:00:00   ;     0
07.11.2001 07:00:00   ;     0
08.11.2001 07:00:00   ;     0
09.11.2001 07:00:00   ;     4
10.11.2001 07:00:00   ;     0
11.11.2001 07:00:00   ;     0
12.11.2001 07:00:00   ;     0
13.11.2001 07:00:00   ;     5
14.11.2001 07:00:00   ;     0
15.11.2001 07:00:00   ;     0
16.11.2001 07:00:00   ;     0
17.11.2001 07:00:00   ;     0
18.11.2001 07:00:00   ;     0
19.11.2001 07:00:00   ;     0
20.11.2001 07:00:00   ;     0
21.11.2001 07:00:00   ;     0
22.11.2001 07:00:00   ;     3
23.11.2001 07:00:00   ;    25
24.11.2001 07:00:00   ;    25
25.11.2001 07:00:00   ;    20
26.11.2001 07:00:00   ;     0
27.11.2001 07:00:00   ;     0
28.11.2001 07:00:00   ;     0
29.11.2001 07:00:00   ;     7
30.11.2001 07:00:00   ;     0
01.12.2001 07:00:00   ;     0
02.12.2001 07:00:00   ;     0
03.12.2001 07:00:00   ;     0
04.12.2001 07:00:00   ;     0
05.12.2001 07:00:00   ;     0
06.12.2001 07:00:00   ;     0
07.12.2001 07:00:00   ;     0
08.12.2001 07:00:00   ;     0
09.12.2001 07:00:00   ;     0
10.12.2001 07:00:00   ;     0
11.12.2001 07:00:00   ;     8
12.12.2001 07:00:00   ;    17
13.12.2001 07:00:00   ;     5
14.12.2001 07:00:00   ;     0
15.12.2001 07:00:00   ;     0
16.12.2001 07:00:00   ;     0
17.12.2001 07:00:00   ;     1
18.12.2001 07:00:00   ;     0
19.12.2001 07:00:00   ;     0
20.12.2001 07:00:00   ;     2
21.12.2001 07:00:00   ;     0
22.12.2001 07:00:00   ;    15
23.12.2001 07:00:00   ;     1
24.12.2001 07:00:00   ;     1
25.12.2001 07:00:00   ;     0
26.12.2001 07:00:00   ;    10
27.12.2001 07:00:00   ;     3
28.12.2001 07:00:00   ;     3
29.12.2001 07:00:00   ;     1
30.12.2001 07:00:00   ;     0
31.12.2001 07:00:00   ;     5
01.01.2002 07:00:00   ;     0
02.01.2002 07:00:00   ;     0
03.01.2002 07:00:00   ;     0
04.01.2002 07:00:00   ;     0
05.01.2002 07:00:00   ;     0
06.01.2002 07:00:00   ;     0
07.01.2002 07:00:00   ;     0
08.01.2002 07:00:00   ;     0
09.01.2002 07:00:00   ;     0
10.01.2002 07:00:00   ;     0
11.01.2002 07:00:00   ;     0
12.01.2002 07:00:00   ;     0
13.01.2002 07:00:00   ;     0
14.01.2002 07:00:00   ;     0
15.01.2002 07:00:00   ;     0
16.01.2002 07:00:00   ;     0
17.01.2002 07:00:00   ;     0
18.01.2002 07:00:00   ;     0
19.01.2002 07:00:00   ;     0
20.01.2002 07:00:00   ;     0
21.01.2002 07:00:00   ;     0
22.01.2002 07:00:00   ;     0
23.01.2002 07:00:00   ;     0
24.01.2002 07:00:00   ;     0
25.01.2002 07:00:00   ;     0
26.01.2002 07:00:00   ;     0
27.01.2002 07:00:00   ;     0
28.01.2002 07:00:00   ;     0
29.01.2002 07:00:00   ;     0
30.01.2002 07:00:00   ;     0
31.01.2002 07:00:00   ;     0
01.02.2002 07:00:00   ;     0
02.02.2002 07:00:00   ;     0
03.02.2002 07:00:00   ;     0
04.02.2002 07:00:00   ;     0
05.02.2002 07:00:00   ;     0
06.02.2002 07:00:00   ;     0
07.02.2002 07:00:00   ;     0
08.02.2002 07:00:00   ;     0
09.02.2002 07:00:00   ;     0
10.02.2002 07:00:00   ;     0
11.02.2002 07:00:00   ;     0
12.02.2002 07:00:00   ;     0
13.02.2002 07:00:00   ;     0
14.02.2002 07:00:00   ;     0
15.02.2002 07:00:00   ;     0
16.02.2002 07:00:00   ;     0
17.02.2002 07:00:00   ;     0
18.02.2002 07:00:00   ;     0
19.02.2002 07:00:00   ;     2
20.02.2002 07:00:00   ;     0
21.02.2002 07:00:00   ;     2
22.02.2002 07:00:00   ;     0
23.02.2002 07:00:00   ;     3
24.02.2002 07:00:00   ;    13
25.02.2002 07:00:00   ;     0
26.02.2002 07:00:00   ;     0
27.02.2002 07:00:00   ;     0
28.02.2002 07:00:00   ;     0
01.03.2002 07:00:00   ;     0
02.03.2002 07:00:00   ;     0
03.03.2002 07:00:00   ;     0
04.03.2002 07:00:00   ;     0
05.03.2002 07:00:00   ;     0
06.03.2002 07:00:00   ;     0
07.03.2002 07:00:00   ;     0
08.03.2002 07:00:00   ;     0
09.03.2002 07:00:00   ;     0
10.03.2002 07:00:00   ;     0
11.03.2002 07:00:00   ;     0
12.03.2002 07:00:00   ;     0
13.03.2002 07:00:00   ;     0
14.03.2002 07:00:00   ;     0
15.03.2002 07:00:00   ;     0
16.03.2002 07:00:00   ;     0
17.03.2002 07:00:00   ;     0
18.03.2002 07:00:00   ;     0
19.03.2002 07:00:00   ;     0
20.03.2002 07:00:00   ;     0
21.03.2002 07:00:00   ;     0
22.03.2002 07:00:00   ;     5
23.03.2002 07:00:00   ;    18
24.03.2002 07:00:00   ;    18
25.03.2002 07:00:00   ;     0
26.03.2002 07:00:00   ;     0
27.03.2002 07:00:00   ;     0
28.03.2002 07:00:00   ;     0
29.03.2002 07:00:00   ;     0
30.03.2002 07:00:00   ;     0
31.03.2002 07:00:00   ;     0
01.04.2002 07:00:00   ;     0
02.04.2002 07:00:00   ;     0
03.04.2002 07:00:00   ;     0
04.04.2002 07:00:00   ;     0
05.04.2002 07:00:00   ;     0
06.04.2002 07:00:00   ;     0
07.04.2002 07:00:00   ;     0
08.04.2002 07:00:00   ;     0
09.04.2002 07:00:00   ;     0
10.04.2002 07:00:00   ;     0
11.04.2002 07:00:00   ;     0
12.04.2002 07:00:00   ;     0
13.04.2002 07:00:00   ;     0
14.04.2002 07:00:00   ;     0
15.04.2002 07:00:00   ;     0
16.04.2002 07:00:00   ;     0
17.04.2002 07:00:00   ;     0
18.04.2002 07:00:00   ;     0
19.04.2002 07:00:00   ;     0
20.04.2002 07:00:00   ;     0
21.04.2002 07:00:00   ;     0
22.04.2002 07:00:00   ;     0
23.04.2002 07:00:00   ;     0
24.04.2002 07:00:00   ;     0
25.04.2002 07:00:00   ;     0
26.04.2002 07:00:00   ;     0
27.04.2002 07:00:00   ;     0
28.04.2002 07:00:00   ;     0
29.04.2002 07:00:00   ;     0
30.04.2002 07:00:00   ;     0
01.05.2002 07:00:00   ;     0
02.05.2002 07:00:00   ;     0
03.05.2002 07:00:00   ;     0
04.05.2002 07:00:00   ;     0
05.05.2002 07:00:00   ;     0
06.05.2002 07:00:00   ;     0
07.05.2002 07:00:00   ;     0
08.05.2002 07:00:00   ;     0
09.05.2002 07:00:00   ;     0
10.05.2002 07:00:00   ;     0
11.05.2002 07:00:00   ;     0
12.05.2002 07:00:00   ;     0
13.05.2002 07:00:00   ;     0
14.05.2002 07:00:00   ;     0
15.05.2002 07:00:00   ;     0
16.05.2002 07:00:00   ;     0
17.05.2002 07:00:00   ;     0
18.05.2002 07:00:00   ;     0
19.05.2002 07:00:00   ;     0
20.05.2002 07:00:00   ;     0
21.05.2002 07:00:00   ;     0
22.05.2002 07:00:00   ;     0
23.05.2002 07:00:00   ;     0
24.05.2002 07:00:00   ;     0
25.05.2002 07:00:00   ;     0
26.05.2002 07:00:00   ;     0
27.05.2002 07:00:00   ;     0
28.05.2002 07:00:00   ;     0
29.05.2002 07:00:00   ;     0
30.05.2002 07:00:00   ;     0
31.05.2002 07:00:00   ;     0
01.06.2002 07:00:00   ;     0
02.06.2002 07:00:00   ;     0
03.06.2002 07:00:00   ;     0
04.06.2002 07:00:00   ;     0
05.06.2002 07:00:00   ;     0
06.06.2002 07:00:00   ;     0
07.06.2002 07:00:00   ;     0
08.06.2002 07:00:00   ;     0
09.06.2002 07:00:00   ;     0
10.06.2002 07:00:00   ;     0
11.06.2002 07:00:00   ;     0
12.06.2002 07:00:00   ;     0
13.06.2002 07:00:00   ;     0
14.06.2002 07:00:00   ;     0
15.06.2002 07:00:00   ;     0
16.06.2002 07:00:00   ;     0
17.06.2002 07:00:00   ;     0
18.06.2002 07:00:00   ;     0
19.06.2002 07:00:00   ;     0
20.06.2002 07:00:00   ;     0
21.06.2002 07:00:00   ;     0
22.06.2002 07:00:00   ;     0
23.06.2002 07:00:00   ;     0
24.06.2002 07:00:00   ;     0
25.06.2002 07:00:00   ;     0
26.06.2002 07:00:00   ;     0
27.06.2002 07:00:00   ;     0
28.06.2002 07:00:00   ;     0
29.06.2002 07:00:00   ;     0
30.06.2002 07:00:00   ;     0
01.07.2002 07:00:00   ;     0
02.07.2002 07:00:00   ;     0
03.07.2002 07:00:00   ;     0
04.07.2002 07:00:00   ;     0
05.07.2002 07:00:00   ;     0
06.07.2002 07:00:00   ;     0
07.07.2002 07:00:00   ;     0
08.07.2002 07:00:00   ;     0
09.07.2002 07:00:00   ;     0
10.07.2002 07:00:00   ;     0
11.07.2002 07:00:00   ;     0
12.07.2002 07:00:00   ;     0
13.07.2002 07:00:00   ;     0
14.07.2002 07:00:00   ;     0
15.07.2002 07:00:00   ;     0
16.07.2002 07:00:00   ;     0
17.07.2002 07:00:00   ;     0
18.07.2002 07:00:00   ;     0
19.07.2002 07:00:00   ;     0
20.07.2002 07:00:00   ;     0
21.07.2002 07:00:00   ;     0
22.07.2002 07:00:00   ;     0
23.07.2002 07:00:00   ;     0
24.07.2002 07:00:00   ;     0
25.07.2002 07:00:00   ;     0
26.07.2002 07:00:00   ;     0
27.07.2002 07:00:00   ;     0
28.07.2002 07:00:00   ;     0
29.07.2002 07:00:00   ;     0
30.07.2002 07:00:00   ;     0
31.07.2002 07:00:00   ;     0
01.08.2002 07:00:00   ;     0
02.08.2002 07:00:00   ;     0
03.08.2002 07:00:00   ;     0
04.08.2002 07:00:00   ;     0
05.08.2002 07:00:00   ;     0
06.08.2002 07:00:00   ;     0
07.08.2002 07:00:00   ;     0
08.08.2002 07:00:00   ;     0
09.08.2002 07:00:00   ;     0
10.08.2002 07:00:00   ;     0
11.08.2002 07:00:00   ;     0
12.08.2002 07:00:00   ;     0
13.08.2002 07:00:00   ;     0
14.08.2002 07:00:00   ;     0
15.08.2002 07:00:00   ;     0
16.08.2002 07:00:00   ;     0
17.08.2002 07:00:00   ;     0
18.08.2002 07:00:00   ;     0
19.08.2002 07:00:00   ;     0
20.08.2002 07:00:00   ;     0
21.08.2002 07:00:00   ;     0
22.08.2002 07:00:00   ;     0
23.08.2002 07:00:00   ;     0
24.08.2002 07:00:00   ;     0
25.08.2002 07:00:00   ;     0
26.08.2002 07:00:00   ;     0
27.08.2002 07:00:00   ;     0
28.08.2002 07:00:00   ;     0
29.08.2002 07:00:00   ;     0
30.08.2002 07:00:00   ;     0
31.08.2002 07:00:00   ;     0
01.09.2002 07:00:00   ;     0
02.09.2002 07:00:00   ;     0
03.09.2002 07:00:00   ;     0
04.09.2002 07:00:00   ;     0
05.09.2002 07:00:00   ;     0
06.09.2002 07:00:00   ;     0
07.09.2002 07:00:00   ;     0
08.09.2002 07:00:00   ;     0
09.09.2002 07:00:00   ;     0
10.09.2002 07:00:00   ;     0
11.09.2002 07:00:00   ;     0
12.09.2002 07:00:00   ;     0
13.09.2002 07:00:00   ;     0
14.09.2002 07:00:00   ;     0
15.09.2002 07:00:00   ;     0
16.09.2002 07:00:00   ;     0
17.09.2002 07:00:00   ;     0
18.09.2002 07:00:00   ;     0
19.09.2002 07:00:00   ;     0
20.09.2002 07:00:00   ;     0
21.09.2002 07:00:00   ;     0
22.09.2002 07:00:00   ;     0
23.09.2002 07:00:00   ;     0
24.09.2002 07:00:00   ;     0
25.09.2002 07:00:00   ;     0
26.09.2002 07:00:00   ;     0
27.09.2002 07:00:00   ;     0
28.09.2002 07:00:00   ;     0
29.09.2002 07:00:00   ;     0
30.09.2002 07:00:00   ;     0
01.10.2002 07:00:00   ;     0
02.10.2002 07:00:00   ;     0
03.10.2002 07:00:00   ;     0
04.10.2002 07:00:00   ;     0
05.10.2002 07:00:00   ;     0
06.10.2002 07:00:00   ;     0
07.10.2002 07:00:00   ;     0
08.10.2002 07:00:00   ;     0
09.10.2002 07:00:00   ;     0
10.10.2002 07:00:00   ;     0
11.10.2002 07:00:00   ;     0
12.10.2002 07:00:00   ;     0
13.10.2002 07:00:00   ;     0
14.10.2002 07:00:00   ;     0
15.10.2002 07:00:00   ;     0
16.10.2002 07:00:00   ;     0
17.10.2002 07:00:00   ;     0
18.10.2002 07:00:00   ;     0
19.10.2002 07:00:00   ;     0
20.10.2002 07:00:00   ;     0
21.10.2002 07:00:00   ;     0
22.10.2002 07:00:00   ;     0
23.10.2002 07:00:00   ;     0
24.10.2002 07:00:00   ;     0
25.10.2002 07:00:00   ;     0
26.10.2002 07:00:00   ;     0
27.10.2002 07:00:00   ;     0
28.10.2002 07:00:00   ;     0
29.10.2002 07:00:00   ;     0
30.10.2002 07:00:00   ;     0
31.10.2002 07:00:00   ;     0
01.11.2002 07:00:00   ;     0
02.11.2002 07:00:00   ;     0
03.11.2002 07:00:00   ;     0
04.11.2002 07:00:00   ;     0
05.11.2002 07:00:00   ;     0
06.11.2002 07:00:00   ;     0
07.11.2002 07:00:00   ;     0
08.11.2002 07:00:00   ;     0
09.11.2002 07:00:00   ;     0
10.11.2002 07:00:00   ;     0
11.11.2002 07:00:00   ;     0
12.11.2002 07:00:00   ;     0
13.11.2002 07:00:00   ;     0
14.11.2002 07:00:00   ;     0
15.11.2002 07:00:00   ;     0
16.11.2002 07:00:00   ;     0
17.11.2002 07:00:00   ;     0
18.11.2002 07:00:00   ;     0
19.11.2002 07:00:00   ;     0
20.11.2002 07:00:00   ;     0
21.11.2002 07:00:00   ;     0
22.11.2002 07:00:00   ;     0
23.11.2002 07:00:00   ;     0
24.11.2002 07:00:00   ;     0
25.11.2002 07:00:00   ;     0
26.11.2002 07:00:00   ;     0
27.11.2002 07:00:00   ;     0
28.11.2002 07:00:00   ;     0
29.11.2002 07:00:00   ;     0
30.11.2002 07:00:00   ;     0
01.12.2002 07:00:00   ;     0
02.12.2002 07:00:00   ;     2
03.12.2002 07:00:00   ;     0
04.12.2002 07:00:00   ;     0
05.12.2002 07:00:00   ;     0
06.12.2002 07:00:00   ;     0
07.12.2002 07:00:00   ;     0
08.12.2002 07:00:00   ;     0
09.12.2002 07:00:00   ;     0
10.12.2002 07:00:00   ;     0
11.12.2002 07:00:00   ;     0
12.12.2002 07:00:00   ;     0
13.12.2002 07:00:00   ;     0
14.12.2002 07:00:00   ;     0
15.12.2002 07:00:00   ;     0
16.12.2002 07:00:00   ;     2
17.12.2002 07:00:00   ;     0
18.12.2002 07:00:00   ;     0
19.12.2002 07:00:00   ;     0
20.12.2002 07:00:00   ;     0
21.12.2002 07:00:00   ;     0
22.12.2002 07:00:00   ;     0
23.12.2002 07:00:00   ;     0
24.12.2002 07:00:00   ;     0
25.12.2002 07:00:00   ;     0
26.12.2002 07:00:00   ;     0
27.12.2002 07:00:00   ;     0
28.12.2002 07:00:00   ;     0
29.12.2002 07:00:00   ;     0
30.12.2002 07:00:00   ;     0
31.12.2002 07:00:00   ;     0
01.01.2003 07:00:00   ;     0
02.01.2003 07:00:00   ;     0
03.01.2003 07:00:00   ;     0
04.01.2003 07:00:00   ;     0
05.01.2003 07:00:00   ;     1
06.01.2003 07:00:00   ;     3
07.01.2003 07:00:00   ;     3
08.01.2003 07:00:00   ;     0
09.01.2003 07:00:00   ;     5
10.01.2003 07:00:00   ;     2
11.01.2003 07:00:00   ;     0
12.01.2003 07:00:00   ;     0
13.01.2003 07:00:00   ;    22
14.01.2003 07:00:00   ;     0
15.01.2003 07:00:00   ;     0
16.01.2003 07:00:00   ;     0
17.01.2003 07:00:00   ;     0
18.01.2003 07:00:00   ;     0
19.01.2003 07:00:00   ;     0
20.01.2003 07:00:00   ;     0
21.01.2003 07:00:00   ;     0
22.01.2003 07:00:00   ;     3
23.01.2003 07:00:00   ;     5
24.01.2003 07:00:00   ;     7
25.01.2003 07:00:00   ;     0
26.01.2003 07:00:00   ;     0
27.01.2003 07:00:00   ;     6
28.01.2003 07:00:00   ;     1
29.01.2003 07:00:00   ;     7
30.01.2003 07:00:00   ;     3
31.01.2003 07:00:00   ;     2
01.02.2003 07:00:00   ;     0
02.02.2003 07:00:00   ;     0
03.02.2003 07:00:00   ;     0
04.02.2003 07:00:00   ;     8
05.02.2003 07:00:00   ;    25
06.02.2003 07:00:00   ;    10
07.02.2003 07:00:00   ;    10
08.02.2003 07:00:00   ;    30
09.02.2003 07:00:00   ;     0
10.02.2003 07:00:00   ;     0
11.02.2003 07:00:00   ;     0
12.02.2003 07:00:00   ;     0
13.02.2003 07:00:00   ;     0
14.02.2003 07:00:00   ;     0
15.02.2003 07:00:00   ;     2
16.02.2003 07:00:00   ;     0
17.02.2003 07:00:00   ;     0
18.02.2003 07:00:00   ;     0
19.02.2003 07:00:00   ;     0
20.02.2003 07:00:00   ;     0
21.02.2003 07:00:00   ;     0
22.02.2003 07:00:00   ;     0
23.02.2003 07:00:00   ;     0
24.02.2003 07:00:00   ;     0
25.02.2003 07:00:00   ;     0
26.02.2003 07:00:00   ;     0
27.02.2003 07:00:00   ;     0
28.02.2003 07:00:00   ;     0
01.03.2003 07:00:00   ;     0
02.03.2003 07:00:00   ;     0
03.03.2003 07:00:00   ;     0
04.03.2003 07:00:00   ;     0
05.03.2003 07:00:00   ;     0
06.03.2003 07:00:00   ;     0
07.03.2003 07:00:00   ;     0
08.03.2003 07:00:00   ;     0
09.03.2003 07:00:00   ;     0
10.03.2003 07:00:00   ;     0
11.03.2003 07:00:00   ;     0
12.03.2003 07:00:00   ;     0
13.03.2003 07:00:00   ;     0
14.03.2003 07:00:00   ;     0
15.03.2003 07:00:00   ;     0
16.03.2003 07:00:00   ;     0
17.03.2003 07:00:00   ;     0
18.03.2003 07:00:00   ;     0
19.03.2003 07:00:00   ;     0
20.03.2003 07:00:00   ;     0
21.03.2003 07:00:00   ;     0
22.03.2003 07:00:00   ;     0
23.03.2003 07:00:00   ;     0
24.03.2003 07:00:00   ;     0
25.03.2003 07:00:00   ;     0
26.03.2003 07:00:00   ;     0
27.03.2003 07:00:00   ;     0
28.03.2003 07:00:00   ;     0
29.03.2003 07:00:00   ;     0
30.03.2003 07:00:00   ;     0
31.03.2003 07:00:00   ;     0
01.04.2003 07:00:00   ;     0
02.04.2003 07:00:00   ;     0
03.04.2003 07:00:00   ;     0
04.04.2003 07:00:00   ;     0
05.04.2003 07:00:00   ;     2
06.04.2003 07:00:00   ;     6
07.04.2003 07:00:00   ;     3
08.04.2003 07:00:00   ;     0
09.04.2003 07:00:00   ;     0
10.04.2003 07:00:00   ;     0
11.04.2003 07:00:00   ;     0
12.04.2003 07:00:00   ;     0
13.04.2003 07:00:00   ;     0
14.04.2003 07:00:00   ;     0
15.04.2003 07:00:00   ;     0
16.04.2003 07:00:00   ;     0
17.04.2003 07:00:00   ;     0
18.04.2003 07:00:00   ;     0
19.04.2003 07:00:00   ;     0
20.04.2003 07:00:00   ;     0
21.04.2003 07:00:00   ;     0
22.04.2003 07:00:00   ;     0
23.04.2003 07:00:00   ;     0
24.04.2003 07:00:00   ;     0
25.04.2003 07:00:00   ;     0
26.04.2003 07:00:00   ;     0
27.04.2003 07:00:00   ;     0
28.04.2003 07:00:00   ;     0
29.04.2003 07:00:00   ;     0
30.04.2003 07:00:00   ;     0
01.05.2003 07:00:00   ;     0
02.05.2003 07:00:00   ;     0
03.05.2003 07:00:00   ;     0
04.05.2003 07:00:00   ;     0
05.05.2003 07:00:00   ;     0
06.05.2003 07:00:00   ;     0
07.05.2003 07:00:00   ;     0
08.05.2003 07:00:00   ;     0
09.05.2003 07:00:00   ;     0
10.05.2003 07:00:00   ;     0
11.05.2003 07:00:00   ;     0
12.05.2003 07:00:00   ;     0
13.05.2003 07:00:00   ;     0
14.05.2003 07:00:00   ;     0
15.05.2003 07:00:00   ;     0
16.05.2003 07:00:00   ;     0
17.05.2003 07:00:00   ;     0
18.05.2003 07:00:00   ;     0
19.05.2003 07:00:00   ;     0
20.05.2003 07:00:00   ;     0
21.05.2003 07:00:00   ;     0
22.05.2003 07:00:00   ;     0
23.05.2003 07:00:00   ;     0
24.05.2003 07:00:00   ;     0
25.05.2003 07:00:00   ;     0
26.05.2003 07:00:00   ;     0
27.05.2003 07:00:00   ;     0
28.05.2003 07:00:00   ;     0
29.05.2003 07:00:00   ;     0
30.05.2003 07:00:00   ;     0
31.05.2003 07:00:00   ;     0
01.06.2003 07:00:00   ;     0
02.06.2003 07:00:00   ;     0
03.06.2003 07:00:00   ;     0
04.06.2003 07:00:00   ;     0
05.06.2003 07:00:00   ;     0
06.06.2003 07:00:00   ;     0
07.06.2003 07:00:00   ;     0
08.06.2003 07:00:00   ;     0
09.06.2003 07:00:00   ;     0
10.06.2003 07:00:00   ;     0
11.06.2003 07:00:00   ;     0
12.06.2003 07:00:00   ;     0
13.06.2003 07:00:00   ;     0
14.06.2003 07:00:00   ;     0
15.06.2003 07:00:00   ;     0
16.06.2003 07:00:00   ;     0
17.06.2003 07:00:00   ;     0
18.06.2003 07:00:00   ;     0
19.06.2003 07:00:00   ;     0
20.06.2003 07:00:00   ;     0
21.06.2003 07:00:00   ;     0
22.06.2003 07:00:00   ;     0
23.06.2003 07:00:00   ;     0
24.06.2003 07:00:00   ;     0
25.06.2003 07:00:00   ;     0
26.06.2003 07:00:00   ;     0
27.06.2003 07:00:00   ;     0
28.06.2003 07:00:00   ;     0
29.06.2003 07:00:00   ;     0
30.06.2003 07:00:00   ;     0
01.07.2003 07:00:00   ;     0
02.07.2003 07:00:00   ;     0
03.07.2003 07:00:00   ;     0
04.07.2003 07:00:00   ;     0
05.07.2003 07:00:00   ;     0
06.07.2003 07:00:00   ;     0
07.07.2003 07:00:00   ;     0
08.07.2003 07:00:00   ;     0
09.07.2003 07:00:00   ;     0
10.07.2003 07:00:00   ;     0
11.07.2003 07:00:00   ;     0
12.07.2003 07:00:00   ;     0
13.07.2003 07:00:00   ;     0
14.07.2003 07:00:00   ;     0
15.07.2003 07:00:00   ;     0
16.07.2003 07:00:00   ;     0
17.07.2003 07:00:00   ;     0
18.07.2003 07:00:00   ;     0
19.07.2003 07:00:00   ;     0
20.07.2003 07:00:00   ;     0
21.07.2003 07:00:00   ;     0
22.07.2003 07:00:00   ;     0
23.07.2003 07:00:00   ;     0
24.07.2003 07:00:00   ;     0
25.07.2003 07:00:00   ;     0
26.07.2003 07:00:00   ;     0
27.07.2003 07:00:00   ;     0
28.07.2003 07:00:00   ;     0
29.07.2003 07:00:00   ;     0
30.07.2003 07:00:00   ;     0
31.07.2003 07:00:00   ;     0
01.08.2003 07:00:00   ;     0
02.08.2003 07:00:00   ;     0
03.08.2003 07:00:00   ;     0
04.08.2003 07:00:00   ;     0
05.08.2003 07:00:00   ;     0
06.08.2003 07:00:00   ;     0
07.08.2003 07:00:00   ;     0
08.08.2003 07:00:00   ;     0
09.08.2003 07:00:00   ;     0
10.08.2003 07:00:00   ;     0
11.08.2003 07:00:00   ;     0
12.08.2003 07:00:00   ;     0
13.08.2003 07:00:00   ;     0
14.08.2003 07:00:00   ;     0
15.08.2003 07:00:00   ;     0
16.08.2003 07:00:00   ;     0
17.08.2003 07:00:00   ;     0
18.08.2003 07:00:00   ;     0
19.08.2003 07:00:00   ;     0
20.08.2003 07:00:00   ;     0
21.08.2003 07:00:00   ;     0
22.08.2003 07:00:00   ;     0
23.08.2003 07:00:00   ;     0
24.08.2003 07:00:00   ;     0
25.08.2003 07:00:00   ;     0
26.08.2003 07:00:00   ;     0
27.08.2003 07:00:00   ;     0
28.08.2003 07:00:00   ;     0
29.08.2003 07:00:00   ;     0
30.08.2003 07:00:00   ;     0
31.08.2003 07:00:00   ;     0
01.09.2003 07:00:00   ;     0
02.09.2003 07:00:00   ;     0
03.09.2003 07:00:00   ;     0
04.09.2003 07:00:00   ;     0
05.09.2003 07:00:00   ;     0
06.09.2003 07:00:00   ;     0
07.09.2003 07:00:00   ;     0
08.09.2003 07:00:00   ;     0
09.09.2003 07:00:00   ;     0
10.09.2003 07:00:00   ;     0
11.09.2003 07:00:00   ;     0
12.09.2003 07:00:00   ;     0
13.09.2003 07:00:00   ;     0
14.09.2003 07:00:00   ;     0
15.09.2003 07:00:00   ;     0
16.09.2003 07:00:00   ;     0
17.09.2003 07:00:00   ;     0
18.09.2003 07:00:00   ;     0
19.09.2003 07:00:00   ;     0
20.09.2003 07:00:00   ;     0
21.09.2003 07:00:00   ;     0
22.09.2003 07:00:00   ;     0
23.09.2003 07:00:00   ;     0
24.09.2003 07:00:00   ;     0
25.09.2003 07:00:00   ;     0
26.09.2003 07:00:00   ;     0
27.09.2003 07:00:00   ;     0
28.09.2003 07:00:00   ;     0
29.09.2003 07:00:00   ;     0
30.09.2003 07:00:00   ;     0
01.10.2003 07:00:00   ;     0
02.10.2003 07:00:00   ;     0
03.10.2003 07:00:00   ;     0
04.10.2003 07:00:00   ;     0
05.10.2003 07:00:00   ;     0
06.10.2003 07:00:00   ;     0
07.10.2003 07:00:00   ;     0
08.10.2003 07:00:00   ;     0
09.10.2003 07:00:00   ;     0
10.10.2003 07:00:00   ;     0
11.10.2003 07:00:00   ;     0
12.10.2003 07:00:00   ;     0
13.10.2003 07:00:00   ;     0
14.10.2003 07:00:00   ;     0
15.10.2003 07:00:00   ;     0
16.10.2003 07:00:00   ;     0
17.10.2003 07:00:00   ;     0
18.10.2003 07:00:00   ;     0
19.10.2003 07:00:00   ;     0
20.10.2003 07:00:00   ;     0
21.10.2003 07:00:00   ;     0
22.10.2003 07:00:00   ;     0
23.10.2003 07:00:00   ;     3
24.10.2003 07:00:00   ;     0
25.10.2003 07:00:00   ;     0
26.10.2003 07:00:00   ;     0
27.10.2003 07:00:00   ;     0
28.10.2003 07:00:00   ;     0
29.10.2003 07:00:00   ;     0
30.10.2003 07:00:00   ;     0
31.10.2003 07:00:00   ;     0
01.11.2003 07:00:00   ;     0
02.11.2003 07:00:00   ;     0
03.11.2003 07:00:00   ;     0
04.11.2003 07:00:00   ;     0
05.11.2003 07:00:00   ;     0
06.11.2003 07:00:00   ;     0
07.11.2003 07:00:00   ;     0
08.11.2003 07:00:00   ;     0
09.11.2003 07:00:00   ;     0
10.11.2003 07:00:00   ;     0
11.11.2003 07:00:00   ;     0
12.11.2003 07:00:00   ;     0
13.11.2003 07:00:00   ;     0
14.11.2003 07:00:00   ;     0
15.11.2003 07:00:00   ;     0
16.11.2003 07:00:00   ;     0
17.11.2003 07:00:00   ;     0
18.11.2003 07:00:00   ;     0
19.11.2003 07:00:00   ;     0
20.11.2003 07:00:00   ;     0
21.11.2003 07:00:00   ;     0
22.11.2003 07:00:00   ;     0
23.11.2003 07:00:00   ;     0
24.11.2003 07:00:00   ;     0
25.11.2003 07:00:00   ;     0
26.11.2003 07:00:00   ;     0
27.11.2003 07:00:00   ;     0
28.11.2003 07:00:00   ;     0
29.11.2003 07:00:00   ;     0
30.11.2003 07:00:00   ;     0
01.12.2003 07:00:00   ;     0
02.12.2003 07:00:00   ;     0
03.12.2003 07:00:00   ;     0
04.12.2003 07:00:00   ;     0
05.12.2003 07:00:00   ;     0
06.12.2003 07:00:00   ;     0
07.12.2003 07:00:00   ;     0
08.12.2003 07:00:00   ;     0
09.12.2003 07:00:00   ;     0
10.12.2003 07:00:00   ;     0
11.12.2003 07:00:00   ;     0
12.12.2003 07:00:00   ;     0
13.12.2003 07:00:00   ;     0
14.12.2003 07:00:00   ;     0
15.12.2003 07:00:00   ;    20
16.12.2003 07:00:00   ;     0
17.12.2003 07:00:00   ;     0
18.12.2003 07:00:00   ;     0
19.12.2003 07:00:00   ;     0
20.12.2003 07:00:00   ;     0
21.12.2003 07:00:00   ;     0
22.12.2003 07:00:00   ;    23
23.12.2003 07:00:00   ;     0
24.12.2003 07:00:00   ;     0
25.12.2003 07:00:00   ;     0
26.12.2003 07:00:00   ;     0
27.12.2003 07:00:00   ;     0
28.12.2003 07:00:00   ;     1
29.12.2003 07:00:00   ;     0
30.12.2003 07:00:00   ;     0
31.12.2003 07:00:00   ;     2
01.01.2004 07:00:00   ;     0
02.01.2004 07:00:00   ;     0
03.01.2004 07:00:00   ;     0
04.01.2004 07:00:00   ;     5
05.01.2004 07:00:00   ;    14
06.01.2004 07:00:00   ;    11
07.01.2004 07:00:00   ;     0
08.01.2004 07:00:00   ;     0
09.01.2004 07:00:00   ;     2
10.01.2004 07:00:00   ;     0
11.01.2004 07:00:00   ;     0
12.01.2004 07:00:00   ;     0
13.01.2004 07:00:00   ;     0
14.01.2004 07:00:00   ;     0
15.01.2004 07:00:00   ;     8
16.01.2004 07:00:00   ;     0
17.01.2004 07:00:00   ;     5
18.01.2004 07:00:00   ;     2
19.01.2004 07:00:00   ;     6
20.01.2004 07:00:00   ;    13
21.01.2004 07:00:00   ;     7
22.01.2004 07:00:00   ;     0
23.01.2004 07:00:00   ;     0
24.01.2004 07:00:00   ;     7
25.01.2004 07:00:00   ;     1
26.01.2004 07:00:00   ;     0
27.01.2004 07:00:00   ;     3
28.01.2004 07:00:00   ;     0
29.01.2004 07:00:00   ;     0
30.01.2004 07:00:00   ;     0
31.01.2004 07:00:00   ;     0
01.02.2004 07:00:00   ;     0
02.02.2004 07:00:00   ;     0
03.02.2004 07:00:00   ;     0
04.02.2004 07:00:00   ;     0
05.02.2004 07:00:00   ;     0
06.02.2004 07:00:00   ;     0
07.02.2004 07:00:00   ;     0
08.02.2004 07:00:00   ;     5
09.02.2004 07:00:00   ;     0
10.02.2004 07:00:00   ;     9
11.02.2004 07:00:00   ;     3
12.02.2004 07:00:00   ;    10
13.02.2004 07:00:00   ;     0
14.02.2004 07:00:00   ;     0
15.02.2004 07:00:00   ;     0
16.02.2004 07:00:00   ;     0
17.02.2004 07:00:00   ;     0
18.02.2004 07:00:00   ;     1
19.02.2004 07:00:00   ;     0
20.02.2004 07:00:00   ;     0
21.02.2004 07:00:00   ;     0
22.02.2004 07:00:00   ;     0
23.02.2004 07:00:00   ;     8
24.02.2004 07:00:00   ;     1
25.02.2004 07:00:00   ;     0
26.02.2004 07:00:00   ;     4
27.02.2004 07:00:00   ;     1
28.02.2004 07:00:00   ;     1
29.02.2004 07:00:00   ;     1
01.03.2004 07:00:00   ;     0
02.03.2004 07:00:00   ;     1
03.03.2004 07:00:00   ;     0
04.03.2004 07:00:00   ;     0
05.03.2004 07:00:00   ;     0
06.03.2004 07:00:00   ;     1
07.03.2004 07:00:00   ;     6
08.03.2004 07:00:00   ;     3
09.03.2004 07:00:00   ;     0
10.03.2004 07:00:00   ;     0
11.03.2004 07:00:00   ;     0
12.03.2004 07:00:00   ;     0
13.03.2004 07:00:00   ;     0
14.03.2004 07:00:00   ;     0
15.03.2004 07:00:00   ;     0
16.03.2004 07:00:00   ;     0
17.03.2004 07:00:00   ;     0
18.03.2004 07:00:00   ;     0
19.03.2004 07:00:00   ;     0
20.03.2004 07:00:00   ;     0
21.03.2004 07:00:00   ;     0
22.03.2004 07:00:00   ;     0
23.03.2004 07:00:00   ;     2
24.03.2004 07:00:00   ;     1
25.03.2004 07:00:00   ;     1
26.03.2004 07:00:00   ;     0
27.03.2004 07:00:00   ;     0
28.03.2004 07:00:00   ;     0
29.03.2004 07:00:00   ;     0
30.03.2004 07:00:00   ;     0
31.03.2004 07:00:00   ;     0
01.04.2004 07:00:00   ;     0
02.04.2004 07:00:00   ;     0
03.04.2004 07:00:00   ;     0
04.04.2004 07:00:00   ;     0
05.04.2004 07:00:00   ;     0
06.04.2004 07:00:00   ;     0
07.04.2004 07:00:00   ;     0
08.04.2004 07:00:00   ;     0
09.04.2004 07:00:00   ;     0
10.04.2004 07:00:00   ;     0
11.04.2004 07:00:00   ;     0
12.04.2004 07:00:00   ;     0
13.04.2004 07:00:00   ;     0
14.04.2004 07:00:00   ;     0
15.04.2004 07:00:00   ;     0
16.04.2004 07:00:00   ;     0
17.04.2004 07:00:00   ;     0
18.04.2004 07:00:00   ;     0
19.04.2004 07:00:00   ;     0
20.04.2004 07:00:00   ;     0
21.04.2004 07:00:00   ;     0
22.04.2004 07:00:00   ;     0
23.04.2004 07:00:00   ;     0
24.04.2004 07:00:00   ;     0
25.04.2004 07:00:00   ;     0
26.04.2004 07:00:00   ;     0
27.04.2004 07:00:00   ;     0
28.04.2004 07:00:00   ;     0
29.04.2004 07:00:00   ;     0
30.04.2004 07:00:00   ;     0
01.05.2004 07:00:00   ;     0
02.05.2004 07:00:00   ;     0
03.05.2004 07:00:00   ;     0
04.05.2004 07:00:00   ;     0
05.05.2004 07:00:00   ;     0
06.05.2004 07:00:00   ;     0
07.05.2004 07:00:00   ;     0
08.05.2004 07:00:00   ;     0
09.05.2004 07:00:00   ;     0
10.05.2004 07:00:00   ;     0
11.05.2004 07:00:00   ;     0
12.05.2004 07:00:00   ;     0
13.05.2004 07:00:00   ;     0
14.05.2004 07:00:00   ;     0
15.05.2004 07:00:00   ;     0
16.05.2004 07:00:00   ;     0
17.05.2004 07:00:00   ;     0
18.05.2004 07:00:00   ;     0
19.05.2004 07:00:00   ;     0
20.05.2004 07:00:00   ;     0
21.05.2004 07:00:00   ;     0
22.05.2004 07:00:00   ;     0
23.05.2004 07:00:00   ;     0
24.05.2004 07:00:00   ;     0
25.05.2004 07:00:00   ;     0
26.05.2004 07:00:00   ;     0
27.05.2004 07:00:00   ;     0
28.05.2004 07:00:00   ;     0
29.05.2004 07:00:00   ;     0
30.05.2004 07:00:00   ;     0
31.05.2004 07:00:00   ;     0
01.06.2004 07:00:00   ;     0
02.06.2004 07:00:00   ;     0
03.06.2004 07:00:00   ;     0
04.06.2004 07:00:00   ;     0
05.06.2004 07:00:00   ;     0
06.06.2004 07:00:00   ;     0
07.06.2004 07:00:00   ;     0
08.06.2004 07:00:00   ;     0
09.06.2004 07:00:00   ;     0
10.06.2004 07:00:00   ;     0
11.06.2004 07:00:00   ;     0
12.06.2004 07:00:00   ;     0
13.06.2004 07:00:00   ;     0
14.06.2004 07:00:00   ;     0
15.06.2004 07:00:00   ;     0
16.06.2004 07:00:00   ;     0
17.06.2004 07:00:00   ;     0
18.06.2004 07:00:00   ;     0
19.06.2004 07:00:00   ;     0
20.06.2004 07:00:00   ;     0
21.06.2004 07:00:00   ;     0
22.06.2004 07:00:00   ;     0
23.06.2004 07:00:00   ;     0
24.06.2004 07:00:00   ;     0
25.06.2004 07:00:00   ;     0
26.06.2004 07:00:00   ;     0
27.06.2004 07:00:00   ;     0
28.06.2004 07:00:00   ;     0
29.06.2004 07:00:00   ;     0
30.06.2004 07:00:00   ;     0
01.07.2004 07:00:00   ;     0
02.07.2004 07:00:00   ;     0
03.07.2004 07:00:00   ;     0
04.07.2004 07:00:00   ;     0
05.07.2004 07:00:00   ;     0
06.07.2004 07:00:00   ;     0
07.07.2004 07:00:00   ;     0
08.07.2004 07:00:00   ;     0
09.07.2004 07:00:00   ;     0
10.07.2004 07:00:00   ;     0
11.07.2004 07:00:00   ;     0
12.07.2004 07:00:00   ;     0
13.07.2004 07:00:00   ;     0
14.07.2004 07:00:00   ;     0
15.07.2004 07:00:00   ;     0
16.07.2004 07:00:00   ;     0
17.07.2004 07:00:00   ;     0
18.07.2004 07:00:00   ;     0
19.07.2004 07:00:00   ;     0
20.07.2004 07:00:00   ;     0
21.07.2004 07:00:00   ;     0
22.07.2004 07:00:00   ;     0
23.07.2004 07:00:00   ;     0
24.07.2004 07:00:00   ;     0
25.07.2004 07:00:00   ;     0
26.07.2004 07:00:00   ;     0
27.07.2004 07:00:00   ;     0
28.07.2004 07:00:00   ;     0
29.07.2004 07:00:00   ;     0
30.07.2004 07:00:00   ;     0
31.07.2004 07:00:00   ;     0
01.08.2004 07:00:00   ;     0
02.08.2004 07:00:00   ;     0
03.08.2004 07:00:00   ;     0
04.08.2004 07:00:00   ;     0
05.08.2004 07:00:00   ;     0
06.08.2004 07:00:00   ;     0
07.08.2004 07:00:00   ;     0
08.08.2004 07:00:00   ;     0
09.08.2004 07:00:00   ;     0
10.08.2004 07:00:00   ;     0
11.08.2004 07:00:00   ;     0
12.08.2004 07:00:00   ;     0
13.08.2004 07:00:00   ;     0
14.08.2004 07:00:00   ;     0
15.08.2004 07:00:00   ;     0
16.08.2004 07:00:00   ;     0
17.08.2004 07:00:00   ;     0
18.08.2004 07:00:00   ;     0
19.08.2004 07:00:00   ;     0
20.08.2004 07:00:00   ;     0
21.08.2004 07:00:00   ;     0
22.08.2004 07:00:00   ;     0
23.08.2004 07:00:00   ;     0
24.08.2004 07:00:00   ;     0
25.08.2004 07:00:00   ;     0
26.08.2004 07:00:00   ;     0
27.08.2004 07:00:00   ;     0
28.08.2004 07:00:00   ;     0
29.08.2004 07:00:00   ;     0
30.08.2004 07:00:00   ;     0
31.08.2004 07:00:00   ;     0
01.09.2004 07:00:00   ;     0
02.09.2004 07:00:00   ;     0
03.09.2004 07:00:00   ;     0
04.09.2004 07:00:00   ;     0
05.09.2004 07:00:00   ;     0
06.09.2004 07:00:00   ;     0
07.09.2004 07:00:00   ;     0
08.09.2004 07:00:00   ;     0
09.09.2004 07:00:00   ;     0
10.09.2004 07:00:00   ;     0
11.09.2004 07:00:00   ;     0
12.09.2004 07:00:00   ;     0
13.09.2004 07:00:00   ;     0
14.09.2004 07:00:00   ;     0
15.09.2004 07:00:00   ;     0
16.09.2004 07:00:00   ;     0
17.09.2004 07:00:00   ;     0
18.09.2004 07:00:00   ;     0
19.09.2004 07:00:00   ;     0
20.09.2004 07:00:00   ;     0
21.09.2004 07:00:00   ;     0
22.09.2004 07:00:00   ;     0
23.09.2004 07:00:00   ;     0
24.09.2004 07:00:00   ;     0
25.09.2004 07:00:00   ;     0
26.09.2004 07:00:00   ;     0
27.09.2004 07:00:00   ;     0
28.09.2004 07:00:00   ;     0
29.09.2004 07:00:00   ;     0
30.09.2004 07:00:00   ;     0
01.10.2004 07:00:00   ;     0
02.10.2004 07:00:00   ;     0
03.10.2004 07:00:00   ;     0
04.10.2004 07:00:00   ;     0
05.10.2004 07:00:00   ;     0
06.10.2004 07:00:00   ;     0
07.10.2004 07:00:00   ;     0
08.10.2004 07:00:00   ;     0
09.10.2004 07:00:00   ;     0
10.10.2004 07:00:00   ;     0
11.10.2004 07:00:00   ;     0
12.10.2004 07:00:00   ;     0
13.10.2004 07:00:00   ;     0
14.10.2004 07:00:00   ;     0
15.10.2004 07:00:00   ;     0
16.10.2004 07:00:00   ;     0
17.10.2004 07:00:00   ;     0
18.10.2004 07:00:00   ;     0
19.10.2004 07:00:00   ;     0
20.10.2004 07:00:00   ;     0
21.10.2004 07:00:00   ;     0
22.10.2004 07:00:00   ;     0
23.10.2004 07:00:00   ;     0
24.10.2004 07:00:00   ;     0
25.10.2004 07:00:00   ;     0
26.10.2004 07:00:00   ;     0
27.10.2004 07:00:00   ;     0
28.10.2004 07:00:00   ;     0
29.10.2004 07:00:00   ;     0
30.10.2004 07:00:00   ;     0
31.10.2004 07:00:00   ;     0
01.11.2004 07:00:00   ;     0
02.11.2004 07:00:00   ;     0
03.11.2004 07:00:00   ;     0
04.11.2004 07:00:00   ;     0
05.11.2004 07:00:00   ;     0
06.11.2004 07:00:00   ;     0
07.11.2004 07:00:00   ;     3
08.11.2004 07:00:00   ;     2
09.11.2004 07:00:00   ;     0
10.11.2004 07:00:00   ;     1
11.11.2004 07:00:00   ;     0
12.11.2004 07:00:00   ;     0
13.11.2004 07:00:00   ;     9
14.11.2004 07:00:00   ;     3
15.11.2004 07:00:00   ;     0
16.11.2004 07:00:00   ;     0
17.11.2004 07:00:00   ;     0
18.11.2004 07:00:00   ;     0
19.11.2004 07:00:00   ;    10
20.11.2004 07:00:00   ;     2
21.11.2004 07:00:00   ;     0
22.11.2004 07:00:00   ;     0
23.11.2004 07:00:00   ;     0
24.11.2004 07:00:00   ;     0
25.11.2004 07:00:00   ;     0
26.11.2004 07:00:00   ;     0
27.11.2004 07:00:00   ;     0
28.11.2004 07:00:00   ;     0
29.11.2004 07:00:00   ;     0
30.11.2004 07:00:00   ;     0
01.12.2004 07:00:00   ;     0
02.12.2004 07:00:00   ;     0
03.12.2004 07:00:00   ;     0
04.12.2004 07:00:00   ;     0
05.12.2004 07:00:00   ;     0
06.12.2004 07:00:00   ;     0
07.12.2004 07:00:00   ;     0
08.12.2004 07:00:00   ;     0
09.12.2004 07:00:00   ;     0
10.12.2004 07:00:00   ;     0
11.12.2004 07:00:00   ;     0
12.12.2004 07:00:00   ;     0
13.12.2004 07:00:00   ;     0
14.12.2004 07:00:00   ;     0
15.12.2004 07:00:00   ;     0
16.12.2004 07:00:00   ;     0
17.12.2004 07:00:00   ;     0
18.12.2004 07:00:00   ;     5
19.12.2004 07:00:00   ;    15
20.12.2004 07:00:00   ;     0
21.12.2004 07:00:00   ;     0
22.12.2004 07:00:00   ;     0
23.12.2004 07:00:00   ;     0
24.12.2004 07:00:00   ;     0
25.12.2004 07:00:00   ;     0
26.12.2004 07:00:00   ;     1
27.12.2004 07:00:00   ;     2
28.12.2004 07:00:00   ;     8
29.12.2004 07:00:00   ;     2
30.12.2004 07:00:00   ;     0
31.12.2004 07:00:00   ;     1
01.01.2005 07:00:00   ;     0
02.01.2005 07:00:00   ;     5
03.01.2005 07:00:00   ;     1
04.01.2005 07:00:00   ;     0
05.01.2005 07:00:00   ;     0
06.01.2005 07:00:00   ;     0
07.01.2005 07:00:00   ;     0
08.01.2005 07:00:00   ;     0
09.01.2005 07:00:00   ;     0
10.01.2005 07:00:00   ;     0
11.01.2005 07:00:00   ;     0
12.01.2005 07:00:00   ;     0
13.01.2005 07:00:00   ;     0
14.01.2005 07:00:00   ;     0
15.01.2005 07:00:00   ;     0
16.01.2005 07:00:00   ;     0
17.01.2005 07:00:00   ;     0
18.01.2005 07:00:00   ;     3
19.01.2005 07:00:00   ;     1
20.01.2005 07:00:00   ;     1
21.01.2005 07:00:00   ;    11
22.01.2005 07:00:00   ;     2
23.01.2005 07:00:00   ;     1
24.01.2005 07:00:00   ;    16
25.01.2005 07:00:00   ;     5
26.01.2005 07:00:00   ;     4
27.01.2005 07:00:00   ;     0
28.01.2005 07:00:00   ;     1
29.01.2005 07:00:00   ;     0
30.01.2005 07:00:00   ;     0
31.01.2005 07:00:00   ;    25
01.02.2005 07:00:00   ;    18
02.02.2005 07:00:00   ;    43
03.02.2005 07:00:00   ;     5
04.02.2005 07:00:00   ;     0
05.02.2005 07:00:00   ;     0
06.02.2005 07:00:00   ;     0
07.02.2005 07:00:00   ;     0
08.02.2005 07:00:00   ;     0
09.02.2005 07:00:00   ;     0
10.02.2005 07:00:00   ;     0
11.02.2005 07:00:00   ;     0
12.02.2005 07:00:00   ;     2
13.02.2005 07:00:00   ;     5
14.02.2005 07:00:00   ;    10
15.02.2005 07:00:00   ;     8
16.02.2005 07:00:00   ;    15
17.02.2005 07:00:00   ;     0
18.02.2005 07:00:00   ;     0
19.02.2005 07:00:00   ;     1
20.02.2005 07:00:00   ;     4
21.02.2005 07:00:00   ;     4
22.02.2005 07:00:00   ;     0
23.02.2005 07:00:00   ;     0
24.02.2005 07:00:00   ;     0
25.02.2005 07:00:00   ;     0
26.02.2005 07:00:00   ;     0
27.02.2005 07:00:00   ;     3
28.02.2005 07:00:00   ;     0
01.03.2005 07:00:00   ;     0
02.03.2005 07:00:00   ;     0
03.03.2005 07:00:00   ;     0
04.03.2005 07:00:00   ;     0
05.03.2005 07:00:00   ;     8
06.03.2005 07:00:00   ;     1
07.03.2005 07:00:00   ;     3
08.03.2005 07:00:00   ;     9
09.03.2005 07:00:00   ;    20
10.03.2005 07:00:00   ;     0
11.03.2005 07:00:00   ;     0
12.03.2005 07:00:00   ;     1
13.03.2005 07:00:00   ;     0
14.03.2005 07:00:00   ;     0
15.03.2005 07:00:00   ;     0
16.03.2005 07:00:00   ;     0
17.03.2005 07:00:00   ;     0
18.03.2005 07:00:00   ;     0
19.03.2005 07:00:00   ;     0
20.03.2005 07:00:00   ;     0
21.03.2005 07:00:00   ;     0
22.03.2005 07:00:00   ;     0
23.03.2005 07:00:00   ;     0
24.03.2005 07:00:00   ;     0
25.03.2005 07:00:00   ;     0
26.03.2005 07:00:00   ;     0
27.03.2005 07:00:00   ;     0
28.03.2005 07:00:00   ;     0
29.03.2005 07:00:00   ;     0
30.03.2005 07:00:00   ;     0
31.03.2005 07:00:00   ;     0
01.04.2005 07:00:00   ;     0
02.04.2005 07:00:00   ;     0
03.04.2005 07:00:00   ;     0
04.04.2005 07:00:00   ;     0
05.04.2005 07:00:00   ;     0
06.04.2005 07:00:00   ;     0
07.04.2005 07:00:00   ;     0
08.04.2005 07:00:00   ;     0
09.04.2005 07:00:00   ;     0
10.04.2005 07:00:00   ;     0
11.04.2005 07:00:00   ;     0
12.04.2005 07:00:00   ;     0
13.04.2005 07:00:00   ;     0
14.04.2005 07:00:00   ;     0
15.04.2005 07:00:00   ;     0
16.04.2005 07:00:00   ;     0
17.04.2005 07:00:00   ;     0
18.04.2005 07:00:00   ;     0
19.04.2005 07:00:00   ;     0
20.04.2005 07:00:00   ;     0
21.04.2005 07:00:00   ;     0
22.04.2005 07:00:00   ;     0
23.04.2005 07:00:00   ;     0
24.04.2005 07:00:00   ;     0
25.04.2005 07:00:00   ;     0
26.04.2005 07:00:00   ;     0
27.04.2005 07:00:00   ;     0
28.04.2005 07:00:00   ;     0
29.04.2005 07:00:00   ;     0
30.04.2005 07:00:00   ;     0
01.05.2005 07:00:00   ;     0
02.05.2005 07:00:00   ;     0
03.05.2005 07:00:00   ;     0
04.05.2005 07:00:00   ;     0
05.05.2005 07:00:00   ;     0
06.05.2005 07:00:00   ;     0
07.05.2005 07:00:00   ;     0
08.05.2005 07:00:00   ;     0
09.05.2005 07:00:00   ;     0
10.05.2005 07:00:00   ;     0
11.05.2005 07:00:00   ;     0
12.05.2005 07:00:00   ;     0
13.05.2005 07:00:00   ;     0
14.05.2005 07:00:00   ;     0
15.05.2005 07:00:00   ;     0
16.05.2005 07:00:00   ;     0
17.05.2005 07:00:00   ;     0
18.05.2005 07:00:00   ;     0
19.05.2005 07:00:00   ;     0
20.05.2005 07:00:00   ;     0
21.05.2005 07:00:00   ;     0
22.05.2005 07:00:00   ;     0
23.05.2005 07:00:00   ;     0
24.05.2005 07:00:00   ;     0
25.05.2005 07:00:00   ;     0
26.05.2005 07:00:00   ;     0
27.05.2005 07:00:00   ;     0
28.05.2005 07:00:00   ;     0
29.05.2005 07:00:00   ;     0
30.05.2005 07:00:00   ;     0
31.05.2005 07:00:00   ;     0
01.06.2005 07:00:00   ;     0
02.06.2005 07:00:00   ;     0
03.06.2005 07:00:00   ;     0
04.06.2005 07:00:00   ;     0
05.06.2005 07:00:00   ;     0
06.06.2005 07:00:00   ;     0
07.06.2005 07:00:00   ;     0
08.06.2005 07:00:00   ;     0
09.06.2005 07:00:00   ;     0
10.06.2005 07:00:00   ;     0
11.06.2005 07:00:00   ;     0
12.06.2005 07:00:00   ;     0
13.06.2005 07:00:00   ;     0
14.06.2005 07:00:00   ;     0
15.06.2005 07:00:00   ;     0
16.06.2005 07:00:00   ;     0
17.06.2005 07:00:00   ;     0
18.06.2005 07:00:00   ;     0
19.06.2005 07:00:00   ;     0
20.06.2005 07:00:00   ;     0
21.06.2005 07:00:00   ;     0
22.06.2005 07:00:00   ;     0
23.06.2005 07:00:00   ;     0
24.06.2005 07:00:00   ;     0
25.06.2005 07:00:00   ;     0
26.06.2005 07:00:00   ;     0
27.06.2005 07:00:00   ;     0
28.06.2005 07:00:00   ;     0
29.06.2005 07:00:00   ;     0
30.06.2005 07:00:00   ;     0
01.07.2005 07:00:00   ;     0
02.07.2005 07:00:00   ;     0
03.07.2005 07:00:00   ;     0
04.07.2005 07:00:00   ;     0
05.07.2005 07:00:00   ;     0
06.07.2005 07:00:00   ;     0
07.07.2005 07:00:00   ;     0
08.07.2005 07:00:00   ;     0
09.07.2005 07:00:00   ;     0
10.07.2005 07:00:00   ;     0
11.07.2005 07:00:00   ;     0
12.07.2005 07:00:00   ;     0
13.07.2005 07:00:00   ;     0
14.07.2005 07:00:00   ;     0
15.07.2005 07:00:00   ;     0
16.07.2005 07:00:00   ;     0
17.07.2005 07:00:00   ;     0
18.07.2005 07:00:00   ;     0
19.07.2005 07:00:00   ;     0
20.07.2005 07:00:00   ;     0
21.07.2005 07:00:00   ;     0
22.07.2005 07:00:00   ;     0
23.07.2005 07:00:00   ;     0
24.07.2005 07:00:00   ;     0
25.07.2005 07:00:00   ;     0
26.07.2005 07:00:00   ;     0
27.07.2005 07:00:00   ;     0
28.07.2005 07:00:00   ;     0
29.07.2005 07:00:00   ;     0
30.07.2005 07:00:00   ;     0
31.07.2005 07:00:00   ;     0
01.08.2005 07:00:00   ;     0
02.08.2005 07:00:00   ;     0
03.08.2005 07:00:00   ;     0
04.08.2005 07:00:00   ;     0
05.08.2005 07:00:00   ;     0
06.08.2005 07:00:00   ;     0
07.08.2005 07:00:00   ;     0
08.08.2005 07:00:00   ;     0
09.08.2005 07:00:00   ;     0
10.08.2005 07:00:00   ;     0
11.08.2005 07:00:00   ;     0
12.08.2005 07:00:00   ;     0
13.08.2005 07:00:00   ;     0
14.08.2005 07:00:00   ;     0
15.08.2005 07:00:00   ;     0
16.08.2005 07:00:00   ;     0
17.08.2005 07:00:00   ;     0
18.08.2005 07:00:00   ;     0
19.08.2005 07:00:00   ;     0
20.08.2005 07:00:00   ;     0
21.08.2005 07:00:00   ;     0
22.08.2005 07:00:00   ;     0
23.08.2005 07:00:00   ;     0
24.08.2005 07:00:00   ;     0
25.08.2005 07:00:00   ;     0
26.08.2005 07:00:00   ;     0
27.08.2005 07:00:00   ;     0
28.08.2005 07:00:00   ;     0
29.08.2005 07:00:00   ;     0
30.08.2005 07:00:00   ;     0
31.08.2005 07:00:00   ;     0
01.09.2005 07:00:00   ;     0
02.09.2005 07:00:00   ;     0
03.09.2005 07:00:00   ;     0
04.09.2005 07:00:00   ;     0
05.09.2005 07:00:00   ;     0
06.09.2005 07:00:00   ;     0
07.09.2005 07:00:00   ;     0
08.09.2005 07:00:00   ;     0
09.09.2005 07:00:00   ;     0
10.09.2005 07:00:00   ;     0
11.09.2005 07:00:00   ;     0
12.09.2005 07:00:00   ;     0
13.09.2005 07:00:00   ;     0
14.09.2005 07:00:00   ;     0
15.09.2005 07:00:00   ;     0
16.09.2005 07:00:00   ;     0
17.09.2005 07:00:00   ;     0
18.09.2005 07:00:00   ;     0
19.09.2005 07:00:00   ;     0
20.09.2005 07:00:00   ;     0
21.09.2005 07:00:00   ;     0
22.09.2005 07:00:00   ;     0
23.09.2005 07:00:00   ;     0
24.09.2005 07:00:00   ;     0
25.09.2005 07:00:00   ;     0
26.09.2005 07:00:00   ;     0
27.09.2005 07:00:00   ;     0
28.09.2005 07:00:00   ;     0
29.09.2005 07:00:00   ;     0
30.09.2005 07:00:00   ;     0
01.10.2005 07:00:00   ;     0
02.10.2005 07:00:00   ;     0
03.10.2005 07:00:00   ;     0
04.10.2005 07:00:00   ;     0
05.10.2005 07:00:00   ;     0
06.10.2005 07:00:00   ;     0
07.10.2005 07:00:00   ;     0
08.10.2005 07:00:00   ;     0
09.10.2005 07:00:00   ;     0
10.10.2005 07:00:00   ;     0
11.10.2005 07:00:00   ;     0
12.10.2005 07:00:00   ;     0
13.10.2005 07:00:00   ;     0
14.10.2005 07:00:00   ;     0
15.10.2005 07:00:00   ;     0
16.10.2005 07:00:00   ;     0
17.10.2005 07:00:00   ;     0
18.10.2005 07:00:00   ;     0
19.10.2005 07:00:00   ;     0
20.10.2005 07:00:00   ;     0
21.10.2005 07:00:00   ;     0
22.10.2005 07:00:00   ;     0
23.10.2005 07:00:00   ;     0
24.10.2005 07:00:00   ;     0
25.10.2005 07:00:00   ;     0
26.10.2005 07:00:00   ;     0
27.10.2005 07:00:00   ;     0
28.10.2005 07:00:00   ;     0
29.10.2005 07:00:00   ;     0
30.10.2005 07:00:00   ;     0
31.10.2005 07:00:00   ;     0
01.11.2005 07:00:00   ;     0
02.11.2005 07:00:00   ;     0
03.11.2005 07:00:00   ;     0
04.11.2005 07:00:00   ;     0
05.11.2005 07:00:00   ;     0
06.11.2005 07:00:00   ;     0
07.11.2005 07:00:00   ;     0
08.11.2005 07:00:00   ;     0
09.11.2005 07:00:00   ;     0
10.11.2005 07:00:00   ;     0
11.11.2005 07:00:00   ;     0
12.11.2005 07:00:00   ;     0
13.11.2005 07:00:00   ;     0
14.11.2005 07:00:00   ;     0
15.11.2005 07:00:00   ;     0
16.11.2005 07:00:00   ;     0
17.11.2005 07:00:00   ;     1
18.11.2005 07:00:00   ;     8
19.11.2005 07:00:00   ;     1
20.11.2005 07:00:00   ;    12
21.11.2005 07:00:00   ;    10
22.11.2005 07:00:00   ;     6
23.11.2005 07:00:00   ;     1
24.11.2005 07:00:00   ;     0
25.11.2005 07:00:00   ;     7
26.11.2005 07:00:00   ;     3
27.11.2005 07:00:00   ;     3
28.11.2005 07:00:00   ;     0
29.11.2005 07:00:00   ;     0
30.11.2005 07:00:00   ;     0
01.12.2005 07:00:00   ;     0
02.12.2005 07:00:00   ;     0
03.12.2005 07:00:00   ;     0
04.12.2005 07:00:00   ;     0
05.12.2005 07:00:00   ;     1
06.12.2005 07:00:00   ;     6
07.12.2005 07:00:00   ;     0
08.12.2005 07:00:00   ;     1
09.12.2005 07:00:00   ;     1
10.12.2005 07:00:00   ;     0
11.12.2005 07:00:00   ;     0
12.12.2005 07:00:00   ;     4
13.12.2005 07:00:00   ;     1
14.12.2005 07:00:00   ;     0
15.12.2005 07:00:00   ;     4
16.12.2005 07:00:00   ;    25
17.12.2005 07:00:00   ;    38
18.12.2005 07:00:00   ;     3
19.12.2005 07:00:00   ;     4
20.12.2005 07:00:00   ;     0
21.12.2005 07:00:00   ;     0
22.12.2005 07:00:00   ;    13
23.12.2005 07:00:00   ;     6
24.12.2005 07:00:00   ;     1
25.12.2005 07:00:00   ;     3
26.12.2005 07:00:00   ;     2
27.12.2005 07:00:00   ;     3
28.12.2005 07:00:00   ;     4
29.12.2005 07:00:00   ;     0
30.12.2005 07:00:00   ;    11
31.12.2005 07:00:00   ;     1
01.01.2006 07:00:00   ;    11
02.01.2006 07:00:00   ;    22
03.01.2006 07:00:00   ;     4
04.01.2006 07:00:00   ;     1
05.01.2006 07:00:00   ;     0
06.01.2006 07:00:00   ;     0
07.01.2006 07:00:00   ;     0
08.01.2006 07:00:00   ;     0
09.01.2006 07:00:00   ;     0
10.01.2006 07:00:00   ;     0
11.01.2006 07:00:00   ;     0
12.01.2006 07:00:00   ;     0
13.01.2006 07:00:00   ;     0
14.01.2006 07:00:00   ;     0
15.01.2006 07:00:00   ;     0
16.01.2006 07:00:00   ;     0
17.01.2006 07:00:00   ;    16
18.01.2006 07:00:00   ;    20
19.01.2006 07:00:00   ;     0
20.01.2006 07:00:00   ;     4
21.01.2006 07:00:00   ;    18
22.01.2006 07:00:00   ;     2
23.01.2006 07:00:00   ;     0
24.01.2006 07:00:00   ;     0
25.01.2006 07:00:00   ;     0
26.01.2006 07:00:00   ;     0
27.01.2006 07:00:00   ;     0
28.01.2006 07:00:00   ;     0
29.01.2006 07:00:00   ;     0
30.01.2006 07:00:00   ;     0
31.01.2006 07:00:00   ;     0
01.02.2006 07:00:00   ;     0
02.02.2006 07:00:00   ;     0
03.02.2006 07:00:00   ;     0
04.02.2006 07:00:00   ;     2
05.02.2006 07:00:00   ;     0
06.02.2006 07:00:00   ;     9
07.02.2006 07:00:00   ;    21
08.02.2006 07:00:00   ;     6
09.02.2006 07:00:00   ;     4
10.02.2006 07:00:00   ;    14
11.02.2006 07:00:00   ;     2
12.02.2006 07:00:00   ;     0
13.02.2006 07:00:00   ;     0
14.02.2006 07:00:00   ;     0
15.02.2006 07:00:00   ;     1
16.02.2006 07:00:00   ;     2
17.02.2006 07:00:00   ;     0
18.02.2006 07:00:00   ;     0
19.02.2006 07:00:00   ;     0
20.02.2006 07:00:00   ;     0
21.02.2006 07:00:00   ;     0
22.02.2006 07:00:00   ;     0
23.02.2006 07:00:00   ;     0
24.02.2006 07:00:00   ;     0
25.02.2006 07:00:00   ;     3
26.02.2006 07:00:00   ;     1
27.02.2006 07:00:00   ;     0
28.02.2006 07:00:00   ;     0
01.03.2006 07:00:00   ;     0
02.03.2006 07:00:00   ;     0
03.03.2006 07:00:00   ;     1
04.03.2006 07:00:00   ;     1
05.03.2006 07:00:00   ;     8
06.03.2006 07:00:00   ;    14
07.03.2006 07:00:00   ;     7
08.03.2006 07:00:00   ;    20
09.03.2006 07:00:00   ;     0
10.03.2006 07:00:00   ;     0
11.03.2006 07:00:00   ;     4
12.03.2006 07:00:00   ;     2
13.03.2006 07:00:00   ;     0
14.03.2006 07:00:00   ;     0
15.03.2006 07:00:00   ;     0
16.03.2006 07:00:00   ;     0
17.03.2006 07:00:00   ;     0
18.03.2006 07:00:00   ;     0
19.03.2006 07:00:00   ;     0
20.03.2006 07:00:00   ;     0
21.03.2006 07:00:00   ;     0
22.03.2006 07:00:00   ;     0
23.03.2006 07:00:00   ;     0
24.03.2006 07:00:00   ;     0
25.03.2006 07:00:00   ;     0
26.03.2006 07:00:00   ;     0
27.03.2006 07:00:00   ;     0
28.03.2006 07:00:00   ;     0
29.03.2006 07:00:00   ;     0
30.03.2006 07:00:00   ;     0
31.03.2006 07:00:00   ;     0
01.04.2006 07:00:00   ;     0
02.04.2006 07:00:00   ;     0
03.04.2006 07:00:00   ;     0
04.04.2006 07:00:00   ;     0
05.04.2006 07:00:00   ;     0
06.04.2006 07:00:00   ;     0
07.04.2006 07:00:00   ;     0
08.04.2006 07:00:00   ;     0
09.04.2006 07:00:00   ;     0
10.04.2006 07:00:00   ;     0
11.04.2006 07:00:00   ;     0
12.04.2006 07:00:00   ;     0
13.04.2006 07:00:00   ;     0
14.04.2006 07:00:00   ;     0
15.04.2006 07:00:00   ;     0
16.04.2006 07:00:00   ;     0
17.04.2006 07:00:00   ;     0
18.04.2006 07:00:00   ;     0
19.04.2006 07:00:00   ;     0
20.04.2006 07:00:00   ;     0
21.04.2006 07:00:00   ;     0
22.04.2006 07:00:00   ;     0
23.04.2006 07:00:00   ;     0
24.04.2006 07:00:00   ;     0
25.04.2006 07:00:00   ;     0
26.04.2006 07:00:00   ;     0
27.04.2006 07:00:00   ;     0
28.04.2006 07:00:00   ;     0
29.04.2006 07:00:00   ;     0,001
30.04.2006 07:00:00   ;     0
01.05.2006 07:00:00   ;     0
02.05.2006 07:00:00   ;     0
03.05.2006 07:00:00   ;     0
04.05.2006 07:00:00   ;     0
05.05.2006 07:00:00   ;     0
06.05.2006 07:00:00   ;     0
07.05.2006 07:00:00   ;     0
08.05.2006 07:00:00   ;     0
09.05.2006 07:00:00   ;     0
10.05.2006 07:00:00   ;     0
11.05.2006 07:00:00   ;     0
12.05.2006 07:00:00   ;     0
13.05.2006 07:00:00   ;     0
14.05.2006 07:00:00   ;     0
15.05.2006 07:00:00   ;     0
16.05.2006 07:00:00   ;     0
17.05.2006 07:00:00   ;     0
18.05.2006 07:00:00   ;     0
19.05.2006 07:00:00   ;     0
20.05.2006 07:00:00   ;     0
21.05.2006 07:00:00   ;     0
22.05.2006 07:00:00   ;     0
23.05.2006 07:00:00   ;     0
24.05.2006 07:00:00   ;     0
25.05.2006 07:00:00   ;     0
26.05.2006 07:00:00   ;     0
27.05.2006 07:00:00   ;     0
28.05.2006 07:00:00   ;     0
29.05.2006 07:00:00   ;     0
30.05.2006 07:00:00   ;     0
31.05.2006 07:00:00   ;     0
01.06.2006 07:00:00   ;     0
02.06.2006 07:00:00   ;     0
03.06.2006 07:00:00   ;     0
04.06.2006 07:00:00   ;     0
05.06.2006 07:00:00   ;     0
06.06.2006 07:00:00   ;     0
07.06.2006 07:00:00   ;     0
08.06.2006 07:00:00   ;     0
09.06.2006 07:00:00   ;     0
10.06.2006 07:00:00   ;     0
11.06.2006 07:00:00   ;     0
12.06.2006 07:00:00   ;     0
13.06.2006 07:00:00   ;     0
14.06.2006 07:00:00   ;     0
15.06.2006 07:00:00   ;     0
16.06.2006 07:00:00   ;     0
17.06.2006 07:00:00   ;     0
18.06.2006 07:00:00   ;     0
19.06.2006 07:00:00   ;     0
20.06.2006 07:00:00   ;     0
21.06.2006 07:00:00   ;     0
22.06.2006 07:00:00   ;     0
23.06.2006 07:00:00   ;     0
24.06.2006 07:00:00   ;     0
25.06.2006 07:00:00   ;     0
26.06.2006 07:00:00   ;     0
27.06.2006 07:00:00   ;     0
28.06.2006 07:00:00   ;     0
29.06.2006 07:00:00   ;     0
30.06.2006 07:00:00   ;     0
01.07.2006 07:00:00   ;     0
02.07.2006 07:00:00   ;     0
03.07.2006 07:00:00   ;     0
04.07.2006 07:00:00   ;     0
05.07.2006 07:00:00   ;     0
06.07.2006 07:00:00   ;     0
07.07.2006 07:00:00   ;     0
08.07.2006 07:00:00   ;     0
09.07.2006 07:00:00   ;     0
10.07.2006 07:00:00   ;     0
11.07.2006 07:00:00   ;     0
12.07.2006 07:00:00   ;     0
13.07.2006 07:00:00   ;     0
14.07.2006 07:00:00   ;     0
15.07.2006 07:00:00   ;     0
16.07.2006 07:00:00   ;     0
17.07.2006 07:00:00   ;     0
18.07.2006 07:00:00   ;     0
19.07.2006 07:00:00   ;     0
20.07.2006 07:00:00   ;     0
21.07.2006 07:00:00   ;     0
22.07.2006 07:00:00   ;     0
23.07.2006 07:00:00   ;     0
24.07.2006 07:00:00   ;     0
25.07.2006 07:00:00   ;     0
26.07.2006 07:00:00   ;     0
27.07.2006 07:00:00   ;     0
28.07.2006 07:00:00   ;     0
29.07.2006 07:00:00   ;     0
30.07.2006 07:00:00   ;     0
31.07.2006 07:00:00   ;     0
01.08.2006 07:00:00   ;     0
02.08.2006 07:00:00   ;     0
03.08.2006 07:00:00   ;     0
04.08.2006 07:00:00   ;     0
05.08.2006 07:00:00   ;     0
06.08.2006 07:00:00   ;     0
07.08.2006 07:00:00   ;     0
08.08.2006 07:00:00   ;     0
09.08.2006 07:00:00   ;     0
10.08.2006 07:00:00   ;     0
11.08.2006 07:00:00   ;     0
12.08.2006 07:00:00   ;     0
13.08.2006 07:00:00   ;     0
14.08.2006 07:00:00   ;     0
15.08.2006 07:00:00   ;     0
16.08.2006 07:00:00   ;     0
17.08.2006 07:00:00   ;     0
18.08.2006 07:00:00   ;     0
19.08.2006 07:00:00   ;     0
20.08.2006 07:00:00   ;     0
21.08.2006 07:00:00   ;     0
22.08.2006 07:00:00   ;     0
23.08.2006 07:00:00   ;     0
24.08.2006 07:00:00   ;     0
25.08.2006 07:00:00   ;     0
26.08.2006 07:00:00   ;     0
27.08.2006 07:00:00   ;     0
28.08.2006 07:00:00   ;     0
29.08.2006 07:00:00   ;     0
30.08.2006 07:00:00   ;     0
31.08.2006 07:00:00   ;     0
01.09.2006 07:00:00   ;     0
02.09.2006 07:00:00   ;     0
03.09.2006 07:00:00   ;     0
04.09.2006 07:00:00   ;     0
05.09.2006 07:00:00   ;     0
06.09.2006 07:00:00   ;     0
07.09.2006 07:00:00   ;     0
08.09.2006 07:00:00   ;     0
09.09.2006 07:00:00   ;     0
10.09.2006 07:00:00   ;     0
11.09.2006 07:00:00   ;     0
12.09.2006 07:00:00   ;     0
13.09.2006 07:00:00   ;     0
14.09.2006 07:00:00   ;     0
15.09.2006 07:00:00   ;     0
16.09.2006 07:00:00   ;     0
17.09.2006 07:00:00   ;     0
18.09.2006 07:00:00   ;     0
19.09.2006 07:00:00   ;     0
20.09.2006 07:00:00   ;     0
21.09.2006 07:00:00   ;     0
22.09.2006 07:00:00   ;     0
23.09.2006 07:00:00   ;     0
24.09.2006 07:00:00   ;     0
25.09.2006 07:00:00   ;     0
26.09.2006 07:00:00   ;     0
27.09.2006 07:00:00   ;     0
28.09.2006 07:00:00   ;     0
29.09.2006 07:00:00   ;     0
30.09.2006 07:00:00   ;     0
01.10.2006 07:00:00   ;     0
02.10.2006 07:00:00   ;     0
03.10.2006 07:00:00   ;     0
04.10.2006 07:00:00   ;     0
05.10.2006 07:00:00   ;     0
06.10.2006 07:00:00   ;     0
07.10.2006 07:00:00   ;     0
08.10.2006 07:00:00   ;     0
09.10.2006 07:00:00   ;     0
10.10.2006 07:00:00   ;     0
11.10.2006 07:00:00   ;     0
12.10.2006 07:00:00   ;     0
13.10.2006 07:00:00   ;     0
14.10.2006 07:00:00   ;     0
15.10.2006 07:00:00   ;     0
16.10.2006 07:00:00   ;     0
17.10.2006 07:00:00   ;     0
18.10.2006 07:00:00   ;     0
19.10.2006 07:00:00   ;     0
20.10.2006 07:00:00   ;     0
21.10.2006 07:00:00   ;     0
22.10.2006 07:00:00   ;     0
23.10.2006 07:00:00   ;     0
24.10.2006 07:00:00   ;     0
25.10.2006 07:00:00   ;     0
26.10.2006 07:00:00   ;     0
27.10.2006 07:00:00   ;     0
28.10.2006 07:00:00   ;     0
29.10.2006 07:00:00   ;     0
30.10.2006 07:00:00   ;     0
31.10.2006 07:00:00   ;     0
01.11.2006 07:00:00   ;     3
02.11.2006 07:00:00   ;     9
03.11.2006 07:00:00   ;     6
04.11.2006 07:00:00   ;     0
05.11.2006 07:00:00   ;     0
06.11.2006 07:00:00   ;     0
07.11.2006 07:00:00   ;     0
08.11.2006 07:00:00   ;     0
09.11.2006 07:00:00   ;     0
10.11.2006 07:00:00   ;     0
11.11.2006 07:00:00   ;     0
12.11.2006 07:00:00   ;     0
13.11.2006 07:00:00   ;     0
14.11.2006 07:00:00   ;     0
15.11.2006 07:00:00   ;     0
16.11.2006 07:00:00   ;     0
17.11.2006 07:00:00   ;     0
18.11.2006 07:00:00   ;     0
19.11.2006 07:00:00   ;     0
20.11.2006 07:00:00   ;     0
21.11.2006 07:00:00   ;     0
22.11.2006 07:00:00   ;     0
23.11.2006 07:00:00   ;     0
24.11.2006 07:00:00   ;     0
25.11.2006 07:00:00   ;     0
26.11.2006 07:00:00   ;     0
27.11.2006 07:00:00   ;     0
28.11.2006 07:00:00   ;     0
29.11.2006 07:00:00   ;     0
30.11.2006 07:00:00   ;     0
01.12.2006 07:00:00   ;     0
02.12.2006 07:00:00   ;     0
03.12.2006 07:00:00   ;     0
04.12.2006 07:00:00   ;     0
05.12.2006 07:00:00   ;     0
06.12.2006 07:00:00   ;     0
07.12.2006 07:00:00   ;     0
08.12.2006 07:00:00   ;     0
09.12.2006 07:00:00   ;     0
10.12.2006 07:00:00   ;     0
11.12.2006 07:00:00   ;     0
12.12.2006 07:00:00   ;     0
13.12.2006 07:00:00   ;     0
14.12.2006 07:00:00   ;     0
15.12.2006 07:00:00   ;     0
16.12.2006 07:00:00   ;     0
17.12.2006 07:00:00   ;     0
18.12.2006 07:00:00   ;     2
19.12.2006 07:00:00   ;     1
20.12.2006 07:00:00   ;     0
21.12.2006 07:00:00   ;     0
22.12.2006 07:00:00   ;     0
23.12.2006 07:00:00   ;     0
24.12.2006 07:00:00   ;     0
25.12.2006 07:00:00   ;     0
26.12.2006 07:00:00   ;     0
27.12.2006 07:00:00   ;     0
28.12.2006 07:00:00   ;     0
29.12.2006 07:00:00   ;     0
30.12.2006 07:00:00   ;     0
31.12.2006 07:00:00   ;     0
01.01.2007 07:00:00   ;     0
02.01.2007 07:00:00   ;     6
03.01.2007 07:00:00   ;     2
04.01.2007 07:00:00   ;     0
05.01.2007 07:00:00   ;     0
06.01.2007 07:00:00   ;     0
07.01.2007 07:00:00   ;     0
08.01.2007 07:00:00   ;     0
09.01.2007 07:00:00   ;     0
10.01.2007 07:00:00   ;     0
11.01.2007 07:00:00   ;     0
12.01.2007 07:00:00   ;     0
13.01.2007 07:00:00   ;     0
14.01.2007 07:00:00   ;     0
15.01.2007 07:00:00   ;     0
16.01.2007 07:00:00   ;     0
17.01.2007 07:00:00   ;     0
18.01.2007 07:00:00   ;     0
19.01.2007 07:00:00   ;     0
20.01.2007 07:00:00   ;     0
21.01.2007 07:00:00   ;     0
22.01.2007 07:00:00   ;     0
23.01.2007 07:00:00   ;     3
24.01.2007 07:00:00   ;     0
25.01.2007 07:00:00   ;     2
26.01.2007 07:00:00   ;     4
27.01.2007 07:00:00   ;    15
28.01.2007 07:00:00   ;     0
29.01.2007 07:00:00   ;     0
30.01.2007 07:00:00   ;     0
31.01.2007 07:00:00   ;     0
01.02.2007 07:00:00   ;     0
02.02.2007 07:00:00   ;     0
03.02.2007 07:00:00   ;     0
04.02.2007 07:00:00   ;     0
05.02.2007 07:00:00   ;     1
06.02.2007 07:00:00   ;     3
07.02.2007 07:00:00   ;     0
08.02.2007 07:00:00   ;     0
09.02.2007 07:00:00   ;     0
10.02.2007 07:00:00   ;     0
11.02.2007 07:00:00   ;     0
12.02.2007 07:00:00   ;     0
13.02.2007 07:00:00   ;     0
14.02.2007 07:00:00   ;     0
15.02.2007 07:00:00   ;     0
16.02.2007 07:00:00   ;     0
17.02.2007 07:00:00   ;     0
18.02.2007 07:00:00   ;     0
19.02.2007 07:00:00   ;     0
20.02.2007 07:00:00   ;     0
21.02.2007 07:00:00   ;     0
22.02.2007 07:00:00   ;     0
23.02.2007 07:00:00   ;     0
24.02.2007 07:00:00   ;     0
25.02.2007 07:00:00   ;     0
26.02.2007 07:00:00   ;     0
27.02.2007 07:00:00   ;     2
28.02.2007 07:00:00   ;     0
01.03.2007 07:00:00   ;     0
02.03.2007 07:00:00   ;     0
03.03.2007 07:00:00   ;     0
04.03.2007 07:00:00   ;     0
05.03.2007 07:00:00   ;     0
06.03.2007 07:00:00   ;     0
07.03.2007 07:00:00   ;     0
08.03.2007 07:00:00   ;     0
09.03.2007 07:00:00   ;     0
10.03.2007 07:00:00   ;     0
11.03.2007 07:00:00   ;     0
12.03.2007 07:00:00   ;     0
13.03.2007 07:00:00   ;     0
14.03.2007 07:00:00   ;     0
15.03.2007 07:00:00   ;     0
16.03.2007 07:00:00   ;     0
17.03.2007 07:00:00   ;     0
18.03.2007 07:00:00   ;    10
19.03.2007 07:00:00   ;    11
20.03.2007 07:00:00   ;    17
21.03.2007 07:00:00   ;     1
22.03.2007 07:00:00   ;     0
23.03.2007 07:00:00   ;     3
24.03.2007 07:00:00   ;     0
25.03.2007 07:00:00   ;     0
26.03.2007 07:00:00   ;     0
27.03.2007 07:00:00   ;     0
28.03.2007 07:00:00   ;     0
29.03.2007 07:00:00   ;     0
30.03.2007 07:00:00   ;     0
31.03.2007 07:00:00   ;     0
01.04.2007 07:00:00   ;     0
02.04.2007 07:00:00   ;     0
03.04.2007 07:00:00   ;     0
04.04.2007 07:00:00   ;     0
05.04.2007 07:00:00   ;     0
06.04.2007 07:00:00   ;     0
07.04.2007 07:00:00   ;     0
08.04.2007 07:00:00   ;     0
09.04.2007 07:00:00   ;     0
10.04.2007 07:00:00   ;     0
11.04.2007 07:00:00   ;     0
12.04.2007 07:00:00   ;     0
13.04.2007 07:00:00   ;     0
14.04.2007 07:00:00   ;     0
15.04.2007 07:00:00   ;     0
16.04.2007 07:00:00   ;     0
17.04.2007 07:00:00   ;     0
18.04.2007 07:00:00   ;     0
19.04.2007 07:00:00   ;     0
20.04.2007 07:00:00   ;     0
21.04.2007 07:00:00   ;     0
22.04.2007 07:00:00   ;     0
23.04.2007 07:00:00   ;     0
24.04.2007 07:00:00   ;     0
25.04.2007 07:00:00   ;     0
26.04.2007 07:00:00   ;     0
27.04.2007 07:00:00   ;     0
28.04.2007 07:00:00   ;     0
29.04.2007 07:00:00   ;     0
30.04.2007 07:00:00   ;     0
01.05.2007 07:00:00   ;     0
02.05.2007 07:00:00   ;     0
03.05.2007 07:00:00   ;     0
04.05.2007 07:00:00   ;     0
05.05.2007 07:00:00   ;     0
06.05.2007 07:00:00   ;     0
07.05.2007 07:00:00   ;     0
08.05.2007 07:00:00   ;     0
09.05.2007 07:00:00   ;     0
10.05.2007 07:00:00   ;     0
11.05.2007 07:00:00   ;     0
12.05.2007 07:00:00   ;     0
13.05.2007 07:00:00   ;     0
14.05.2007 07:00:00   ;     0
15.05.2007 07:00:00   ;     0
16.05.2007 07:00:00   ;     0
17.05.2007 07:00:00   ;     0
18.05.2007 07:00:00   ;     0
19.05.2007 07:00:00   ;     0
20.05.2007 07:00:00   ;     0
21.05.2007 07:00:00   ;     0
22.05.2007 07:00:00   ;     0
23.05.2007 07:00:00   ;     0
24.05.2007 07:00:00   ;     0
25.05.2007 07:00:00   ;     0
26.05.2007 07:00:00   ;     0
27.05.2007 07:00:00   ;     0
28.05.2007 07:00:00   ;     0
29.05.2007 07:00:00   ;     0
30.05.2007 07:00:00   ;     0
31.05.2007 07:00:00   ;     0
01.06.2007 07:00:00   ;     0
02.06.2007 07:00:00   ;     0
03.06.2007 07:00:00   ;     0
04.06.2007 07:00:00   ;     0
05.06.2007 07:00:00   ;     0
06.06.2007 07:00:00   ;     0
07.06.2007 07:00:00   ;     0
08.06.2007 07:00:00   ;     0
09.06.2007 07:00:00   ;     0
10.06.2007 07:00:00   ;     0
11.06.2007 07:00:00   ;     0
12.06.2007 07:00:00   ;     0
13.06.2007 07:00:00   ;     0
14.06.2007 07:00:00   ;     0
15.06.2007 07:00:00   ;     0
16.06.2007 07:00:00   ;     0
17.06.2007 07:00:00   ;     0
18.06.2007 07:00:00   ;     0
19.06.2007 07:00:00   ;     0
20.06.2007 07:00:00   ;     0
21.06.2007 07:00:00   ;     0
22.06.2007 07:00:00   ;     0
23.06.2007 07:00:00   ;     0
24.06.2007 07:00:00   ;     0
25.06.2007 07:00:00   ;     0
26.06.2007 07:00:00   ;     0
27.06.2007 07:00:00   ;     0
28.06.2007 07:00:00   ;     0
29.06.2007 07:00:00   ;     0
30.06.2007 07:00:00   ;     0
01.07.2007 07:00:00   ;     0
02.07.2007 07:00:00   ;     0
03.07.2007 07:00:00   ;     0
04.07.2007 07:00:00   ;     0
05.07.2007 07:00:00   ;     0
06.07.2007 07:00:00   ;     0
07.07.2007 07:00:00   ;     0
08.07.2007 07:00:00   ;     0
09.07.2007 07:00:00   ;     0
10.07.2007 07:00:00   ;     0
11.07.2007 07:00:00   ;     0
12.07.2007 07:00:00   ;     0
13.07.2007 07:00:00   ;     0
14.07.2007 07:00:00   ;     0
15.07.2007 07:00:00   ;     0
16.07.2007 07:00:00   ;     0
17.07.2007 07:00:00   ;     0
18.07.2007 07:00:00   ;     0
19.07.2007 07:00:00   ;     0
20.07.2007 07:00:00   ;     0
21.07.2007 07:00:00   ;     0
22.07.2007 07:00:00   ;     0
23.07.2007 07:00:00   ;     0
24.07.2007 07:00:00   ;     0
25.07.2007 07:00:00   ;     0
26.07.2007 07:00:00   ;     0
27.07.2007 07:00:00   ;     0
28.07.2007 07:00:00   ;     0
29.07.2007 07:00:00   ;     0
30.07.2007 07:00:00   ;     0
31.07.2007 07:00:00   ;     0
01.08.2007 07:00:00   ;     0
02.08.2007 07:00:00   ;     0
03.08.2007 07:00:00   ;     0
04.08.2007 07:00:00   ;     0
05.08.2007 07:00:00   ;     0
06.08.2007 07:00:00   ;     0
07.08.2007 07:00:00   ;     0
08.08.2007 07:00:00   ;     0
09.08.2007 07:00:00   ;     0
10.08.2007 07:00:00   ;     0
11.08.2007 07:00:00   ;     0
12.08.2007 07:00:00   ;     0
13.08.2007 07:00:00   ;     0
14.08.2007 07:00:00   ;     0
15.08.2007 07:00:00   ;     0
16.08.2007 07:00:00   ;     0
17.08.2007 07:00:00   ;     0
18.08.2007 07:00:00   ;     0
19.08.2007 07:00:00   ;     0
20.08.2007 07:00:00   ;     0
21.08.2007 07:00:00   ;     0
22.08.2007 07:00:00   ;     0
23.08.2007 07:00:00   ;     0
24.08.2007 07:00:00   ;     0
25.08.2007 07:00:00   ;     0
26.08.2007 07:00:00   ;     0
27.08.2007 07:00:00   ;     0
28.08.2007 07:00:00   ;     0
29.08.2007 07:00:00   ;     0
30.08.2007 07:00:00   ;     0
31.08.2007 07:00:00   ;     0
01.09.2007 07:00:00   ;     0
02.09.2007 07:00:00   ;     0
03.09.2007 07:00:00   ;     0
04.09.2007 07:00:00   ;     0
05.09.2007 07:00:00   ;     0
06.09.2007 07:00:00   ;     0
07.09.2007 07:00:00   ;     0
08.09.2007 07:00:00   ;     0
09.09.2007 07:00:00   ;     0
10.09.2007 07:00:00   ;     0
11.09.2007 07:00:00   ;     0
12.09.2007 07:00:00   ;     0
13.09.2007 07:00:00   ;     0
14.09.2007 07:00:00   ;     0
15.09.2007 07:00:00   ;     0
16.09.2007 07:00:00   ;     0
17.09.2007 07:00:00   ;     0
18.09.2007 07:00:00   ;     0
19.09.2007 07:00:00   ;     0
20.09.2007 07:00:00   ;     0
21.09.2007 07:00:00   ;     0
22.09.2007 07:00:00   ;     0
23.09.2007 07:00:00   ;     0
24.09.2007 07:00:00   ;     0
25.09.2007 07:00:00   ;     0
26.09.2007 07:00:00   ;     0
27.09.2007 07:00:00   ;     0
28.09.2007 07:00:00   ;     0
29.09.2007 07:00:00   ;     0
30.09.2007 07:00:00   ;     0
01.10.2007 07:00:00   ;     0
02.10.2007 07:00:00   ;     0
03.10.2007 07:00:00   ;     0
04.10.2007 07:00:00   ;     0
05.10.2007 07:00:00   ;     0
06.10.2007 07:00:00   ;     0
07.10.2007 07:00:00   ;     0
08.10.2007 07:00:00   ;     0
09.10.2007 07:00:00   ;     0
10.10.2007 07:00:00   ;     0
11.10.2007 07:00:00   ;     0
12.10.2007 07:00:00   ;     0
13.10.2007 07:00:00   ;     0
14.10.2007 07:00:00   ;     0
15.10.2007 07:00:00   ;     0
16.10.2007 07:00:00   ;     0
17.10.2007 07:00:00   ;     0
18.10.2007 07:00:00   ;     0
19.10.2007 07:00:00   ;     4
20.10.2007 07:00:00   ;     6
21.10.2007 07:00:00   ;     0
22.10.2007 07:00:00   ;     0
23.10.2007 07:00:00   ;     0
24.10.2007 07:00:00   ;     0
25.10.2007 07:00:00   ;     0
26.10.2007 07:00:00   ;     0
27.10.2007 07:00:00   ;     0
28.10.2007 07:00:00   ;     0
29.10.2007 07:00:00   ;     0
30.10.2007 07:00:00   ;     0
31.10.2007 07:00:00   ;     0
01.11.2007 07:00:00   ;     0
02.11.2007 07:00:00   ;     0
03.11.2007 07:00:00   ;     0
04.11.2007 07:00:00   ;     0
05.11.2007 07:00:00   ;     0
06.11.2007 07:00:00   ;     0
07.11.2007 07:00:00   ;     0
08.11.2007 07:00:00   ;     0
09.11.2007 07:00:00   ;     8
10.11.2007 07:00:00   ;    15
11.11.2007 07:00:00   ;     6
12.11.2007 07:00:00   ;     0
13.11.2007 07:00:00   ;     1
14.11.2007 07:00:00   ;    10
15.11.2007 07:00:00   ;     1
16.11.2007 07:00:00   ;     0
17.11.2007 07:00:00   ;     0
18.11.2007 07:00:00   ;     0
19.11.2007 07:00:00   ;     0
20.11.2007 07:00:00   ;     0
21.11.2007 07:00:00   ;     0
22.11.2007 07:00:00   ;     0
23.11.2007 07:00:00   ;     0
24.11.2007 07:00:00   ;     0
25.11.2007 07:00:00   ;     1
26.11.2007 07:00:00   ;    21
27.11.2007 07:00:00   ;     0
28.11.2007 07:00:00   ;     0
29.11.2007 07:00:00   ;     0
30.11.2007 07:00:00   ;     1
01.12.2007 07:00:00   ;     0
02.12.2007 07:00:00   ;     0
03.12.2007 07:00:00   ;     5
04.12.2007 07:00:00   ;     3
05.12.2007 07:00:00   ;     0
06.12.2007 07:00:00   ;     0
07.12.2007 07:00:00   ;     0
08.12.2007 07:00:00   ;     0
09.12.2007 07:00:00   ;     0
10.12.2007 07:00:00   ;     1
11.12.2007 07:00:00   ;     4
12.12.2007 07:00:00   ;     4
13.12.2007 07:00:00   ;     1
14.12.2007 07:00:00   ;     2
15.12.2007 07:00:00   ;     0
16.12.2007 07:00:00   ;     0
17.12.2007 07:00:00   ;     0
18.12.2007 07:00:00   ;     0
19.12.2007 07:00:00   ;     0
20.12.2007 07:00:00   ;     0
21.12.2007 07:00:00   ;     0
22.12.2007 07:00:00   ;     0
23.12.2007 07:00:00   ;     0
24.12.2007 07:00:00   ;     0
25.12.2007 07:00:00   ;     0
26.12.2007 07:00:00   ;     0
27.12.2007 07:00:00   ;     0
28.12.2007 07:00:00   ;     0
29.12.2007 07:00:00   ;     0
30.12.2007 07:00:00   ;     2
31.12.2007 07:00:00   ;    15
01.01.2008 07:00:00   ;     0
02.01.2008 07:00:00   ;     0
03.01.2008 07:00:00   ;     0
04.01.2008 07:00:00   ;     0
05.01.2008 07:00:00   ;     0
06.01.2008 07:00:00   ;     0
07.01.2008 07:00:00   ;     0
08.01.2008 07:00:00   ;     0
09.01.2008 07:00:00   ;     0
10.01.2008 07:00:00   ;     0
11.01.2008 07:00:00   ;     0
12.01.2008 07:00:00   ;     0
13.01.2008 07:00:00   ;     0
14.01.2008 07:00:00   ;     0
15.01.2008 07:00:00   ;     0
16.01.2008 07:00:00   ;     1
17.01.2008 07:00:00   ;     0
18.01.2008 07:00:00   ;     0
19.01.2008 07:00:00   ;     0
20.01.2008 07:00:00   ;     0
21.01.2008 07:00:00   ;     0
22.01.2008 07:00:00   ;    15
23.01.2008 07:00:00   ;     0
24.01.2008 07:00:00   ;     1
25.01.2008 07:00:00   ;     0
26.01.2008 07:00:00   ;     0
27.01.2008 07:00:00   ;     0
28.01.2008 07:00:00   ;     0
29.01.2008 07:00:00   ;     0
30.01.2008 07:00:00   ;     0
31.01.2008 07:00:00   ;     0
01.02.2008 07:00:00   ;     0
02.02.2008 07:00:00   ;     0
03.02.2008 07:00:00   ;     0
04.02.2008 07:00:00   ;     0
05.02.2008 07:00:00   ;     0
06.02.2008 07:00:00   ;     1
07.02.2008 07:00:00   ;     0
08.02.2008 07:00:00   ;     0
09.02.2008 07:00:00   ;     0
10.02.2008 07:00:00   ;     0
11.02.2008 07:00:00   ;     0
12.02.2008 07:00:00   ;     0
13.02.2008 07:00:00   ;     0
14.02.2008 07:00:00   ;     0
15.02.2008 07:00:00   ;     0
16.02.2008 07:00:00   ;     0
17.02.2008 07:00:00   ;     0
18.02.2008 07:00:00   ;     0
19.02.2008 07:00:00   ;     0
20.02.2008 07:00:00   ;     0
21.02.2008 07:00:00   ;     0
22.02.2008 07:00:00   ;     0
23.02.2008 07:00:00   ;     0
24.02.2008 07:00:00   ;     0
25.02.2008 07:00:00   ;     0
26.02.2008 07:00:00   ;     0
27.02.2008 07:00:00   ;     0
28.02.2008 07:00:00   ;     0
29.02.2008 07:00:00   ;     0
01.03.2008 07:00:00   ;     0
02.03.2008 07:00:00   ;     0
03.03.2008 07:00:00   ;     0
04.03.2008 07:00:00   ;     8
05.03.2008 07:00:00   ;     0
06.03.2008 07:00:00   ;     0
07.03.2008 07:00:00   ;     0
08.03.2008 07:00:00   ;     0
09.03.2008 07:00:00   ;     0
10.03.2008 07:00:00   ;     0
11.03.2008 07:00:00   ;     0
12.03.2008 07:00:00   ;     0
13.03.2008 07:00:00   ;     0
14.03.2008 07:00:00   ;     0
15.03.2008 07:00:00   ;     0
16.03.2008 07:00:00   ;     0
17.03.2008 07:00:00   ;     0
18.03.2008 07:00:00   ;     0
19.03.2008 07:00:00   ;     0
20.03.2008 07:00:00   ;     0
21.03.2008 07:00:00   ;     0
22.03.2008 07:00:00   ;     4
23.03.2008 07:00:00   ;     3
24.03.2008 07:00:00   ;     1
25.03.2008 07:00:00   ;    15
26.03.2008 07:00:00   ;     0
27.03.2008 07:00:00   ;     0
28.03.2008 07:00:00   ;     0
29.03.2008 07:00:00   ;     0
30.03.2008 07:00:00   ;     0
31.03.2008 07:00:00   ;     0
01.04.2008 07:00:00   ;     0
02.04.2008 07:00:00   ;     0
03.04.2008 07:00:00   ;     0
04.04.2008 07:00:00   ;     0
05.04.2008 07:00:00   ;     0
06.04.2008 07:00:00   ;     1
07.04.2008 07:00:00   ;     0
08.04.2008 07:00:00   ;     0
09.04.2008 07:00:00   ;     0
10.04.2008 07:00:00   ;     0
11.04.2008 07:00:00   ;     0
12.04.2008 07:00:00   ;     0
13.04.2008 07:00:00   ;     0
14.04.2008 07:00:00   ;     0
15.04.2008 07:00:00   ;     0
16.04.2008 07:00:00   ;     0
17.04.2008 07:00:00   ;     0
18.04.2008 07:00:00   ;     0
19.04.2008 07:00:00   ;     0
20.04.2008 07:00:00   ;     0
21.04.2008 07:00:00   ;     0
22.04.2008 07:00:00   ;     0
23.04.2008 07:00:00   ;     0
24.04.2008 07:00:00   ;     0
25.04.2008 07:00:00   ;     0
26.04.2008 07:00:00   ;     0
27.04.2008 07:00:00   ;     0
28.04.2008 07:00:00   ;     0
29.04.2008 07:00:00   ;     0
30.04.2008 07:00:00   ;     0
01.05.2008 07:00:00   ;     0
02.05.2008 07:00:00   ;     0
03.05.2008 07:00:00   ;     0
04.05.2008 07:00:00   ;     0
05.05.2008 07:00:00   ;     0
06.05.2008 07:00:00   ;     0
07.05.2008 07:00:00   ;     0
08.05.2008 07:00:00   ;     0
09.05.2008 07:00:00   ;     0
10.05.2008 07:00:00   ;     0
11.05.2008 07:00:00   ;     0
12.05.2008 07:00:00   ;     0
13.05.2008 07:00:00   ;     0
14.05.2008 07:00:00   ;     0
15.05.2008 07:00:00   ;     0
16.05.2008 07:00:00   ;     0
17.05.2008 07:00:00   ;     0
18.05.2008 07:00:00   ;     0
19.05.2008 07:00:00   ;     0
20.05.2008 07:00:00   ;     0
21.05.2008 07:00:00   ;     0
22.05.2008 07:00:00   ;     0
23.05.2008 07:00:00   ;     0
24.05.2008 07:00:00   ;     0
25.05.2008 07:00:00   ;     0
26.05.2008 07:00:00   ;     0
27.05.2008 07:00:00   ;     0
28.05.2008 07:00:00   ;     0
29.05.2008 07:00:00   ;     0
30.05.2008 07:00:00   ;     0
31.05.2008 07:00:00   ;     0
01.06.2008 07:00:00   ;     0
02.06.2008 07:00:00   ;     0
03.06.2008 07:00:00   ;     0
04.06.2008 07:00:00   ;     0
05.06.2008 07:00:00   ;     0
06.06.2008 07:00:00   ;     0
07.06.2008 07:00:00   ;     0
08.06.2008 07:00:00   ;     0
09.06.2008 07:00:00   ;     0
10.06.2008 07:00:00   ;     0
11.06.2008 07:00:00   ;     0
12.06.2008 07:00:00   ;     0
13.06.2008 07:00:00   ;     0
14.06.2008 07:00:00   ;     0
15.06.2008 07:00:00   ;     0
16.06.2008 07:00:00   ;     0
17.06.2008 07:00:00   ;     0
18.06.2008 07:00:00   ;     0
19.06.2008 07:00:00   ;     0
20.06.2008 07:00:00   ;     0
21.06.2008 07:00:00   ;     0
22.06.2008 07:00:00   ;     0
23.06.2008 07:00:00   ;     0
24.06.2008 07:00:00   ;     0
25.06.2008 07:00:00   ;     0
26.06.2008 07:00:00   ;     0
27.06.2008 07:00:00   ;     0
28.06.2008 07:00:00   ;     0
29.06.2008 07:00:00   ;     0
30.06.2008 07:00:00   ;     0
01.07.2008 07:00:00   ;     0
02.07.2008 07:00:00   ;     0
03.07.2008 07:00:00   ;     0
04.07.2008 07:00:00   ;     0
05.07.2008 07:00:00   ;     0
06.07.2008 07:00:00   ;     0
07.07.2008 07:00:00   ;     0
08.07.2008 07:00:00   ;     0
09.07.2008 07:00:00   ;     0
10.07.2008 07:00:00   ;     0
11.07.2008 07:00:00   ;     0
12.07.2008 07:00:00   ;     0
13.07.2008 07:00:00   ;     0
14.07.2008 07:00:00   ;     0
15.07.2008 07:00:00   ;     0
16.07.2008 07:00:00   ;     0
17.07.2008 07:00:00   ;     0
18.07.2008 07:00:00   ;     0
19.07.2008 07:00:00   ;     0
20.07.2008 07:00:00   ;     0
21.07.2008 07:00:00   ;     0
22.07.2008 07:00:00   ;     0
23.07.2008 07:00:00   ;     0
24.07.2008 07:00:00   ;     0
25.07.2008 07:00:00   ;     0
26.07.2008 07:00:00   ;     0
27.07.2008 07:00:00   ;     0
28.07.2008 07:00:00   ;     0
29.07.2008 07:00:00   ;     0
30.07.2008 07:00:00   ;     0
31.07.2008 07:00:00   ;     0
01.08.2008 07:00:00   ;     0
02.08.2008 07:00:00   ;     0
03.08.2008 07:00:00   ;     0
04.08.2008 07:00:00   ;     0
05.08.2008 07:00:00   ;     0
06.08.2008 07:00:00   ;     0
07.08.2008 07:00:00   ;     0
08.08.2008 07:00:00   ;     0
09.08.2008 07:00:00   ;     0
10.08.2008 07:00:00   ;     0
11.08.2008 07:00:00   ;     0
12.08.2008 07:00:00   ;     0
13.08.2008 07:00:00   ;     0
14.08.2008 07:00:00   ;     0
15.08.2008 07:00:00   ;     0
16.08.2008 07:00:00   ;     0
17.08.2008 07:00:00   ;     0
18.08.2008 07:00:00   ;     0
19.08.2008 07:00:00   ;     0
20.08.2008 07:00:00   ;     0
21.08.2008 07:00:00   ;     0
22.08.2008 07:00:00   ;     0
23.08.2008 07:00:00   ;     0
24.08.2008 07:00:00   ;     0
25.08.2008 07:00:00   ;     0
26.08.2008 07:00:00   ;     0
27.08.2008 07:00:00   ;     0
28.08.2008 07:00:00   ;     0
29.08.2008 07:00:00   ;     0
30.08.2008 07:00:00   ;     0
31.08.2008 07:00:00   ;     0
01.09.2008 07:00:00   ;     0
02.09.2008 07:00:00   ;     0
03.09.2008 07:00:00   ;     0
04.09.2008 07:00:00   ;     0
05.09.2008 07:00:00   ;     0
06.09.2008 07:00:00   ;     0
07.09.2008 07:00:00   ;     0
08.09.2008 07:00:00   ;     0
09.09.2008 07:00:00   ;     0
10.09.2008 07:00:00   ;     0
11.09.2008 07:00:00   ;     0
12.09.2008 07:00:00   ;     0
13.09.2008 07:00:00   ;     0
14.09.2008 07:00:00   ;     0
15.09.2008 07:00:00   ;     0
16.09.2008 07:00:00   ;     0
17.09.2008 07:00:00   ;     0
18.09.2008 07:00:00   ;     0
19.09.2008 07:00:00   ;     0
20.09.2008 07:00:00   ;     0
21.09.2008 07:00:00   ;     0
22.09.2008 07:00:00   ;     0
23.09.2008 07:00:00   ;     0
24.09.2008 07:00:00   ;     0
25.09.2008 07:00:00   ;     0
26.09.2008 07:00:00   ;     0
27.09.2008 07:00:00   ;     0
28.09.2008 07:00:00   ;     0
29.09.2008 07:00:00   ;     0
30.09.2008 07:00:00   ;     0
01.10.2008 07:00:00   ;     0
02.10.2008 07:00:00   ;     0
03.10.2008 07:00:00   ;     0
04.10.2008 07:00:00   ;     0
05.10.2008 07:00:00   ;     0
06.10.2008 07:00:00   ;     0
07.10.2008 07:00:00   ;     0
08.10.2008 07:00:00   ;     0
09.10.2008 07:00:00   ;     0
10.10.2008 07:00:00   ;     0
11.10.2008 07:00:00   ;     0
12.10.2008 07:00:00   ;     0
13.10.2008 07:00:00   ;     0
14.10.2008 07:00:00   ;     0
15.10.2008 07:00:00   ;     0
16.10.2008 07:00:00   ;     0
17.10.2008 07:00:00   ;     0
18.10.2008 07:00:00   ;     0
19.10.2008 07:00:00   ;     0
20.10.2008 07:00:00   ;     0
21.10.2008 07:00:00   ;     0
22.10.2008 07:00:00   ;     0
23.10.2008 07:00:00   ;     0
24.10.2008 07:00:00   ;     0
25.10.2008 07:00:00   ;     0
26.10.2008 07:00:00   ;     0
27.10.2008 07:00:00   ;     0
28.10.2008 07:00:00   ;     0
29.10.2008 07:00:00   ;     0
30.10.2008 07:00:00   ;     0
31.10.2008 07:00:00   ;     0
01.11.2008 07:00:00   ;     0
02.11.2008 07:00:00   ;     0
03.11.2008 07:00:00   ;     0
04.11.2008 07:00:00   ;     0
05.11.2008 07:00:00   ;     0
06.11.2008 07:00:00   ;     0
07.11.2008 07:00:00   ;     0
08.11.2008 07:00:00   ;     0
09.11.2008 07:00:00   ;     0
10.11.2008 07:00:00   ;     0
11.11.2008 07:00:00   ;     0
12.11.2008 07:00:00   ;     0
13.11.2008 07:00:00   ;     0
14.11.2008 07:00:00   ;     0
15.11.2008 07:00:00   ;     0
16.11.2008 07:00:00   ;     0
17.11.2008 07:00:00   ;     0
18.11.2008 07:00:00   ;     0
19.11.2008 07:00:00   ;     0
20.11.2008 07:00:00   ;     0
21.11.2008 07:00:00   ;     5
22.11.2008 07:00:00   ;    10
23.11.2008 07:00:00   ;     1
24.11.2008 07:00:00   ;     1
25.11.2008 07:00:00   ;     0
26.11.2008 07:00:00   ;     0
27.11.2008 07:00:00   ;     0
28.11.2008 07:00:00   ;     0
29.11.2008 07:00:00   ;     0
30.11.2008 07:00:00   ;     0
01.12.2008 07:00:00   ;     0
02.12.2008 07:00:00   ;     3
03.12.2008 07:00:00   ;     0
04.12.2008 07:00:00   ;     0
05.12.2008 07:00:00   ;     0
06.12.2008 07:00:00   ;     2
07.12.2008 07:00:00   ;     2
08.12.2008 07:00:00   ;     0
09.12.2008 07:00:00   ;     0
10.12.2008 07:00:00   ;     0
11.12.2008 07:00:00   ;     2
12.12.2008 07:00:00   ;     1
13.12.2008 07:00:00   ;     0
14.12.2008 07:00:00   ;     0
15.12.2008 07:00:00   ;     0
16.12.2008 07:00:00   ;     0
17.12.2008 07:00:00   ;     7
18.12.2008 07:00:00   ;    10
19.12.2008 07:00:00   ;     3
20.12.2008 07:00:00   ;    10
21.12.2008 07:00:00   ;     0
22.12.2008 07:00:00   ;     0
23.12.2008 07:00:00   ;     0
24.12.2008 07:00:00   ;     0
25.12.2008 07:00:00   ;     2
26.12.2008 07:00:00   ;     0
27.12.2008 07:00:00   ;     0
28.12.2008 07:00:00   ;     0
29.12.2008 07:00:00   ;     0
30.12.2008 07:00:00   ;     0
31.12.2008 07:00:00   ;     1
01.01.2009 07:00:00   ;     3
02.01.2009 07:00:00   ;     1
03.01.2009 07:00:00   ;     0
04.01.2009 07:00:00   ;     0
05.01.2009 07:00:00   ;     0
06.01.2009 07:00:00   ;     0
07.01.2009 07:00:00   ;     0
08.01.2009 07:00:00   ;     0
09.01.2009 07:00:00   ;     0
10.01.2009 07:00:00   ;     0
11.01.2009 07:00:00   ;     0
12.01.2009 07:00:00   ;     0
13.01.2009 07:00:00   ;     0
14.01.2009 07:00:00   ;     2
15.01.2009 07:00:00   ;     0
16.01.2009 07:00:00   ;     0
17.01.2009 07:00:00   ;     0
18.01.2009 07:00:00   ;     1
19.01.2009 07:00:00   ;     0
20.01.2009 07:00:00   ;     4
21.01.2009 07:00:00   ;     2
22.01.2009 07:00:00   ;     0
23.01.2009 07:00:00   ;     0
24.01.2009 07:00:00   ;     0
25.01.2009 07:00:00   ;     0
26.01.2009 07:00:00   ;     0
27.01.2009 07:00:00   ;    10
28.01.2009 07:00:00   ;     4
29.01.2009 07:00:00   ;     0
30.01.2009 07:00:00   ;     0
31.01.2009 07:00:00   ;     1
01.02.2009 07:00:00   ;     0
02.02.2009 07:00:00   ;     0
03.02.2009 07:00:00   ;     0
04.02.2009 07:00:00   ;     0
05.02.2009 07:00:00   ;     0
06.02.2009 07:00:00   ;     0
07.02.2009 07:00:00   ;     2
08.02.2009 07:00:00   ;     2
09.02.2009 07:00:00   ;     1
10.02.2009 07:00:00   ;     4
11.02.2009 07:00:00   ;     7
12.02.2009 07:00:00   ;     8
13.02.2009 07:00:00   ;    12
14.02.2009 07:00:00   ;     4
15.02.2009 07:00:00   ;     0
16.02.2009 07:00:00   ;     7
17.02.2009 07:00:00   ;    30
18.02.2009 07:00:00   ;     0
19.02.2009 07:00:00   ;     0
20.02.2009 07:00:00   ;    10
21.02.2009 07:00:00   ;    10
22.02.2009 07:00:00   ;     4
23.02.2009 07:00:00   ;    18
24.02.2009 07:00:00   ;     4
25.02.2009 07:00:00   ;     0
26.02.2009 07:00:00   ;    10
27.02.2009 07:00:00   ;     0
28.02.2009 07:00:00   ;     0
01.03.2009 07:00:00   ;     0
02.03.2009 07:00:00   ;     0
03.03.2009 07:00:00   ;     0
04.03.2009 07:00:00   ;     0
05.03.2009 07:00:00   ;     0
06.03.2009 07:00:00   ;     2
07.03.2009 07:00:00   ;     0
08.03.2009 07:00:00   ;     1
09.03.2009 07:00:00   ;     5
10.03.2009 07:00:00   ;     2
11.03.2009 07:00:00   ;     7
12.03.2009 07:00:00   ;     9
13.03.2009 07:00:00   ;     0
14.03.2009 07:00:00   ;     0
15.03.2009 07:00:00   ;     0
16.03.2009 07:00:00   ;     0
17.03.2009 07:00:00   ;     0
18.03.2009 07:00:00   ;     0
19.03.2009 07:00:00   ;     5
20.03.2009 07:00:00   ;     1
21.03.2009 07:00:00   ;     0
22.03.2009 07:00:00   ;     0
23.03.2009 07:00:00   ;     4
24.03.2009 07:00:00   ;    11
25.03.2009 07:00:00   ;     6
26.03.2009 07:00:00   ;     2
27.03.2009 07:00:00   ;     0
28.03.2009 07:00:00   ;     0
29.03.2009 07:00:00   ;     7
30.03.2009 07:00:00   ;     0
31.03.2009 07:00:00   ;     0
01.04.2009 07:00:00   ;     0
02.04.2009 07:00:00   ;     0
03.04.2009 07:00:00   ;     0
04.04.2009 07:00:00   ;     0
05.04.2009 07:00:00   ;     0
06.04.2009 07:00:00   ;     0
07.04.2009 07:00:00   ;     0
08.04.2009 07:00:00   ;     0
09.04.2009 07:00:00   ;     0
10.04.2009 07:00:00   ;     0
11.04.2009 07:00:00   ;     0
12.04.2009 07:00:00   ;     0
13.04.2009 07:00:00   ;     0
14.04.2009 07:00:00   ;     0
15.04.2009 07:00:00   ;     0
16.04.2009 07:00:00   ;     0
17.04.2009 07:00:00   ;     0
18.04.2009 07:00:00   ;     0
19.04.2009 07:00:00   ;     0
20.04.2009 07:00:00   ;     0
21.04.2009 07:00:00   ;     0
22.04.2009 07:00:00   ;     0
23.04.2009 07:00:00   ;     0
24.04.2009 07:00:00   ;     0
25.04.2009 07:00:00   ;     0
26.04.2009 07:00:00   ;     0
27.04.2009 07:00:00   ;     0
28.04.2009 07:00:00   ;     0
29.04.2009 07:00:00   ;     0
30.04.2009 07:00:00   ;     0
01.05.2009 07:00:00   ;     0
02.05.2009 07:00:00   ;     0
03.05.2009 07:00:00   ;     0
04.05.2009 07:00:00   ;     0
05.05.2009 07:00:00   ;     0
06.05.2009 07:00:00   ;     0
07.05.2009 07:00:00   ;     0
08.05.2009 07:00:00   ;     0
09.05.2009 07:00:00   ;     0
10.05.2009 07:00:00   ;     0
11.05.2009 07:00:00   ;     0
12.05.2009 07:00:00   ;     0
13.05.2009 07:00:00   ;     0
14.05.2009 07:00:00   ;     0
15.05.2009 07:00:00   ;     0
16.05.2009 07:00:00   ;     0
17.05.2009 07:00:00   ;     0
18.05.2009 07:00:00   ;     0
19.05.2009 07:00:00   ;     0
20.05.2009 07:00:00   ;     0
21.05.2009 07:00:00   ;     0
22.05.2009 07:00:00   ;     0
23.05.2009 07:00:00   ;     0
24.05.2009 07:00:00   ;     0
25.05.2009 07:00:00   ;     0
26.05.2009 07:00:00   ;     0
27.05.2009 07:00:00   ;     0
28.05.2009 07:00:00   ;     0
29.05.2009 07:00:00   ;     0
30.05.2009 07:00:00   ;     0
31.05.2009 07:00:00   ;     0
01.06.2009 07:00:00   ;     0
02.06.2009 07:00:00   ;     0
03.06.2009 07:00:00   ;     0
04.06.2009 07:00:00   ;     0
05.06.2009 07:00:00   ;     0
06.06.2009 07:00:00   ;     0
07.06.2009 07:00:00   ;     0
08.06.2009 07:00:00   ;     0
09.06.2009 07:00:00   ;     0
10.06.2009 07:00:00   ;     0
11.06.2009 07:00:00   ;     0
12.06.2009 07:00:00   ;     0
13.06.2009 07:00:00   ;     0
14.06.2009 07:00:00   ;     0
15.06.2009 07:00:00   ;     0
16.06.2009 07:00:00   ;     0
17.06.2009 07:00:00   ;     0
18.06.2009 07:00:00   ;     0
19.06.2009 07:00:00   ;     0
20.06.2009 07:00:00   ;     0
21.06.2009 07:00:00   ;     0
22.06.2009 07:00:00   ;     0
23.06.2009 07:00:00   ;     0
24.06.2009 07:00:00   ;     0
25.06.2009 07:00:00   ;     0
26.06.2009 07:00:00   ;     0
27.06.2009 07:00:00   ;     0
28.06.2009 07:00:00   ;     0
29.06.2009 07:00:00   ;     0
30.06.2009 07:00:00   ;     0
01.07.2009 07:00:00   ;     0
02.07.2009 07:00:00   ;     0
03.07.2009 07:00:00   ;     0
04.07.2009 07:00:00   ;     0
05.07.2009 07:00:00   ;     0
06.07.2009 07:00:00   ;     0
07.07.2009 07:00:00   ;     0
08.07.2009 07:00:00   ;     0
09.07.2009 07:00:00   ;     0
10.07.2009 07:00:00   ;     0
11.07.2009 07:00:00   ;     0
12.07.2009 07:00:00   ;     0
13.07.2009 07:00:00   ;     0
14.07.2009 07:00:00   ;     0
15.07.2009 07:00:00   ;     0
16.07.2009 07:00:00   ;     0
17.07.2009 07:00:00   ;     0
18.07.2009 07:00:00   ;     0
19.07.2009 07:00:00   ;     0
20.07.2009 07:00:00   ;     0
21.07.2009 07:00:00   ;     0
22.07.2009 07:00:00   ;     0
23.07.2009 07:00:00   ;     0
24.07.2009 07:00:00   ;     0
25.07.2009 07:00:00   ;     0
26.07.2009 07:00:00   ;     0
27.07.2009 07:00:00   ;     0
28.07.2009 07:00:00   ;     0
29.07.2009 07:00:00   ;     0
30.07.2009 07:00:00   ;     0
31.07.2009 07:00:00   ;     0
01.08.2009 07:00:00   ;     0
02.08.2009 07:00:00   ;     0
03.08.2009 07:00:00   ;     0
04.08.2009 07:00:00   ;     0
05.08.2009 07:00:00   ;     0
06.08.2009 07:00:00   ;     0
07.08.2009 07:00:00   ;     0
08.08.2009 07:00:00   ;     0
09.08.2009 07:00:00   ;     0
10.08.2009 07:00:00   ;     0
11.08.2009 07:00:00   ;     0
12.08.2009 07:00:00   ;     0
13.08.2009 07:00:00   ;     0
14.08.2009 07:00:00   ;     0
15.08.2009 07:00:00   ;     0
16.08.2009 07:00:00   ;     0
17.08.2009 07:00:00   ;     0
18.08.2009 07:00:00   ;     0
19.08.2009 07:00:00   ;     0
20.08.2009 07:00:00   ;     0
21.08.2009 07:00:00   ;     0
22.08.2009 07:00:00   ;     0
23.08.2009 07:00:00   ;     0
24.08.2009 07:00:00   ;     0
25.08.2009 07:00:00   ;     0
26.08.2009 07:00:00   ;     0
27.08.2009 07:00:00   ;     0
28.08.2009 07:00:00   ;     0
29.08.2009 07:00:00   ;     0
30.08.2009 07:00:00   ;     0
31.08.2009 07:00:00   ;     0
01.09.2009 07:00:00   ;     0
02.09.2009 07:00:00   ;     0
03.09.2009 07:00:00   ;     0
04.09.2009 07:00:00   ;     0
05.09.2009 07:00:00   ;     0
06.09.2009 07:00:00   ;     0
07.09.2009 07:00:00   ;     0
08.09.2009 07:00:00   ;     0
09.09.2009 07:00:00   ;     0
10.09.2009 07:00:00   ;     0
11.09.2009 07:00:00   ;     0
12.09.2009 07:00:00   ;     0
13.09.2009 07:00:00   ;     0
14.09.2009 07:00:00   ;     0
15.09.2009 07:00:00   ;     0
16.09.2009 07:00:00   ;     0
17.09.2009 07:00:00   ;     0
18.09.2009 07:00:00   ;     0
19.09.2009 07:00:00   ;     0
20.09.2009 07:00:00   ;     0
21.09.2009 07:00:00   ;     0
22.09.2009 07:00:00   ;     0
23.09.2009 07:00:00   ;     0
24.09.2009 07:00:00   ;     0
25.09.2009 07:00:00   ;     0
26.09.2009 07:00:00   ;     0
27.09.2009 07:00:00   ;     0
28.09.2009 07:00:00   ;     0
29.09.2009 07:00:00   ;     0
30.09.2009 07:00:00   ;     0
01.10.2009 07:00:00   ;     0
02.10.2009 07:00:00   ;     0
03.10.2009 07:00:00   ;     0
04.10.2009 07:00:00   ;     0
05.10.2009 07:00:00   ;     0
06.10.2009 07:00:00   ;     0
07.10.2009 07:00:00   ;     0
08.10.2009 07:00:00   ;     0
09.10.2009 07:00:00   ;     0
10.10.2009 07:00:00   ;     0
11.10.2009 07:00:00   ;     0
12.10.2009 07:00:00   ;     1
13.10.2009 07:00:00   ;     1
14.10.2009 07:00:00   ;     1
15.10.2009 07:00:00   ;     0
16.10.2009 07:00:00   ;     0
17.10.2009 07:00:00   ;     0
18.10.2009 07:00:00   ;     0
19.10.2009 07:00:00   ;     0
20.10.2009 07:00:00   ;     0
21.10.2009 07:00:00   ;     0
22.10.2009 07:00:00   ;     0
23.10.2009 07:00:00   ;     0
24.10.2009 07:00:00   ;     0
25.10.2009 07:00:00   ;     0
26.10.2009 07:00:00   ;     0
27.10.2009 07:00:00   ;     0
28.10.2009 07:00:00   ;     0
29.10.2009 07:00:00   ;     0
30.10.2009 07:00:00   ;     0
31.10.2009 07:00:00   ;     0
01.11.2009 07:00:00   ;     0
02.11.2009 07:00:00   ;     0
03.11.2009 07:00:00   ;     0
04.11.2009 07:00:00   ;     0
05.11.2009 07:00:00   ;     0
06.11.2009 07:00:00   ;     0
07.11.2009 07:00:00   ;     0
08.11.2009 07:00:00   ;     0
09.11.2009 07:00:00   ;     0
10.11.2009 07:00:00   ;     0
11.11.2009 07:00:00   ;     0
12.11.2009 07:00:00   ;     0
13.11.2009 07:00:00   ;     0
14.11.2009 07:00:00   ;     0
15.11.2009 07:00:00   ;     0
16.11.2009 07:00:00   ;     0
17.11.2009 07:00:00   ;     0
18.11.2009 07:00:00   ;     0
19.11.2009 07:00:00   ;     0
20.11.2009 07:00:00   ;     0
21.11.2009 07:00:00   ;     0
22.11.2009 07:00:00   ;     0
23.11.2009 07:00:00   ;     0
24.11.2009 07:00:00   ;     0
25.11.2009 07:00:00   ;     0
26.11.2009 07:00:00   ;     0
27.11.2009 07:00:00   ;     0
28.11.2009 07:00:00   ;     0
29.11.2009 07:00:00   ;     0
30.11.2009 07:00:00   ;     0
01.12.2009 07:00:00   ;     0
02.12.2009 07:00:00   ;     0
03.12.2009 07:00:00   ;     1
04.12.2009 07:00:00   ;     5
05.12.2009 07:00:00   ;     0
06.12.2009 07:00:00   ;     0
07.12.2009 07:00:00   ;     0
08.12.2009 07:00:00   ;     0
09.12.2009 07:00:00   ;     0
10.12.2009 07:00:00   ;     0
11.12.2009 07:00:00   ;     2
12.12.2009 07:00:00   ;     4
13.12.2009 07:00:00   ;     2
14.12.2009 07:00:00   ;     2
15.12.2009 07:00:00   ;     1
16.12.2009 07:00:00   ;     2
17.12.2009 07:00:00   ;     1
18.12.2009 07:00:00   ;     1
19.12.2009 07:00:00   ;     2
20.12.2009 07:00:00   ;     0
21.12.2009 07:00:00   ;     0
22.12.2009 07:00:00   ;     0
23.12.2009 07:00:00   ;     0
24.12.2009 07:00:00   ;     0
25.12.2009 07:00:00   ;     0
26.12.2009 07:00:00   ;     0
27.12.2009 07:00:00   ;     0
28.12.2009 07:00:00   ;     0
29.12.2009 07:00:00   ;     0
30.12.2009 07:00:00   ;     0
31.12.2009 07:00:00   ;     0
01.01.2010 07:00:00   ;     2
02.01.2010 07:00:00   ;     1
03.01.2010 07:00:00   ;     0
04.01.2010 07:00:00   ;     0
05.01.2010 07:00:00   ;     0
06.01.2010 07:00:00   ;     2
07.01.2010 07:00:00   ;     2
08.01.2010 07:00:00   ;     1
09.01.2010 07:00:00   ;     1
10.01.2010 07:00:00   ;     5
11.01.2010 07:00:00   ;    12
12.01.2010 07:00:00   ;     0
13.01.2010 07:00:00   ;     0
14.01.2010 07:00:00   ;     0
15.01.2010 07:00:00   ;     0
16.01.2010 07:00:00   ;     0
17.01.2010 07:00:00   ;     0
18.01.2010 07:00:00   ;     1
19.01.2010 07:00:00   ;     0
20.01.2010 07:00:00   ;     1
21.01.2010 07:00:00   ;     1
22.01.2010 07:00:00   ;     0
23.01.2010 07:00:00   ;     0
24.01.2010 07:00:00   ;     0
25.01.2010 07:00:00   ;     5
26.01.2010 07:00:00   ;     5
27.01.2010 07:00:00   ;     4
28.01.2010 07:00:00   ;     5
29.01.2010 07:00:00   ;     2
30.01.2010 07:00:00   ;     1
31.01.2010 07:00:00   ;     1
01.02.2010 07:00:00   ;    10
02.02.2010 07:00:00   ;     0
03.02.2010 07:00:00   ;    12
04.02.2010 07:00:00   ;     0
05.02.2010 07:00:00   ;     3
06.02.2010 07:00:00   ;     0
07.02.2010 07:00:00   ;     0
08.02.2010 07:00:00   ;     0
09.02.2010 07:00:00   ;     0
10.02.2010 07:00:00   ;     4
11.02.2010 07:00:00   ;     0
12.02.2010 07:00:00   ;     0
13.02.2010 07:00:00   ;     0
14.02.2010 07:00:00   ;     0
15.02.2010 07:00:00   ;     0
16.02.2010 07:00:00   ;     0
17.02.2010 07:00:00   ;     0
18.02.2010 07:00:00   ;     0
19.02.2010 07:00:00   ;     2
20.02.2010 07:00:00   ;     1
21.02.2010 07:00:00   ;     0
22.02.2010 07:00:00   ;     0
23.02.2010 07:00:00   ;     0
24.02.2010 07:00:00   ;     0
25.02.2010 07:00:00   ;     0
26.02.2010 07:00:00   ;     0
27.02.2010 07:00:00   ;     0
28.02.2010 07:00:00   ;     0
01.03.2010 07:00:00   ;     0
02.03.2010 07:00:00   ;     0
03.03.2010 07:00:00   ;     0
04.03.2010 07:00:00   ;     0
05.03.2010 07:00:00   ;     2
06.03.2010 07:00:00   ;    10
07.03.2010 07:00:00   ;     0
08.03.2010 07:00:00   ;     0
09.03.2010 07:00:00   ;     0
10.03.2010 07:00:00   ;     0
11.03.2010 07:00:00   ;     2
12.03.2010 07:00:00   ;     0
13.03.2010 07:00:00   ;     0
14.03.2010 07:00:00   ;     1
15.03.2010 07:00:00   ;     9
16.03.2010 07:00:00   ;     4
17.03.2010 07:00:00   ;     0
18.03.2010 07:00:00   ;     0
19.03.2010 07:00:00   ;     0
20.03.2010 07:00:00   ;     0
21.03.2010 07:00:00   ;     0
22.03.2010 07:00:00   ;     0
23.03.2010 07:00:00   ;     0
24.03.2010 07:00:00   ;     0
25.03.2010 07:00:00   ;     0
26.03.2010 07:00:00   ;     0
27.03.2010 07:00:00   ;     0
28.03.2010 07:00:00   ;     0
29.03.2010 07:00:00   ;     0
30.03.2010 07:00:00   ;     0
31.03.2010 07:00:00   ;     0
01.04.2010 07:00:00   ;     0
02.04.2010 07:00:00   ;     0
03.04.2010 07:00:00   ;     0
04.04.2010 07:00:00   ;     0
05.04.2010 07:00:00   ;     0
06.04.2010 07:00:00   ;     0
07.04.2010 07:00:00   ;     0
08.04.2010 07:00:00   ;     0
09.04.2010 07:00:00   ;     0
10.04.2010 07:00:00   ;     0
11.04.2010 07:00:00   ;     0
12.04.2010 07:00:00   ;     0
13.04.2010 07:00:00   ;     0
14.04.2010 07:00:00   ;     0
15.04.2010 07:00:00   ;     0
16.04.2010 07:00:00   ;     0
17.04.2010 07:00:00   ;     0
18.04.2010 07:00:00   ;     0
19.04.2010 07:00:00   ;     0
20.04.2010 07:00:00   ;     0
21.04.2010 07:00:00   ;     0
22.04.2010 07:00:00   ;     0
23.04.2010 07:00:00   ;     0
24.04.2010 07:00:00   ;     0
25.04.2010 07:00:00   ;     0
26.04.2010 07:00:00   ;     0
27.04.2010 07:00:00   ;     0
28.04.2010 07:00:00   ;     0
29.04.2010 07:00:00   ;     0
30.04.2010 07:00:00   ;     0
01.05.2010 07:00:00   ;     0
02.05.2010 07:00:00   ;     0
03.05.2010 07:00:00   ;     0
04.05.2010 07:00:00   ;     0
05.05.2010 07:00:00   ;     0
06.05.2010 07:00:00   ;     0
07.05.2010 07:00:00   ;     0
08.05.2010 07:00:00   ;     0
09.05.2010 07:00:00   ;     0
10.05.2010 07:00:00   ;     0
11.05.2010 07:00:00   ;     0
12.05.2010 07:00:00   ;     0
13.05.2010 07:00:00   ;     0
14.05.2010 07:00:00   ;     0
15.05.2010 07:00:00   ;     0
16.05.2010 07:00:00   ;     0
17.05.2010 07:00:00   ;     0
18.05.2010 07:00:00   ;     0
19.05.2010 07:00:00   ;     0
20.05.2010 07:00:00   ;     0
21.05.2010 07:00:00   ;     0
22.05.2010 07:00:00   ;     0
23.05.2010 07:00:00   ;     0
24.05.2010 07:00:00   ;     0
25.05.2010 07:00:00   ;     0
26.05.2010 07:00:00   ;     0
27.05.2010 07:00:00   ;     0
28.05.2010 07:00:00   ;     0
29.05.2010 07:00:00   ;     0
30.05.2010 07:00:00   ;     0
31.05.2010 07:00:00   ;     0
01.06.2010 07:00:00   ;     0
02.06.2010 07:00:00   ;     0
03.06.2010 07:00:00   ;     0
04.06.2010 07:00:00   ;     0
05.06.2010 07:00:00   ;     0
06.06.2010 07:00:00   ;     0
07.06.2010 07:00:00   ;     0
08.06.2010 07:00:00   ;     0
09.06.2010 07:00:00   ;     0
10.06.2010 07:00:00   ;     0
11.06.2010 07:00:00   ;     0
12.06.2010 07:00:00   ;     0
13.06.2010 07:00:00   ;     0
14.06.2010 07:00:00   ;     0
15.06.2010 07:00:00   ;     0
16.06.2010 07:00:00   ;     0
17.06.2010 07:00:00   ;     0
18.06.2010 07:00:00   ;     0
19.06.2010 07:00:00   ;     0
20.06.2010 07:00:00   ;     0
21.06.2010 07:00:00   ;     0
22.06.2010 07:00:00   ;     0
23.06.2010 07:00:00   ;     0
24.06.2010 07:00:00   ;     0
25.06.2010 07:00:00   ;     0
26.06.2010 07:00:00   ;     0
27.06.2010 07:00:00   ;     0
28.06.2010 07:00:00   ;     0
29.06.2010 07:00:00   ;     0
30.06.2010 07:00:00   ;     0
01.07.2010 07:00:00   ;     0
02.07.2010 07:00:00   ;     0
03.07.2010 07:00:00   ;     0
04.07.2010 07:00:00   ;     0
05.07.2010 07:00:00   ;     0
06.07.2010 07:00:00   ;     0
07.07.2010 07:00:00   ;     0
08.07.2010 07:00:00   ;     0
09.07.2010 07:00:00   ;     0
10.07.2010 07:00:00   ;     0
11.07.2010 07:00:00   ;     0
12.07.2010 07:00:00   ;     0
13.07.2010 07:00:00   ;     0
14.07.2010 07:00:00   ;     0
15.07.2010 07:00:00   ;     0
16.07.2010 07:00:00   ;     0
17.07.2010 07:00:00   ;     0
18.07.2010 07:00:00   ;     0
19.07.2010 07:00:00   ;     0
20.07.2010 07:00:00   ;     0
21.07.2010 07:00:00   ;     0
22.07.2010 07:00:00   ;     0
23.07.2010 07:00:00   ;     0
24.07.2010 07:00:00   ;     0
25.07.2010 07:00:00   ;     0
26.07.2010 07:00:00   ;     0
27.07.2010 07:00:00   ;     0
28.07.2010 07:00:00   ;     0
29.07.2010 07:00:00   ;     0
30.07.2010 07:00:00   ;     0
31.07.2010 07:00:00   ;     0
01.08.2010 07:00:00   ;     0
02.08.2010 07:00:00   ;     0
03.08.2010 07:00:00   ;     0
04.08.2010 07:00:00   ;     0
05.08.2010 07:00:00   ;     0
06.08.2010 07:00:00   ;     0
07.08.2010 07:00:00   ;     0
08.08.2010 07:00:00   ;     0
09.08.2010 07:00:00   ;     0
10.08.2010 07:00:00   ;     0
11.08.2010 07:00:00   ;     0
12.08.2010 07:00:00   ;     0
13.08.2010 07:00:00   ;     0
14.08.2010 07:00:00   ;     0
15.08.2010 07:00:00   ;     0
16.08.2010 07:00:00   ;     0
17.08.2010 07:00:00   ;     0
18.08.2010 07:00:00   ;     0
19.08.2010 07:00:00   ;     0
20.08.2010 07:00:00   ;     0
21.08.2010 07:00:00   ;     0
22.08.2010 07:00:00   ;     0
23.08.2010 07:00:00   ;     0
24.08.2010 07:00:00   ;     0
25.08.2010 07:00:00   ;     0
26.08.2010 07:00:00   ;     0
27.08.2010 07:00:00   ;     0
28.08.2010 07:00:00   ;     0
29.08.2010 07:00:00   ;     0
30.08.2010 07:00:00   ;     0
31.08.2010 07:00:00   ;     0
01.09.2010 07:00:00   ;     0
02.09.2010 07:00:00   ;     0
03.09.2010 07:00:00   ;     0
04.09.2010 07:00:00   ;     0
05.09.2010 07:00:00   ;     0
06.09.2010 07:00:00   ;     0
07.09.2010 07:00:00   ;     0
08.09.2010 07:00:00   ;     0
09.09.2010 07:00:00   ;     0
10.09.2010 07:00:00   ;     0
11.09.2010 07:00:00   ;     0
12.09.2010 07:00:00   ;     0
13.09.2010 07:00:00   ;     0
14.09.2010 07:00:00   ;     0
15.09.2010 07:00:00   ;     0
16.09.2010 07:00:00   ;     0
17.09.2010 07:00:00   ;     0
18.09.2010 07:00:00   ;     0
19.09.2010 07:00:00   ;     0
20.09.2010 07:00:00   ;     0
21.09.2010 07:00:00   ;     0
22.09.2010 07:00:00   ;     0
23.09.2010 07:00:00   ;     0
24.09.2010 07:00:00   ;     0
25.09.2010 07:00:00   ;     0
26.09.2010 07:00:00   ;     0
27.09.2010 07:00:00   ;     0
28.09.2010 07:00:00   ;     0
29.09.2010 07:00:00   ;     0
30.09.2010 07:00:00   ;     0
01.10.2010 07:00:00   ;     0
02.10.2010 07:00:00   ;     0
03.10.2010 07:00:00   ;     0
04.10.2010 07:00:00   ;     0
05.10.2010 07:00:00   ;     0
06.10.2010 07:00:00   ;     0
07.10.2010 07:00:00   ;     0
08.10.2010 07:00:00   ;     0
09.10.2010 07:00:00   ;     0
10.10.2010 07:00:00   ;     0
11.10.2010 07:00:00   ;     0
12.10.2010 07:00:00   ;     0
13.10.2010 07:00:00   ;     0
14.10.2010 07:00:00   ;     0
15.10.2010 07:00:00   ;     0
16.10.2010 07:00:00   ;     0
17.10.2010 07:00:00   ;     0
18.10.2010 07:00:00   ;     0
19.10.2010 07:00:00   ;     0
20.10.2010 07:00:00   ;     0
21.10.2010 07:00:00   ;     0
22.10.2010 07:00:00   ;     0
23.10.2010 07:00:00   ;     0
24.10.2010 07:00:00   ;     3
25.10.2010 07:00:00   ;     3
26.10.2010 07:00:00   ;     0
27.10.2010 07:00:00   ;     0
28.10.2010 07:00:00   ;     0
29.10.2010 07:00:00   ;     0
30.10.2010 07:00:00   ;     0
31.10.2010 07:00:00   ;     0
01.11.2010 07:00:00   ;     0
02.11.2010 07:00:00   ;     0
03.11.2010 07:00:00   ;     0
04.11.2010 07:00:00   ;     0
05.11.2010 07:00:00   ;     0
06.11.2010 07:00:00   ;     0
07.11.2010 07:00:00   ;     0
08.11.2010 07:00:00   ;     0
09.11.2010 07:00:00   ;     0
10.11.2010 07:00:00   ;     0
11.11.2010 07:00:00   ;     0
12.11.2010 07:00:00   ;     0
13.11.2010 07:00:00   ;     0
14.11.2010 07:00:00   ;     0
15.11.2010 07:00:00   ;     0
16.11.2010 07:00:00   ;     0
17.11.2010 07:00:00   ;     0
18.11.2010 07:00:00   ;     0
19.11.2010 07:00:00   ;     0
20.11.2010 07:00:00   ;     0
21.11.2010 07:00:00   ;     0
22.11.2010 07:00:00   ;     0
23.11.2010 07:00:00   ;     0
24.11.2010 07:00:00   ;     1
25.11.2010 07:00:00   ;     0
26.11.2010 07:00:00   ;     3
27.11.2010 07:00:00   ;     0
28.11.2010 07:00:00   ;     5
29.11.2010 07:00:00   ;     1
30.11.2010 07:00:00   ;     1
01.12.2010 07:00:00   ;     7
02.12.2010 07:00:00   ;     3
03.12.2010 07:00:00   ;     0
04.12.2010 07:00:00   ;     0
05.12.2010 07:00:00   ;     0
06.12.2010 07:00:00   ;     0
07.12.2010 07:00:00   ;     0
08.12.2010 07:00:00   ;     0
09.12.2010 07:00:00   ;     6
10.12.2010 07:00:00   ;    29
11.12.2010 07:00:00   ;     4
12.12.2010 07:00:00   ;    19
13.12.2010 07:00:00   ;     2
14.12.2010 07:00:00   ;     2
15.12.2010 07:00:00   ;     2
16.12.2010 07:00:00   ;     1
17.12.2010 07:00:00   ;     4
18.12.2010 07:00:00   ;     0
19.12.2010 07:00:00   ;     0
20.12.2010 07:00:00   ;     0
21.12.2010 07:00:00   ;     0
22.12.2010 07:00:00   ;     0
23.12.2010 07:00:00   ;     0
24.12.2010 07:00:00   ;     1
25.12.2010 07:00:00   ;     3
26.12.2010 07:00:00   ;     0
27.12.2010 07:00:00   ;     0
28.12.2010 07:00:00   ;     2
29.12.2010 07:00:00   ;     1
30.12.2010 07:00:00   ;     0
31.12.2010 07:00:00   ;     0
01.01.2011 07:00:00   ;     0
02.01.2011 07:00:00   ;     1
03.01.2011 07:00:00   ;     0
04.01.2011 07:00:00   ;     0
05.01.2011 07:00:00   ;     0
06.01.2011 07:00:00   ;     0
07.01.2011 07:00:00   ;     0
08.01.2011 07:00:00   ;     0
09.01.2011 07:00:00   ;     0
10.01.2011 07:00:00   ;     0
11.01.2011 07:00:00   ;     0
12.01.2011 07:00:00   ;     0
13.01.2011 07:00:00   ;     0
14.01.2011 07:00:00   ;     0
15.01.2011 07:00:00   ;     0
16.01.2011 07:00:00   ;     0
17.01.2011 07:00:00   ;     0
18.01.2011 07:00:00   ;     0
19.01.2011 07:00:00   ;     3
20.01.2011 07:00:00   ;     3
21.01.2011 07:00:00   ;     3
22.01.2011 07:00:00   ;     0
23.01.2011 07:00:00   ;     3
24.01.2011 07:00:00   ;    17
25.01.2011 07:00:00   ;    20
26.01.2011 07:00:00   ;     1
27.01.2011 07:00:00   ;     0
28.01.2011 07:00:00   ;     0
29.01.2011 07:00:00   ;     0
30.01.2011 07:00:00   ;     0
31.01.2011 07:00:00   ;     0
01.02.2011 07:00:00   ;     0
02.02.2011 07:00:00   ;     0
03.02.2011 07:00:00   ;     0
04.02.2011 07:00:00   ;     0
05.02.2011 07:00:00   ;     0
06.02.2011 07:00:00   ;     0
07.02.2011 07:00:00   ;     0
08.02.2011 07:00:00   ;     0
09.02.2011 07:00:00   ;     0
10.02.2011 07:00:00   ;     0
11.02.2011 07:00:00   ;     0
12.02.2011 07:00:00   ;     0
13.02.2011 07:00:00   ;     0
14.02.2011 07:00:00   ;     0
15.02.2011 07:00:00   ;     0
16.02.2011 07:00:00   ;     0
17.02.2011 07:00:00   ;     0
18.02.2011 07:00:00   ;     0
19.02.2011 07:00:00   ;     0
20.02.2011 07:00:00   ;     6
21.02.2011 07:00:00   ;     4
22.02.2011 07:00:00   ;     1
23.02.2011 07:00:00   ;     0
24.02.2011 07:00:00   ;     0
25.02.2011 07:00:00   ;     0
26.02.2011 07:00:00   ;     0
27.02.2011 07:00:00   ;     0
28.02.2011 07:00:00   ;     0
01.03.2011 07:00:00   ;     0
02.03.2011 07:00:00   ;     0
03.03.2011 07:00:00   ;     0
04.03.2011 07:00:00   ;     0
05.03.2011 07:00:00   ;     0
06.03.2011 07:00:00   ;     0
07.03.2011 07:00:00   ;     0
08.03.2011 07:00:00   ;     0
09.03.2011 07:00:00   ;     0
10.03.2011 07:00:00   ;     0
11.03.2011 07:00:00   ;     0
12.03.2011 07:00:00   ;     0
13.03.2011 07:00:00   ;     0
14.03.2011 07:00:00   ;     0
15.03.2011 07:00:00   ;     0
16.03.2011 07:00:00   ;     0
17.03.2011 07:00:00   ;     0
18.03.2011 07:00:00   ;     0
19.03.2011 07:00:00   ;     0
20.03.2011 07:00:00   ;     0
21.03.2011 07:00:00   ;     0
22.03.2011 07:00:00   ;     0
23.03.2011 07:00:00   ;     0
24.03.2011 07:00:00   ;     0
25.03.2011 07:00:00   ;     0
26.03.2011 07:00:00   ;     0
27.03.2011 07:00:00   ;     0
28.03.2011 07:00:00   ;     0
29.03.2011 07:00:00   ;     0
30.03.2011 07:00:00   ;     0
31.03.2011 07:00:00   ;     0
01.04.2011 07:00:00   ;     0
02.04.2011 07:00:00   ;     0
03.04.2011 07:00:00   ;     0
04.04.2011 07:00:00   ;     0
05.04.2011 07:00:00   ;     0
06.04.2011 07:00:00   ;     0
07.04.2011 07:00:00   ;     0
08.04.2011 07:00:00   ;     0
09.04.2011 07:00:00   ;     0
10.04.2011 07:00:00   ;     0
11.04.2011 07:00:00   ;     0
12.04.2011 07:00:00   ;     0
13.04.2011 07:00:00   ;     0
14.04.2011 07:00:00   ;     0
15.04.2011 07:00:00   ;     0
16.04.2011 07:00:00   ;     0
17.04.2011 07:00:00   ;     0
18.04.2011 07:00:00   ;     0
19.04.2011 07:00:00   ;     0
20.04.2011 07:00:00   ;     0
21.04.2011 07:00:00   ;     0
22.04.2011 07:00:00   ;     0
23.04.2011 07:00:00   ;     0
24.04.2011 07:00:00   ;     0
25.04.2011 07:00:00   ;     0
26.04.2011 07:00:00   ;     0
27.04.2011 07:00:00   ;     0
28.04.2011 07:00:00   ;     0
29.04.2011 07:00:00   ;     0
30.04.2011 07:00:00   ;     0
01.05.2011 07:00:00   ;     0
02.05.2011 07:00:00   ;     0
03.05.2011 07:00:00   ;     0
04.05.2011 07:00:00   ;     0
05.05.2011 07:00:00   ;     0
06.05.2011 07:00:00   ;     0
07.05.2011 07:00:00   ;     0
08.05.2011 07:00:00   ;     0
09.05.2011 07:00:00   ;     0
10.05.2011 07:00:00   ;     0
11.05.2011 07:00:00   ;     0
12.05.2011 07:00:00   ;     0
13.05.2011 07:00:00   ;     0
14.05.2011 07:00:00   ;     0
15.05.2011 07:00:00   ;     0
16.05.2011 07:00:00   ;     0
17.05.2011 07:00:00   ;     0
18.05.2011 07:00:00   ;     0
19.05.2011 07:00:00   ;     0
20.05.2011 07:00:00   ;     0
21.05.2011 07:00:00   ;     0
22.05.2011 07:00:00   ;     0
23.05.2011 07:00:00   ;     0
24.05.2011 07:00:00   ;     0
25.05.2011 07:00:00   ;     0
26.05.2011 07:00:00   ;     0
27.05.2011 07:00:00   ;     0
28.05.2011 07:00:00   ;     0
29.05.2011 07:00:00   ;     0
30.05.2011 07:00:00   ;     0
31.05.2011 07:00:00   ;     0
01.06.2011 07:00:00   ;     0
02.06.2011 07:00:00   ;     0
03.06.2011 07:00:00   ;     0
04.06.2011 07:00:00   ;     0
05.06.2011 07:00:00   ;     0
06.06.2011 07:00:00   ;     0
07.06.2011 07:00:00   ;     0
08.06.2011 07:00:00   ;     0
09.06.2011 07:00:00   ;     0
10.06.2011 07:00:00   ;     0
11.06.2011 07:00:00   ;     0
12.06.2011 07:00:00   ;     0
13.06.2011 07:00:00   ;     0
14.06.2011 07:00:00   ;     0
15.06.2011 07:00:00   ;     0
16.06.2011 07:00:00   ;     0
17.06.2011 07:00:00   ;     0
18.06.2011 07:00:00   ;     0
19.06.2011 07:00:00   ;     0
20.06.2011 07:00:00   ;     0
21.06.2011 07:00:00   ;     0
22.06.2011 07:00:00   ;     0
23.06.2011 07:00:00   ;     0
24.06.2011 07:00:00   ;     0
25.06.2011 07:00:00   ;     0
26.06.2011 07:00:00   ;     0
27.06.2011 07:00:00   ;     0
28.06.2011 07:00:00   ;     0
29.06.2011 07:00:00   ;     0
30.06.2011 07:00:00   ;     0
01.07.2011 07:00:00   ;     0
02.07.2011 07:00:00   ;     0
03.07.2011 07:00:00   ;     0
04.07.2011 07:00:00   ;     0
05.07.2011 07:00:00   ;     0
06.07.2011 07:00:00   ;     0
07.07.2011 07:00:00   ;     0
08.07.2011 07:00:00   ;     0
09.07.2011 07:00:00   ;     0
10.07.2011 07:00:00   ;     0
11.07.2011 07:00:00   ;     0
12.07.2011 07:00:00   ;     0
13.07.2011 07:00:00   ;     0
14.07.2011 07:00:00   ;     0
15.07.2011 07:00:00   ;     0
16.07.2011 07:00:00   ;     0
17.07.2011 07:00:00   ;     0
18.07.2011 07:00:00   ;     0
19.07.2011 07:00:00   ;     0
20.07.2011 07:00:00   ;     0
21.07.2011 07:00:00   ;     0
22.07.2011 07:00:00   ;     0
23.07.2011 07:00:00   ;     0
24.07.2011 07:00:00   ;     0
25.07.2011 07:00:00   ;     0
26.07.2011 07:00:00   ;     0
27.07.2011 07:00:00   ;     0
28.07.2011 07:00:00   ;     0
29.07.2011 07:00:00   ;     0
30.07.2011 07:00:00   ;     0
31.07.2011 07:00:00   ;     0
01.08.2011 07:00:00   ;     0
02.08.2011 07:00:00   ;     0
03.08.2011 07:00:00   ;     0
04.08.2011 07:00:00   ;     0
05.08.2011 07:00:00   ;     0
06.08.2011 07:00:00   ;     0
07.08.2011 07:00:00   ;     0
08.08.2011 07:00:00   ;     0
09.08.2011 07:00:00   ;     0
10.08.2011 07:00:00   ;     0
11.08.2011 07:00:00   ;     0
12.08.2011 07:00:00   ;     0
13.08.2011 07:00:00   ;     0
14.08.2011 07:00:00   ;     0
15.08.2011 07:00:00   ;     0
16.08.2011 07:00:00   ;     0
17.08.2011 07:00:00   ;     0
18.08.2011 07:00:00   ;     0
19.08.2011 07:00:00   ;     0
20.08.2011 07:00:00   ;     0
21.08.2011 07:00:00   ;     0
22.08.2011 07:00:00   ;     0
23.08.2011 07:00:00   ;     0
24.08.2011 07:00:00   ;     0
25.08.2011 07:00:00   ;     0
26.08.2011 07:00:00   ;     0
27.08.2011 07:00:00   ;     0
28.08.2011 07:00:00   ;     0
29.08.2011 07:00:00   ;     0
30.08.2011 07:00:00   ;     0
31.08.2011 07:00:00   ;     0
01.09.2011 07:00:00   ;     0
02.09.2011 07:00:00   ;     0
03.09.2011 07:00:00   ;     0
04.09.2011 07:00:00   ;     0
05.09.2011 07:00:00   ;     0
06.09.2011 07:00:00   ;     0
07.09.2011 07:00:00   ;     0
08.09.2011 07:00:00   ;     0
09.09.2011 07:00:00   ;     0
10.09.2011 07:00:00   ;     0
11.09.2011 07:00:00   ;     0
12.09.2011 07:00:00   ;     0
13.09.2011 07:00:00   ;     0
14.09.2011 07:00:00   ;     0
15.09.2011 07:00:00   ;     0
16.09.2011 07:00:00   ;     0
17.09.2011 07:00:00   ;     0
18.09.2011 07:00:00   ;     0
19.09.2011 07:00:00   ;     0
20.09.2011 07:00:00   ;     0
21.09.2011 07:00:00   ;     0
22.09.2011 07:00:00   ;     0
23.09.2011 07:00:00   ;     0
24.09.2011 07:00:00   ;     0
25.09.2011 07:00:00   ;     0
26.09.2011 07:00:00   ;     0
27.09.2011 07:00:00   ;     0
28.09.2011 07:00:00   ;     0
29.09.2011 07:00:00   ;     0
30.09.2011 07:00:00   ;     0
01.10.2011 07:00:00   ;     0
02.10.2011 07:00:00   ;     0
03.10.2011 07:00:00   ;     0
04.10.2011 07:00:00   ;     0
05.10.2011 07:00:00   ;     0
06.10.2011 07:00:00   ;     0
07.10.2011 07:00:00   ;     0
08.10.2011 07:00:00   ;     0
09.10.2011 07:00:00   ;     0
10.10.2011 07:00:00   ;     0
11.10.2011 07:00:00   ;     0
12.10.2011 07:00:00   ;     0
13.10.2011 07:00:00   ;     0
14.10.2011 07:00:00   ;     0
15.10.2011 07:00:00   ;     0
16.10.2011 07:00:00   ;     0
17.10.2011 07:00:00   ;     0
18.10.2011 07:00:00   ;     0
19.10.2011 07:00:00   ;     0
20.10.2011 07:00:00   ;     0
21.10.2011 07:00:00   ;     0
22.10.2011 07:00:00   ;     0
23.10.2011 07:00:00   ;     0
24.10.2011 07:00:00   ;     0
25.10.2011 07:00:00   ;     0
26.10.2011 07:00:00   ;     0
27.10.2011 07:00:00   ;     0
28.10.2011 07:00:00   ;     0
29.10.2011 07:00:00   ;     0
30.10.2011 07:00:00   ;     0
31.10.2011 07:00:00   ;     0
01.11.2011 07:00:00   ;     0
02.11.2011 07:00:00   ;     0
03.11.2011 07:00:00   ;     0
04.11.2011 07:00:00   ;     0
05.11.2011 07:00:00   ;     0
06.11.2011 07:00:00   ;     0
07.11.2011 07:00:00   ;     0
08.11.2011 07:00:00   ;     0
09.11.2011 07:00:00   ;     0
10.11.2011 07:00:00   ;     0
11.11.2011 07:00:00   ;     0
12.11.2011 07:00:00   ;     0
13.11.2011 07:00:00   ;     0
14.11.2011 07:00:00   ;     0
15.11.2011 07:00:00   ;     0
16.11.2011 07:00:00   ;     0
17.11.2011 07:00:00   ;     0
18.11.2011 07:00:00   ;     0
19.11.2011 07:00:00   ;     0
20.11.2011 07:00:00   ;     0
21.11.2011 07:00:00   ;     0
22.11.2011 07:00:00   ;     0
23.11.2011 07:00:00   ;     0
24.11.2011 07:00:00   ;     0
25.11.2011 07:00:00   ;     0
26.11.2011 07:00:00   ;     0
27.11.2011 07:00:00   ;     0
28.11.2011 07:00:00   ;     0
29.11.2011 07:00:00   ;     0
30.11.2011 07:00:00   ;     0
01.12.2011 07:00:00   ;     0
02.12.2011 07:00:00   ;     0
03.12.2011 07:00:00   ;     0
04.12.2011 07:00:00   ;     0
05.12.2011 07:00:00   ;     0
06.12.2011 07:00:00   ;     2
07.12.2011 07:00:00   ;     0
08.12.2011 07:00:00   ;     0
09.12.2011 07:00:00   ;     0
10.12.2011 07:00:00   ;     0
11.12.2011 07:00:00   ;     0
12.12.2011 07:00:00   ;     0
13.12.2011 07:00:00   ;     0
14.12.2011 07:00:00   ;     0
15.12.2011 07:00:00   ;     0
16.12.2011 07:00:00   ;     2
17.12.2011 07:00:00   ;     5
18.12.2011 07:00:00   ;     2
19.12.2011 07:00:00   ;     1
20.12.2011 07:00:00   ;    10
21.12.2011 07:00:00   ;    18
22.12.2011 07:00:00   ;     5
23.12.2011 07:00:00   ;     0
24.12.2011 07:00:00   ;     4
25.12.2011 07:00:00   ;     0
26.12.2011 07:00:00   ;     0
27.12.2011 07:00:00   ;     0
28.12.2011 07:00:00   ;     0
29.12.2011 07:00:00   ;     4
30.12.2011 07:00:00   ;    19
31.12.2011 07:00:00   ;    10
01.01.2012 07:00:00   ;     0
02.01.2012 07:00:00   ;     0
03.01.2012 07:00:00   ;     0
04.01.2012 07:00:00   ;     0
05.01.2012 07:00:00   ;    10
06.01.2012 07:00:00   ;    12
07.01.2012 07:00:00   ;     6
08.01.2012 07:00:00   ;    12
09.01.2012 07:00:00   ;     0
10.01.2012 07:00:00   ;     0
11.01.2012 07:00:00   ;     0
12.01.2012 07:00:00   ;     1
13.01.2012 07:00:00   ;     5
14.01.2012 07:00:00   ;     1
15.01.2012 07:00:00   ;     0
16.01.2012 07:00:00   ;     0
17.01.2012 07:00:00   ;     0
18.01.2012 07:00:00   ;     0
19.01.2012 07:00:00   ;     0
20.01.2012 07:00:00   ;    37
21.01.2012 07:00:00   ;    15
22.01.2012 07:00:00   ;     0
23.01.2012 07:00:00   ;     4
24.01.2012 07:00:00   ;    14
25.01.2012 07:00:00   ;     0
26.01.2012 07:00:00   ;     0
27.01.2012 07:00:00   ;     0
28.01.2012 07:00:00   ;     0
29.01.2012 07:00:00   ;     0
30.01.2012 07:00:00   ;     0
31.01.2012 07:00:00   ;     0
01.02.2012 07:00:00   ;     4
02.02.2012 07:00:00   ;     3
03.02.2012 07:00:00   ;     0
04.02.2012 07:00:00   ;     4
05.02.2012 07:00:00   ;     0
06.02.2012 07:00:00   ;     7
07.02.2012 07:00:00   ;     3
08.02.2012 07:00:00   ;     0
09.02.2012 07:00:00   ;     5
10.02.2012 07:00:00   ;     0
11.02.2012 07:00:00   ;     0
12.02.2012 07:00:00   ;     0
13.02.2012 07:00:00   ;     3
14.02.2012 07:00:00   ;     5
15.02.2012 07:00:00   ;    32
16.02.2012 07:00:00   ;     0
17.02.2012 07:00:00   ;     1
18.02.2012 07:00:00   ;     0
19.02.2012 07:00:00   ;     1
20.02.2012 07:00:00   ;     1
21.02.2012 07:00:00   ;     0
22.02.2012 07:00:00   ;     0
23.02.2012 07:00:00   ;     0
24.02.2012 07:00:00   ;     0
25.02.2012 07:00:00   ;     0
26.02.2012 07:00:00   ;     2
27.02.2012 07:00:00   ;     0
28.02.2012 07:00:00   ;     0
29.02.2012 07:00:00   ;     0
01.03.2012 07:00:00   ;     0
02.03.2012 07:00:00   ;     0
03.03.2012 07:00:00   ;     0
04.03.2012 07:00:00   ;     0
05.03.2012 07:00:00   ;     0
06.03.2012 07:00:00   ;     0
07.03.2012 07:00:00   ;     0
08.03.2012 07:00:00   ;     0
09.03.2012 07:00:00   ;     0
10.03.2012 07:00:00   ;     0
11.03.2012 07:00:00   ;     0
12.03.2012 07:00:00   ;     0
13.03.2012 07:00:00   ;     0
14.03.2012 07:00:00   ;     0
15.03.2012 07:00:00   ;     0
16.03.2012 07:00:00   ;     0
17.03.2012 07:00:00   ;     0
18.03.2012 07:00:00   ;     0
19.03.2012 07:00:00   ;     0
20.03.2012 07:00:00   ;     0
21.03.2012 07:00:00   ;     0
22.03.2012 07:00:00   ;     0
23.03.2012 07:00:00   ;     0
24.03.2012 07:00:00   ;     0
25.03.2012 07:00:00   ;     0
26.03.2012 07:00:00   ;     0
27.03.2012 07:00:00   ;     0
28.03.2012 07:00:00   ;     0
29.03.2012 07:00:00   ;     0
30.03.2012 07:00:00   ;     0
31.03.2012 07:00:00   ;     0
01.04.2012 07:00:00   ;     0
02.04.2012 07:00:00   ;     0
03.04.2012 07:00:00   ;     0
04.04.2012 07:00:00   ;     0
05.04.2012 07:00:00   ;     0
06.04.2012 07:00:00   ;     0
07.04.2012 07:00:00   ;     0
08.04.2012 07:00:00   ;     0
09.04.2012 07:00:00   ;     0
10.04.2012 07:00:00   ;     0
11.04.2012 07:00:00   ;     0
12.04.2012 07:00:00   ;     0
13.04.2012 07:00:00   ;     0
14.04.2012 07:00:00   ;     0
15.04.2012 07:00:00   ;     0
16.04.2012 07:00:00   ;     0
17.04.2012 07:00:00   ;     0
18.04.2012 07:00:00   ;     0
19.04.2012 07:00:00   ;     0
20.04.2012 07:00:00   ;     0
21.04.2012 07:00:00   ;     0
22.04.2012 07:00:00   ;     0
23.04.2012 07:00:00   ;     0
24.04.2012 07:00:00   ;     0
25.04.2012 07:00:00   ;     0
26.04.2012 07:00:00   ;     0
27.04.2012 07:00:00   ;     0
28.04.2012 07:00:00   ;     0
29.04.2012 07:00:00   ;     0
30.04.2012 07:00:00   ;     0
01.05.2012 07:00:00   ;     0
02.05.2012 07:00:00   ;     0
03.05.2012 07:00:00   ;     0
04.05.2012 07:00:00   ;     0
05.05.2012 07:00:00   ;     0
06.05.2012 07:00:00   ;     0
07.05.2012 07:00:00   ;     0
08.05.2012 07:00:00   ;     0
09.05.2012 07:00:00   ;     0
10.05.2012 07:00:00   ;     0
11.05.2012 07:00:00   ;     0
12.05.2012 07:00:00   ;     0
13.05.2012 07:00:00   ;     0
14.05.2012 07:00:00   ;     0
15.05.2012 07:00:00   ;     0
16.05.2012 07:00:00   ;     0
17.05.2012 07:00:00   ;     0
18.05.2012 07:00:00   ;     0
19.05.2012 07:00:00   ;     0
20.05.2012 07:00:00   ;     0
21.05.2012 07:00:00   ;     0
22.05.2012 07:00:00   ;     0
23.05.2012 07:00:00   ;     0
24.05.2012 07:00:00   ;     0
25.05.2012 07:00:00   ;     0
26.05.2012 07:00:00   ;     0
27.05.2012 07:00:00   ;     0
28.05.2012 07:00:00   ;     0
29.05.2012 07:00:00   ;     0
30.05.2012 07:00:00   ;     0
31.05.2012 07:00:00   ;     0
01.06.2012 07:00:00   ;     0
02.06.2012 07:00:00   ;     0
03.06.2012 07:00:00   ;     0
04.06.2012 07:00:00   ;     0
05.06.2012 07:00:00   ;     0
06.06.2012 07:00:00   ;     0
07.06.2012 07:00:00   ;     0
08.06.2012 07:00:00   ;     0
09.06.2012 07:00:00   ;     0
10.06.2012 07:00:00   ;     0
11.06.2012 07:00:00   ;     0
12.06.2012 07:00:00   ;     0
13.06.2012 07:00:00   ;     0
14.06.2012 07:00:00   ;     0
15.06.2012 07:00:00   ;     0
16.06.2012 07:00:00   ;     0
17.06.2012 07:00:00   ;     0
18.06.2012 07:00:00   ;     0
19.06.2012 07:00:00   ;     0
20.06.2012 07:00:00   ;     0
21.06.2012 07:00:00   ;     0
22.06.2012 07:00:00   ;     0
23.06.2012 07:00:00   ;     0
24.06.2012 07:00:00   ;     0
25.06.2012 07:00:00   ;     0
26.06.2012 07:00:00   ;     0
27.06.2012 07:00:00   ;     0
28.06.2012 07:00:00   ;     0
29.06.2012 07:00:00   ;     0
30.06.2012 07:00:00   ;     0
01.07.2012 07:00:00   ;     0
02.07.2012 07:00:00   ;     0
03.07.2012 07:00:00   ;     0
04.07.2012 07:00:00   ;     0
05.07.2012 07:00:00   ;     0
06.07.2012 07:00:00   ;     0
07.07.2012 07:00:00   ;     0
08.07.2012 07:00:00   ;     0
09.07.2012 07:00:00   ;     0
10.07.2012 07:00:00   ;     0
11.07.2012 07:00:00   ;     0
12.07.2012 07:00:00   ;     0
13.07.2012 07:00:00   ;     0
14.07.2012 07:00:00   ;     0
15.07.2012 07:00:00   ;     0
16.07.2012 07:00:00   ;     0
17.07.2012 07:00:00   ;     0
18.07.2012 07:00:00   ;     0
19.07.2012 07:00:00   ;     0
20.07.2012 07:00:00   ;     0
21.07.2012 07:00:00   ;     0
22.07.2012 07:00:00   ;     0
23.07.2012 07:00:00   ;     0
24.07.2012 07:00:00   ;     0
25.07.2012 07:00:00   ;     0
26.07.2012 07:00:00   ;     0
27.07.2012 07:00:00   ;     0
28.07.2012 07:00:00   ;     0
29.07.2012 07:00:00   ;     0
30.07.2012 07:00:00   ;     0
31.07.2012 07:00:00   ;     0
01.08.2012 07:00:00   ;     0
02.08.2012 07:00:00   ;     0
03.08.2012 07:00:00   ;     0
04.08.2012 07:00:00   ;     0
05.08.2012 07:00:00   ;     0
06.08.2012 07:00:00   ;     0
07.08.2012 07:00:00   ;     0
08.08.2012 07:00:00   ;     0
09.08.2012 07:00:00   ;     0
10.08.2012 07:00:00   ;     0
11.08.2012 07:00:00   ;     0
12.08.2012 07:00:00   ;     0
13.08.2012 07:00:00   ;     0
14.08.2012 07:00:00   ;     0
15.08.2012 07:00:00   ;     0
16.08.2012 07:00:00   ;     0
17.08.2012 07:00:00   ;     0
18.08.2012 07:00:00   ;     0
19.08.2012 07:00:00   ;     0
20.08.2012 07:00:00   ;     0
21.08.2012 07:00:00   ;     0
22.08.2012 07:00:00   ;     0
23.08.2012 07:00:00   ;     0
24.08.2012 07:00:00   ;     0
25.08.2012 07:00:00   ;     0
26.08.2012 07:00:00   ;     0
27.08.2012 07:00:00   ;     0
28.08.2012 07:00:00   ;     0
29.08.2012 07:00:00   ;     0
30.08.2012 07:00:00   ;     0
31.08.2012 07:00:00   ;     0
01.09.2012 07:00:00   ;     0
02.09.2012 07:00:00   ;     0
03.09.2012 07:00:00   ;     0
04.09.2012 07:00:00   ;     0
05.09.2012 07:00:00   ;     0
06.09.2012 07:00:00   ;     0
07.09.2012 07:00:00   ;     0
08.09.2012 07:00:00   ;     0
09.09.2012 07:00:00   ;     0
10.09.2012 07:00:00   ;     0
11.09.2012 07:00:00   ;     0
12.09.2012 07:00:00   ;     0
13.09.2012 07:00:00   ;     0
14.09.2012 07:00:00   ;     0
15.09.2012 07:00:00   ;     0
16.09.2012 07:00:00   ;     0
17.09.2012 07:00:00   ;     0
18.09.2012 07:00:00   ;     0
19.09.2012 07:00:00   ;     0
20.09.2012 07:00:00   ;     0
21.09.2012 07:00:00   ;     0
22.09.2012 07:00:00   ;     0
23.09.2012 07:00:00   ;     0
24.09.2012 07:00:00   ;     0
25.09.2012 07:00:00   ;     0
26.09.2012 07:00:00   ;     0
27.09.2012 07:00:00   ;     0
28.09.2012 07:00:00   ;     0
29.09.2012 07:00:00   ;     0
30.09.2012 07:00:00   ;     0
01.10.2012 07:00:00   ;     0
02.10.2012 07:00:00   ;     0
03.10.2012 07:00:00   ;     0
04.10.2012 07:00:00   ;     0
05.10.2012 07:00:00   ;     0
06.10.2012 07:00:00   ;     0
07.10.2012 07:00:00   ;     0
08.10.2012 07:00:00   ;     0
09.10.2012 07:00:00   ;     0
10.10.2012 07:00:00   ;     0
11.10.2012 07:00:00   ;     0
12.10.2012 07:00:00   ;     0
13.10.2012 07:00:00   ;     0
14.10.2012 07:00:00   ;     0
15.10.2012 07:00:00   ;     0
16.10.2012 07:00:00   ;     0
17.10.2012 07:00:00   ;     0
18.10.2012 07:00:00   ;     0
19.10.2012 07:00:00   ;     0
20.10.2012 07:00:00   ;     0
21.10.2012 07:00:00   ;     0
22.10.2012 07:00:00   ;     0
23.10.2012 07:00:00   ;     0
24.10.2012 07:00:00   ;     0
25.10.2012 07:00:00   ;     0
26.10.2012 07:00:00   ;     0
27.10.2012 07:00:00   ;     3
28.10.2012 07:00:00   ;     6
29.10.2012 07:00:00   ;     0
30.10.2012 07:00:00   ;     0
31.10.2012 07:00:00   ;     0
01.11.2012 07:00:00   ;     0
02.11.2012 07:00:00   ;     0
03.11.2012 07:00:00   ;     0
04.11.2012 07:00:00   ;     0
05.11.2012 07:00:00   ;     0
06.11.2012 07:00:00   ;     0
07.11.2012 07:00:00   ;     0
08.11.2012 07:00:00   ;     0
09.11.2012 07:00:00   ;     0
10.11.2012 07:00:00   ;     0
11.11.2012 07:00:00   ;     0
12.11.2012 07:00:00   ;     0
13.11.2012 07:00:00   ;     0
14.11.2012 07:00:00   ;     0
15.11.2012 07:00:00   ;     0
16.11.2012 07:00:00   ;     0
17.11.2012 07:00:00   ;     0
18.11.2012 07:00:00   ;     0
19.11.2012 07:00:00   ;     0
20.11.2012 07:00:00   ;     0
21.11.2012 07:00:00   ;     0
22.11.2012 07:00:00   ;     0
23.11.2012 07:00:00   ;     0
24.11.2012 07:00:00   ;     0
25.11.2012 07:00:00   ;     0
26.11.2012 07:00:00   ;     0
27.11.2012 07:00:00   ;     0
28.11.2012 07:00:00   ;     0
29.11.2012 07:00:00   ;     0
30.11.2012 07:00:00   ;     0
01.12.2012 07:00:00   ;     0
02.12.2012 07:00:00   ;     4
03.12.2012 07:00:00   ;     5
04.12.2012 07:00:00   ;     7
05.12.2012 07:00:00   ;     2
06.12.2012 07:00:00   ;     3
07.12.2012 07:00:00   ;     3
08.12.2012 07:00:00   ;     2
09.12.2012 07:00:00   ;    25
10.12.2012 07:00:00   ;    12
11.12.2012 07:00:00   ;     2
12.12.2012 07:00:00   ;     0
13.12.2012 07:00:00   ;     0
14.12.2012 07:00:00   ;     0
15.12.2012 07:00:00   ;     0
16.12.2012 07:00:00   ;     0
17.12.2012 07:00:00   ;     0
18.12.2012 07:00:00   ;     0
19.12.2012 07:00:00   ;     0
20.12.2012 07:00:00   ;     7
21.12.2012 07:00:00   ;     1
22.12.2012 07:00:00   ;     1
23.12.2012 07:00:00   ;     0
24.12.2012 07:00:00   ;     0
25.12.2012 07:00:00   ;     0
26.12.2012 07:00:00   ;     0
27.12.2012 07:00:00   ;     0
28.12.2012 07:00:00   ;     1
29.12.2012 07:00:00   ;     0
30.12.2012 07:00:00   ;     0
31.12.2012 07:00:00   ;     0
01.01.2013 07:00:00   ;     1
02.01.2013 07:00:00   ;     2
03.01.2013 07:00:00   ;     0
04.01.2013 07:00:00   ;     0
05.01.2013 07:00:00   ;     0
06.01.2013 07:00:00   ;     0
07.01.2013 07:00:00   ;     0
08.01.2013 07:00:00   ;     0
09.01.2013 07:00:00   ;     0
10.01.2013 07:00:00   ;     1
11.01.2013 07:00:00   ;     4
12.01.2013 07:00:00   ;     0
13.01.2013 07:00:00   ;     2
14.01.2013 07:00:00   ;     5
15.01.2013 07:00:00   ;     3
16.01.2013 07:00:00   ;     4
17.01.2013 07:00:00   ;     2
18.01.2013 07:00:00   ;     0
19.01.2013 07:00:00   ;     0
20.01.2013 07:00:00   ;     0
21.01.2013 07:00:00   ;     4
22.01.2013 07:00:00   ;     0
23.01.2013 07:00:00   ;     0
24.01.2013 07:00:00   ;     1
25.01.2013 07:00:00   ;     0
26.01.2013 07:00:00   ;     0
27.01.2013 07:00:00   ;     2
28.01.2013 07:00:00   ;     4
29.01.2013 07:00:00   ;     0
30.01.2013 07:00:00   ;     0
31.01.2013 07:00:00   ;     0
01.02.2013 07:00:00   ;     5
02.02.2013 07:00:00   ;    14
03.02.2013 07:00:00   ;    12
04.02.2013 07:00:00   ;     2
05.02.2013 07:00:00   ;     6
06.02.2013 07:00:00   ;     7
07.02.2013 07:00:00   ;     3
08.02.2013 07:00:00   ;     5
09.02.2013 07:00:00   ;     4
10.02.2013 07:00:00   ;     0
11.02.2013 07:00:00   ;     0
12.02.2013 07:00:00   ;     0
13.02.2013 07:00:00   ;     0
14.02.2013 07:00:00   ;     0
15.02.2013 07:00:00   ;     4
16.02.2013 07:00:00   ;     0
17.02.2013 07:00:00   ;     0
18.02.2013 07:00:00   ;     0
19.02.2013 07:00:00   ;     6
20.02.2013 07:00:00   ;     1
21.02.2013 07:00:00   ;     2
22.02.2013 07:00:00   ;     0
23.02.2013 07:00:00   ;     1
24.02.2013 07:00:00   ;     0
25.02.2013 07:00:00   ;     0
26.02.2013 07:00:00   ;     1
27.02.2013 07:00:00   ;     0
28.02.2013 07:00:00   ;     0
01.03.2013 07:00:00   ;     0
02.03.2013 07:00:00   ;     0
03.03.2013 07:00:00   ;     0
04.03.2013 07:00:00   ;     0
05.03.2013 07:00:00   ;     0
06.03.2013 07:00:00   ;     0
07.03.2013 07:00:00   ;     0
08.03.2013 07:00:00   ;     0
09.03.2013 07:00:00   ;     0
10.03.2013 07:00:00   ;     0
11.03.2013 07:00:00   ;     0
12.03.2013 07:00:00   ;     0
13.03.2013 07:00:00   ;     1
14.03.2013 07:00:00   ;     4
15.03.2013 07:00:00   ;     2
16.03.2013 07:00:00   ;     0
17.03.2013 07:00:00   ;     0
18.03.2013 07:00:00   ;     0
19.03.2013 07:00:00   ;     0
20.03.2013 07:00:00   ;     0
21.03.2013 07:00:00   ;     0
22.03.2013 07:00:00   ;     0
23.03.2013 07:00:00   ;     0
24.03.2013 07:00:00   ;     0
25.03.2013 07:00:00   ;     3
26.03.2013 07:00:00   ;     2
27.03.2013 07:00:00   ;     0
28.03.2013 07:00:00   ;     0
29.03.2013 07:00:00   ;     0
30.03.2013 07:00:00   ;     2
31.03.2013 07:00:00   ;     1
01.04.2013 07:00:00   ;     0
02.04.2013 07:00:00   ;     0
03.04.2013 07:00:00   ;     0
04.04.2013 07:00:00   ;     0
05.04.2013 07:00:00   ;     0
06.04.2013 07:00:00   ;     0
07.04.2013 07:00:00   ;     0
08.04.2013 07:00:00   ;     0
09.04.2013 07:00:00   ;     0
10.04.2013 07:00:00   ;     0
11.04.2013 07:00:00   ;     0
12.04.2013 07:00:00   ;     0
13.04.2013 07:00:00   ;     0
14.04.2013 07:00:00   ;     0
15.04.2013 07:00:00   ;     0
16.04.2013 07:00:00   ;     0
17.04.2013 07:00:00   ;     0
18.04.2013 07:00:00   ;     0
19.04.2013 07:00:00   ;     0
20.04.2013 07:00:00   ;     0
21.04.2013 07:00:00   ;     0
22.04.2013 07:00:00   ;     0
23.04.2013 07:00:00   ;     0
24.04.2013 07:00:00   ;     0
25.04.2013 07:00:00   ;     0
26.04.2013 07:00:00   ;     0
27.04.2013 07:00:00   ;     0
28.04.2013 07:00:00   ;     0
29.04.2013 07:00:00   ;     0
30.04.2013 07:00:00   ;     0
01.05.2013 07:00:00   ;     0
02.05.2013 07:00:00   ;     0
03.05.2013 07:00:00   ;     0
04.05.2013 07:00:00   ;     0
05.05.2013 07:00:00   ;     0
06.05.2013 07:00:00   ;     0
07.05.2013 07:00:00   ;     0
08.05.2013 07:00:00   ;     0
09.05.2013 07:00:00   ;     0
10.05.2013 07:00:00   ;     0
11.05.2013 07:00:00   ;     0
12.05.2013 07:00:00   ;     0
13.05.2013 07:00:00   ;     0
14.05.2013 07:00:00   ;     0
15.05.2013 07:00:00   ;     0
16.05.2013 07:00:00   ;     0
17.05.2013 07:00:00   ;     0
18.05.2013 07:00:00   ;     0
19.05.2013 07:00:00   ;     0
20.05.2013 07:00:00   ;     0
21.05.2013 07:00:00   ;     0
22.05.2013 07:00:00   ;     0
23.05.2013 07:00:00   ;     0
24.05.2013 07:00:00   ;     0
25.05.2013 07:00:00   ;     0
26.05.2013 07:00:00   ;     0
27.05.2013 07:00:00   ;     0
28.05.2013 07:00:00   ;     0
29.05.2013 07:00:00   ;     0
30.05.2013 07:00:00   ;     0
31.05.2013 07:00:00   ;     0
01.06.2013 07:00:00   ;     0
02.06.2013 07:00:00   ;     0
03.06.2013 07:00:00   ;     0
04.06.2013 07:00:00   ;     0
05.06.2013 07:00:00   ;     0
06.06.2013 07:00:00   ;     0
07.06.2013 07:00:00   ;     0
08.06.2013 07:00:00   ;     0
09.06.2013 07:00:00   ;     0
10.06.2013 07:00:00   ;     0
11.06.2013 07:00:00   ;     0
12.06.2013 07:00:00   ;     0
13.06.2013 07:00:00   ;     0
14.06.2013 07:00:00   ;     0
15.06.2013 07:00:00   ;     0
16.06.2013 07:00:00   ;     0
17.06.2013 07:00:00   ;     0
18.06.2013 07:00:00   ;     0
19.06.2013 07:00:00   ;     0
20.06.2013 07:00:00   ;     0
21.06.2013 07:00:00   ;     0
22.06.2013 07:00:00   ;     0
23.06.2013 07:00:00   ;     0
24.06.2013 07:00:00   ;     0
25.06.2013 07:00:00   ;     0
26.06.2013 07:00:00   ;     0
27.06.2013 07:00:00   ;     0
28.06.2013 07:00:00   ;     0
29.06.2013 07:00:00   ;     0
30.06.2013 07:00:00   ;     0
01.07.2013 07:00:00   ;     0
02.07.2013 07:00:00   ;     0
03.07.2013 07:00:00   ;     0
04.07.2013 07:00:00   ;     0
05.07.2013 07:00:00   ;     0
06.07.2013 07:00:00   ;     0
07.07.2013 07:00:00   ;     0
08.07.2013 07:00:00   ;     0
09.07.2013 07:00:00   ;     0
10.07.2013 07:00:00   ;     0
11.07.2013 07:00:00   ;     0
12.07.2013 07:00:00   ;     0
13.07.2013 07:00:00   ;     0
14.07.2013 07:00:00   ;     0
15.07.2013 07:00:00   ;     0
16.07.2013 07:00:00   ;     0
17.07.2013 07:00:00   ;     0
18.07.2013 07:00:00   ;     0
19.07.2013 07:00:00   ;     0
20.07.2013 07:00:00   ;     0
21.07.2013 07:00:00   ;     0
22.07.2013 07:00:00   ;     0
23.07.2013 07:00:00   ;     0
24.07.2013 07:00:00   ;     0
25.07.2013 07:00:00   ;     0
26.07.2013 07:00:00   ;     0
27.07.2013 07:00:00   ;     0
28.07.2013 07:00:00   ;     0
29.07.2013 07:00:00   ;     0
30.07.2013 07:00:00   ;     0
31.07.2013 07:00:00   ;     0
01.08.2013 07:00:00   ;     0
02.08.2013 07:00:00   ;     0
03.08.2013 07:00:00   ;     0
04.08.2013 07:00:00   ;     0
05.08.2013 07:00:00   ;     0
06.08.2013 07:00:00   ;     0
07.08.2013 07:00:00   ;     0
08.08.2013 07:00:00   ;     0
09.08.2013 07:00:00   ;     0
10.08.2013 07:00:00   ;     0
11.08.2013 07:00:00   ;     0
12.08.2013 07:00:00   ;     0
13.08.2013 07:00:00   ;     0
14.08.2013 07:00:00   ;     0
15.08.2013 07:00:00   ;     0
16.08.2013 07:00:00   ;     0
17.08.2013 07:00:00   ;     0
18.08.2013 07:00:00   ;     0
19.08.2013 07:00:00   ;     0
20.08.2013 07:00:00   ;     0
21.08.2013 07:00:00   ;     0
22.08.2013 07:00:00   ;     0
23.08.2013 07:00:00   ;     0
24.08.2013 07:00:00   ;     0
25.08.2013 07:00:00   ;     0
26.08.2013 07:00:00   ;     0
27.08.2013 07:00:00   ;     0
28.08.2013 07:00:00   ;     0
29.08.2013 07:00:00   ;     0
30.08.2013 07:00:00   ;     0
31.08.2013 07:00:00   ;     0
01.09.2013 07:00:00   ;     0
02.09.2013 07:00:00   ;     0
03.09.2013 07:00:00   ;     0
04.09.2013 07:00:00   ;     0
05.09.2013 07:00:00   ;     0
06.09.2013 07:00:00   ;     0
07.09.2013 07:00:00   ;     0
08.09.2013 07:00:00   ;     0
09.09.2013 07:00:00   ;     0
10.09.2013 07:00:00   ;     0
11.09.2013 07:00:00   ;     0
12.09.2013 07:00:00   ;     0
13.09.2013 07:00:00   ;     0
14.09.2013 07:00:00   ;     0
15.09.2013 07:00:00   ;     0
16.09.2013 07:00:00   ;     0
17.09.2013 07:00:00   ;     0
18.09.2013 07:00:00   ;     0
19.09.2013 07:00:00   ;     0
20.09.2013 07:00:00   ;     0
21.09.2013 07:00:00   ;     0
22.09.2013 07:00:00   ;     0
23.09.2013 07:00:00   ;     0
24.09.2013 07:00:00   ;     0
25.09.2013 07:00:00   ;     0
26.09.2013 07:00:00   ;     0
27.09.2013 07:00:00   ;     0
28.09.2013 07:00:00   ;     0
29.09.2013 07:00:00   ;     0
30.09.2013 07:00:00   ;     0
01.10.2013 07:00:00   ;     0
02.10.2013 07:00:00   ;     0
03.10.2013 07:00:00   ;     0
04.10.2013 07:00:00   ;     0
05.10.2013 07:00:00   ;     0
06.10.2013 07:00:00   ;     0
07.10.2013 07:00:00   ;     0
08.10.2013 07:00:00   ;     0
09.10.2013 07:00:00   ;     0
10.10.2013 07:00:00   ;     1
11.10.2013 07:00:00   ;     0
12.10.2013 07:00:00   ;     0
13.10.2013 07:00:00   ;     0
14.10.2013 07:00:00   ;     0
15.10.2013 07:00:00   ;     0
16.10.2013 07:00:00   ;     0
17.10.2013 07:00:00   ;     0
18.10.2013 07:00:00   ;     0
19.10.2013 07:00:00   ;     0
20.10.2013 07:00:00   ;     0
21.10.2013 07:00:00   ;     0
22.10.2013 07:00:00   ;     0
23.10.2013 07:00:00   ;     0
24.10.2013 07:00:00   ;     0
25.10.2013 07:00:00   ;     0
26.10.2013 07:00:00   ;     0
27.10.2013 07:00:00   ;     0
28.10.2013 07:00:00   ;     0
29.10.2013 07:00:00   ;     0
30.10.2013 07:00:00   ;     0
31.10.2013 07:00:00   ;     0
01.11.2013 07:00:00   ;     0
02.11.2013 07:00:00   ;     0
03.11.2013 07:00:00   ;     0
04.11.2013 07:00:00   ;     0
05.11.2013 07:00:00   ;     0
06.11.2013 07:00:00   ;     0
07.11.2013 07:00:00   ;     0
08.11.2013 07:00:00   ;     0
09.11.2013 07:00:00   ;     0
10.11.2013 07:00:00   ;     0
11.11.2013 07:00:00   ;     0
12.11.2013 07:00:00   ;     0
13.11.2013 07:00:00   ;     0
14.11.2013 07:00:00   ;     0
15.11.2013 07:00:00   ;     0
16.11.2013 07:00:00   ;     0
17.11.2013 07:00:00   ;     0
18.11.2013 07:00:00   ;     0
19.11.2013 07:00:00   ;     0
20.11.2013 07:00:00   ;     0
21.11.2013 07:00:00   ;     0
22.11.2013 07:00:00   ;     0
23.11.2013 07:00:00   ;     1
24.11.2013 07:00:00   ;     4
25.11.2013 07:00:00   ;     2
26.11.2013 07:00:00   ;     6
27.11.2013 07:00:00   ;     0
28.11.2013 07:00:00   ;     0
29.11.2013 07:00:00   ;     4
30.11.2013 07:00:00   ;     0
01.12.2013 07:00:00   ;     0
02.12.2013 07:00:00   ;     0
03.12.2013 07:00:00   ;     0
04.12.2013 07:00:00   ;     0
05.12.2013 07:00:00   ;     1
06.12.2013 07:00:00   ;     3
07.12.2013 07:00:00   ;     0
08.12.2013 07:00:00   ;     0
09.12.2013 07:00:00   ;     0
10.12.2013 07:00:00   ;     0
11.12.2013 07:00:00   ;     0
12.12.2013 07:00:00   ;     0
13.12.2013 07:00:00   ;     0
14.12.2013 07:00:00   ;     1
15.12.2013 07:00:00   ;     0
16.12.2013 07:00:00   ;     0
17.12.2013 07:00:00   ;     0
18.12.2013 07:00:00   ;     0
19.12.2013 07:00:00   ;     0
20.12.2013 07:00:00   ;     0
21.12.2013 07:00:00   ;     0
22.12.2013 07:00:00   ;     0
23.12.2013 07:00:00   ;     0
24.12.2013 07:00:00   ;     0
25.12.2013 07:00:00   ;     0
26.12.2013 07:00:00   ;     0
27.12.2013 07:00:00   ;     0
28.12.2013 07:00:00   ;     0
29.12.2013 07:00:00   ;     0
30.12.2013 07:00:00   ;     0
31.12.2013 07:00:00   ;     0
01.01.2014 07:00:00   ;     0
02.01.2014 07:00:00   ;     0
03.01.2014 07:00:00   ;     0
04.01.2014 07:00:00   ;     0
05.01.2014 07:00:00   ;     0
06.01.2014 07:00:00   ;     0
07.01.2014 07:00:00   ;     0
08.01.2014 07:00:00   ;     0
09.01.2014 07:00:00   ;     0
10.01.2014 07:00:00   ;     0
11.01.2014 07:00:00   ;     0
12.01.2014 07:00:00   ;     0
13.01.2014 07:00:00   ;     0
14.01.2014 07:00:00   ;     0
15.01.2014 07:00:00   ;     0
16.01.2014 07:00:00   ;     0
17.01.2014 07:00:00   ;     0
18.01.2014 07:00:00   ;     0
19.01.2014 07:00:00   ;     0
20.01.2014 07:00:00   ;     0
21.01.2014 07:00:00   ;     0
22.01.2014 07:00:00   ;     0
23.01.2014 07:00:00   ;     0
24.01.2014 07:00:00   ;     3
25.01.2014 07:00:00   ;    11
26.01.2014 07:00:00   ;     7
27.01.2014 07:00:00   ;     1
28.01.2014 07:00:00   ;     0
29.01.2014 07:00:00   ;     0
30.01.2014 07:00:00   ;     0
31.01.2014 07:00:00   ;     0
01.02.2014 07:00:00   ;     0
02.02.2014 07:00:00   ;     0
03.02.2014 07:00:00   ;     0
04.02.2014 07:00:00   ;     0
05.02.2014 07:00:00   ;     0
06.02.2014 07:00:00   ;     0
07.02.2014 07:00:00   ;     0
08.02.2014 07:00:00   ;     0
09.02.2014 07:00:00   ;     0
10.02.2014 07:00:00   ;     0
11.02.2014 07:00:00   ;     0
12.02.2014 07:00:00   ;     0
13.02.2014 07:00:00   ;     0
14.02.2014 07:00:00   ;     0
15.02.2014 07:00:00   ;     0
16.02.2014 07:00:00   ;     0
17.02.2014 07:00:00   ;     0
18.02.2014 07:00:00   ;     0
19.02.2014 07:00:00   ;     0
20.02.2014 07:00:00   ;     0
21.02.2014 07:00:00   ;     0
22.02.2014 07:00:00   ;     0
23.02.2014 07:00:00   ;     0
24.02.2014 07:00:00   ;     0
25.02.2014 07:00:00   ;     0
26.02.2014 07:00:00   ;     0
27.02.2014 07:00:00   ;     0
28.02.2014 07:00:00   ;     0
01.03.2014 07:00:00   ;     0
02.03.2014 07:00:00   ;     0
03.03.2014 07:00:00   ;     0
04.03.2014 07:00:00   ;     0
05.03.2014 07:00:00   ;     0
06.03.2014 07:00:00   ;     0
07.03.2014 07:00:00   ;     0
08.03.2014 07:00:00   ;     0
09.03.2014 07:00:00   ;     0
10.03.2014 07:00:00   ;     0
11.03.2014 07:00:00   ;     0
12.03.2014 07:00:00   ;     0
13.03.2014 07:00:00   ;     0
14.03.2014 07:00:00   ;     0
15.03.2014 07:00:00   ;     0
16.03.2014 07:00:00   ;     0
17.03.2014 07:00:00   ;     0
18.03.2014 07:00:00   ;     0
19.03.2014 07:00:00   ;     0
20.03.2014 07:00:00   ;     0
21.03.2014 07:00:00   ;     0
22.03.2014 07:00:00   ;     0
23.03.2014 07:00:00   ;     4
24.03.2014 07:00:00   ;     0
25.03.2014 07:00:00   ;     0
26.03.2014 07:00:00   ;     0
27.03.2014 07:00:00   ;     0
28.03.2014 07:00:00   ;     0
29.03.2014 07:00:00   ;     0
30.03.2014 07:00:00   ;     0
31.03.2014 07:00:00   ;     0
01.04.2014 07:00:00   ;     0
02.04.2014 07:00:00   ;     0
03.04.2014 07:00:00   ;     0
04.04.2014 07:00:00   ;     0
05.04.2014 07:00:00   ;     0
06.04.2014 07:00:00   ;     0
07.04.2014 07:00:00   ;     0
08.04.2014 07:00:00   ;     0
09.04.2014 07:00:00   ;     0
10.04.2014 07:00:00   ;     0
11.04.2014 07:00:00   ;     0
12.04.2014 07:00:00   ;     0
13.04.2014 07:00:00   ;     0
14.04.2014 07:00:00   ;     0
15.04.2014 07:00:00   ;     0
16.04.2014 07:00:00   ;     0
17.04.2014 07:00:00   ;     0
18.04.2014 07:00:00   ;     0
19.04.2014 07:00:00   ;     0
20.04.2014 07:00:00   ;     0
21.04.2014 07:00:00   ;     0
22.04.2014 07:00:00   ;     0
23.04.2014 07:00:00   ;     0
24.04.2014 07:00:00   ;     0
25.04.2014 07:00:00   ;     0
26.04.2014 07:00:00   ;     0
27.04.2014 07:00:00   ;     0
28.04.2014 07:00:00   ;     0
29.04.2014 07:00:00   ;     0
30.04.2014 07:00:00   ;     0
01.05.2014 07:00:00   ;     0
02.05.2014 07:00:00   ;     0
03.05.2014 07:00:00   ;     0
04.05.2014 07:00:00   ;     0
05.05.2014 07:00:00   ;     0
06.05.2014 07:00:00   ;     0
07.05.2014 07:00:00   ;     0
08.05.2014 07:00:00   ;     0
09.05.2014 07:00:00   ;     0
10.05.2014 07:00:00   ;     0
11.05.2014 07:00:00   ;     0
12.05.2014 07:00:00   ;     0
13.05.2014 07:00:00   ;     0
14.05.2014 07:00:00   ;     0
15.05.2014 07:00:00   ;     0
16.05.2014 07:00:00   ;     0
17.05.2014 07:00:00   ;     0
18.05.2014 07:00:00   ;     0
19.05.2014 07:00:00   ;     0
20.05.2014 07:00:00   ;     0
21.05.2014 07:00:00   ;     0
22.05.2014 07:00:00   ;     0
23.05.2014 07:00:00   ;     0
24.05.2014 07:00:00   ;     0
25.05.2014 07:00:00   ;     0
26.05.2014 07:00:00   ;     0
27.05.2014 07:00:00   ;     0
28.05.2014 07:00:00   ;     0
29.05.2014 07:00:00   ;     0
30.05.2014 07:00:00   ;     0
31.05.2014 07:00:00   ;     0
01.06.2014 07:00:00   ;     0
02.06.2014 07:00:00   ;     0
03.06.2014 07:00:00   ;     0
04.06.2014 07:00:00   ;     0
05.06.2014 07:00:00   ;     0
06.06.2014 07:00:00   ;     0
07.06.2014 07:00:00   ;     0
08.06.2014 07:00:00   ;     0
09.06.2014 07:00:00   ;     0
10.06.2014 07:00:00   ;     0
11.06.2014 07:00:00   ;     0
12.06.2014 07:00:00   ;     0
13.06.2014 07:00:00   ;     0
14.06.2014 07:00:00   ;     0
15.06.2014 07:00:00   ;     0
16.06.2014 07:00:00   ;     0
17.06.2014 07:00:00   ;     0
18.06.2014 07:00:00   ;     0
19.06.2014 07:00:00   ;     0
20.06.2014 07:00:00   ;     0
21.06.2014 07:00:00   ;     0
22.06.2014 07:00:00   ;     0
23.06.2014 07:00:00   ;     0
24.06.2014 07:00:00   ;     0
25.06.2014 07:00:00   ;     0
26.06.2014 07:00:00   ;     0
27.06.2014 07:00:00   ;     0
28.06.2014 07:00:00   ;     0
29.06.2014 07:00:00   ;     0
30.06.2014 07:00:00   ;     0
01.07.2014 07:00:00   ;     0
02.07.2014 07:00:00   ;     0
03.07.2014 07:00:00   ;     0
04.07.2014 07:00:00   ;     0
05.07.2014 07:00:00   ;     0
06.07.2014 07:00:00   ;     0
07.07.2014 07:00:00   ;     0
08.07.2014 07:00:00   ;     0
09.07.2014 07:00:00   ;     0
10.07.2014 07:00:00   ;     0
11.07.2014 07:00:00   ;     0
12.07.2014 07:00:00   ;     0
13.07.2014 07:00:00   ;     0
14.07.2014 07:00:00   ;     0
15.07.2014 07:00:00   ;     0
16.07.2014 07:00:00   ;     0
17.07.2014 07:00:00   ;     0
18.07.2014 07:00:00   ;     0
19.07.2014 07:00:00   ;     0
20.07.2014 07:00:00   ;     0
21.07.2014 07:00:00   ;     0
22.07.2014 07:00:00   ;     0
23.07.2014 07:00:00   ;     0
24.07.2014 07:00:00   ;     0
25.07.2014 07:00:00   ;     0
26.07.2014 07:00:00   ;     0
27.07.2014 07:00:00   ;     0
28.07.2014 07:00:00   ;     0
29.07.2014 07:00:00   ;     0
30.07.2014 07:00:00   ;     0
31.07.2014 07:00:00   ;     0
01.08.2014 07:00:00   ;     0
02.08.2014 07:00:00   ;     0
03.08.2014 07:00:00   ;     0
04.08.2014 07:00:00   ;     0
05.08.2014 07:00:00   ;     0
06.08.2014 07:00:00   ;     0
07.08.2014 07:00:00   ;     0
08.08.2014 07:00:00   ;     0
09.08.2014 07:00:00   ;     0
10.08.2014 07:00:00   ;     0
11.08.2014 07:00:00   ;     0
12.08.2014 07:00:00   ;     0
13.08.2014 07:00:00   ;     0
14.08.2014 07:00:00   ;     0
15.08.2014 07:00:00   ;     0
16.08.2014 07:00:00   ;     0
17.08.2014 07:00:00   ;     0
18.08.2014 07:00:00   ;     0
19.08.2014 07:00:00   ;     0
20.08.2014 07:00:00   ;     0
21.08.2014 07:00:00   ;     0
22.08.2014 07:00:00   ;     0
23.08.2014 07:00:00   ;     0
24.08.2014 07:00:00   ;     0
25.08.2014 07:00:00   ;     0
26.08.2014 07:00:00   ;     0
27.08.2014 07:00:00   ;     0
28.08.2014 07:00:00   ;     0
29.08.2014 07:00:00   ;     0
30.08.2014 07:00:00   ;     0
31.08.2014 07:00:00   ;     0
01.09.2014 07:00:00   ;     0
02.09.2014 07:00:00   ;     0
03.09.2014 07:00:00   ;     0
04.09.2014 07:00:00   ;     0
05.09.2014 07:00:00   ;     0
06.09.2014 07:00:00   ;     0
07.09.2014 07:00:00   ;     0
08.09.2014 07:00:00   ;     0
09.09.2014 07:00:00   ;     0
10.09.2014 07:00:00   ;     0
11.09.2014 07:00:00   ;     0
12.09.2014 07:00:00   ;     0
13.09.2014 07:00:00   ;     0
14.09.2014 07:00:00   ;     0
15.09.2014 07:00:00   ;     0
16.09.2014 07:00:00   ;     0
17.09.2014 07:00:00   ;     0
18.09.2014 07:00:00   ;     0
19.09.2014 07:00:00   ;     0
20.09.2014 07:00:00   ;     0
21.09.2014 07:00:00   ;     0
22.09.2014 07:00:00   ;     0
23.09.2014 07:00:00   ;     0
24.09.2014 07:00:00   ;     0
25.09.2014 07:00:00   ;     0
26.09.2014 07:00:00   ;     0
27.09.2014 07:00:00   ;     0
28.09.2014 07:00:00   ;     0
29.09.2014 07:00:00   ;     0
30.09.2014 07:00:00   ;     0
01.10.2014 07:00:00   ;     0
02.10.2014 07:00:00   ;     0
03.10.2014 07:00:00   ;     0
04.10.2014 07:00:00   ;     0
05.10.2014 07:00:00   ;     0
06.10.2014 07:00:00   ;     0
07.10.2014 07:00:00   ;     0
08.10.2014 07:00:00   ;     0
09.10.2014 07:00:00   ;     0
10.10.2014 07:00:00   ;     0
11.10.2014 07:00:00   ;     0
12.10.2014 07:00:00   ;     0
13.10.2014 07:00:00   ;     0
14.10.2014 07:00:00   ;     0
15.10.2014 07:00:00   ;     0
16.10.2014 07:00:00   ;     0
17.10.2014 07:00:00   ;     0
18.10.2014 07:00:00   ;     0
19.10.2014 07:00:00   ;     0
20.10.2014 07:00:00   ;     0
21.10.2014 07:00:00   ;     0
22.10.2014 07:00:00   ;     2
23.10.2014 07:00:00   ;     2
24.10.2014 07:00:00   ;     0
25.10.2014 07:00:00   ;     0
26.10.2014 07:00:00   ;     0
27.10.2014 07:00:00   ;     0
28.10.2014 07:00:00   ;     0
29.10.2014 07:00:00   ;     0
30.10.2014 07:00:00   ;     0
31.10.2014 07:00:00   ;     0
01.11.2014 07:00:00   ;     0
02.11.2014 07:00:00   ;     0
03.11.2014 07:00:00   ;     0
04.11.2014 07:00:00   ;     0
05.11.2014 07:00:00   ;     0
06.11.2014 07:00:00   ;     0
07.11.2014 07:00:00   ;     0
08.11.2014 07:00:00   ;     0
09.11.2014 07:00:00   ;     0
10.11.2014 07:00:00   ;     0
11.11.2014 07:00:00   ;     0
12.11.2014 07:00:00   ;     0
13.11.2014 07:00:00   ;     0
14.11.2014 07:00:00   ;     0
15.11.2014 07:00:00   ;     0
16.11.2014 07:00:00   ;     0
17.11.2014 07:00:00   ;     0
18.11.2014 07:00:00   ;     0
19.11.2014 07:00:00   ;     0
20.11.2014 07:00:00   ;     0
21.11.2014 07:00:00   ;     0
22.11.2014 07:00:00   ;     0
23.11.2014 07:00:00   ;     0
24.11.2014 07:00:00   ;     0
25.11.2014 07:00:00   ;     0
26.11.2014 07:00:00   ;     0
27.11.2014 07:00:00   ;     0
28.11.2014 07:00:00   ;     0
29.11.2014 07:00:00   ;     0
30.11.2014 07:00:00   ;     0
01.12.2014 07:00:00   ;     0
02.12.2014 07:00:00   ;     0
03.12.2014 07:00:00   ;     0
04.12.2014 07:00:00   ;     0
05.12.2014 07:00:00   ;     0
06.12.2014 07:00:00   ;     0
07.12.2014 07:00:00   ;     0
08.12.2014 07:00:00   ;     0
09.12.2014 07:00:00   ;     0
10.12.2014 07:00:00   ;     1
11.12.2014 07:00:00   ;     0
12.12.2014 07:00:00   ;     0
13.12.2014 07:00:00   ;     0
14.12.2014 07:00:00   ;     0
15.12.2014 07:00:00   ;     0
16.12.2014 07:00:00   ;     0
17.12.2014 07:00:00   ;     0
18.12.2014 07:00:00   ;     0
19.12.2014 07:00:00   ;     0
20.12.2014 07:00:00   ;     0
21.12.2014 07:00:00   ;     0
22.12.2014 07:00:00   ;     0
23.12.2014 07:00:00   ;     0
24.12.2014 07:00:00   ;     0
25.12.2014 07:00:00   ;     3
26.12.2014 07:00:00   ;    10
27.12.2014 07:00:00   ;     4
28.12.2014 07:00:00   ;     4
29.12.2014 07:00:00   ;     9
30.12.2014 07:00:00   ;    33
31.12.2014 07:00:00   ;     7
01.01.2015 07:00:00   ;     0
02.01.2015 07:00:00   ;     0
03.01.2015 07:00:00   ;     0
04.01.2015 07:00:00   ;     1
05.01.2015 07:00:00   ;     0
06.01.2015 07:00:00   ;     0
07.01.2015 07:00:00   ;     0
08.01.2015 07:00:00   ;     0
09.01.2015 07:00:00   ;     0
10.01.2015 07:00:00   ;     0
11.01.2015 07:00:00   ;     3
12.01.2015 07:00:00   ;     0
13.01.2015 07:00:00   ;     0
14.01.2015 07:00:00   ;     0
15.01.2015 07:00:00   ;     0
16.01.2015 07:00:00   ;     0
17.01.2015 07:00:00   ;     5
18.01.2015 07:00:00   ;     0
19.01.2015 07:00:00   ;     0
20.01.2015 07:00:00   ;     0
21.01.2015 07:00:00   ;     0
22.01.2015 07:00:00   ;     0
23.01.2015 07:00:00   ;     3
24.01.2015 07:00:00   ;     5
25.01.2015 07:00:00   ;    11
26.01.2015 07:00:00   ;    10
27.01.2015 07:00:00   ;    30
28.01.2015 07:00:00   ;     5
29.01.2015 07:00:00   ;     1
30.01.2015 07:00:00   ;     4
31.01.2015 07:00:00   ;     1
01.02.2015 07:00:00   ;     7
02.02.2015 07:00:00   ;     9
03.02.2015 07:00:00   ;     0
04.02.2015 07:00:00   ;     0
05.02.2015 07:00:00   ;     0
06.02.2015 07:00:00   ;     1
07.02.2015 07:00:00   ;     0
08.02.2015 07:00:00   ;    10
09.02.2015 07:00:00   ;     1
10.02.2015 07:00:00   ;     0
11.02.2015 07:00:00   ;     0
12.02.2015 07:00:00   ;     0
13.02.2015 07:00:00   ;     0
14.02.2015 07:00:00   ;     0
15.02.2015 07:00:00   ;     0
16.02.2015 07:00:00   ;     0
17.02.2015 07:00:00   ;     0
18.02.2015 07:00:00   ;     0
19.02.2015 07:00:00   ;     0
20.02.2015 07:00:00   ;     0
21.02.2015 07:00:00   ;     0
22.02.2015 07:00:00   ;     0
23.02.2015 07:00:00   ;     0
24.02.2015 07:00:00   ;     0
25.02.2015 07:00:00   ;     0
26.02.2015 07:00:00   ;     0
27.02.2015 07:00:00   ;     0
28.02.2015 07:00:00   ;     0
01.03.2015 07:00:00   ;     0
02.03.2015 07:00:00   ;     0
03.03.2015 07:00:00   ;     1
04.03.2015 07:00:00   ;     6
05.03.2015 07:00:00   ;     4
06.03.2015 07:00:00   ;     0
07.03.2015 07:00:00   ;     0
08.03.2015 07:00:00   ;     0
09.03.2015 07:00:00   ;     0
10.03.2015 07:00:00   ;     0
11.03.2015 07:00:00   ;     0
12.03.2015 07:00:00   ;     0
13.03.2015 07:00:00   ;     0
14.03.2015 07:00:00   ;     0
15.03.2015 07:00:00   ;     0
16.03.2015 07:00:00   ;     0
17.03.2015 07:00:00   ;     0
18.03.2015 07:00:00   ;     0
19.03.2015 07:00:00   ;     0
20.03.2015 07:00:00   ;     0
21.03.2015 07:00:00   ;     0
22.03.2015 07:00:00   ;     0
23.03.2015 07:00:00   ;     0
24.03.2015 07:00:00   ;     0
25.03.2015 07:00:00   ;     0
26.03.2015 07:00:00   ;     0
27.03.2015 07:00:00   ;     0
28.03.2015 07:00:00   ;     0
29.03.2015 07:00:00   ;     0
30.03.2015 07:00:00   ;     0
31.03.2015 07:00:00   ;     0
01.04.2015 07:00:00   ;     0
02.04.2015 07:00:00   ;     2
03.04.2015 07:00:00   ;     0
04.04.2015 07:00:00   ;     3
05.04.2015 07:00:00   ;     1
06.04.2015 07:00:00   ;     2
07.04.2015 07:00:00   ;     0
08.04.2015 07:00:00   ;     0
09.04.2015 07:00:00   ;     0
10.04.2015 07:00:00   ;     0
11.04.2015 07:00:00   ;     0
12.04.2015 07:00:00   ;     0
13.04.2015 07:00:00   ;     0
14.04.2015 07:00:00   ;     0
15.04.2015 07:00:00   ;     0
16.04.2015 07:00:00   ;     0
17.04.2015 07:00:00   ;     0
18.04.2015 07:00:00   ;     0
19.04.2015 07:00:00   ;     0
20.04.2015 07:00:00   ;     0
21.04.2015 07:00:00   ;     0
22.04.2015 07:00:00   ;     0
23.04.2015 07:00:00   ;     0
24.04.2015 07:00:00   ;     0
25.04.2015 07:00:00   ;     0
26.04.2015 07:00:00   ;     0
27.04.2015 07:00:00   ;     0
28.04.2015 07:00:00   ;     0
29.04.2015 07:00:00   ;     0
30.04.2015 07:00:00   ;     0
01.05.2015 07:00:00   ;     0
02.05.2015 07:00:00   ;     0
03.05.2015 07:00:00   ;     0
04.05.2015 07:00:00   ;     0
05.05.2015 07:00:00   ;     0
06.05.2015 07:00:00   ;     0
07.05.2015 07:00:00   ;     0
08.05.2015 07:00:00   ;     0
09.05.2015 07:00:00   ;     0
10.05.2015 07:00:00   ;     0
11.05.2015 07:00:00   ;     0
12.05.2015 07:00:00   ;     0
13.05.2015 07:00:00   ;     0
14.05.2015 07:00:00   ;     0
15.05.2015 07:00:00   ;     0
16.05.2015 07:00:00   ;     0
17.05.2015 07:00:00   ;     0
18.05.2015 07:00:00   ;     0
19.05.2015 07:00:00   ;     0
20.05.2015 07:00:00   ;     0
21.05.2015 07:00:00   ;     0
22.05.2015 07:00:00   ;     0
23.05.2015 07:00:00   ;     0
24.05.2015 07:00:00   ;     0
25.05.2015 07:00:00   ;     0
26.05.2015 07:00:00   ;     0
27.05.2015 07:00:00   ;     0
28.05.2015 07:00:00   ;     0
29.05.2015 07:00:00   ;     0
30.05.2015 07:00:00   ;     0
31.05.2015 07:00:00   ;     0
01.06.2015 07:00:00   ;     0
02.06.2015 07:00:00   ;     0
03.06.2015 07:00:00   ;     0
04.06.2015 07:00:00   ;     0
05.06.2015 07:00:00   ;     0
06.06.2015 07:00:00   ;     0
07.06.2015 07:00:00   ;     0
08.06.2015 07:00:00   ;     0
09.06.2015 07:00:00   ;     0
10.06.2015 07:00:00   ;     0
11.06.2015 07:00:00   ;     0
12.06.2015 07:00:00   ;     0
13.06.2015 07:00:00   ;     0
14.06.2015 07:00:00   ;     0
15.06.2015 07:00:00   ;     0
16.06.2015 07:00:00   ;     0
17.06.2015 07:00:00   ;     0
18.06.2015 07:00:00   ;     0
19.06.2015 07:00:00   ;     0
20.06.2015 07:00:00   ;     0
21.06.2015 07:00:00   ;     0
22.06.2015 07:00:00   ;     0
23.06.2015 07:00:00   ;     0
24.06.2015 07:00:00   ;     0
25.06.2015 07:00:00   ;     0
26.06.2015 07:00:00   ;     0
27.06.2015 07:00:00   ;     0
28.06.2015 07:00:00   ;     0
29.06.2015 07:00:00   ;     0
30.06.2015 07:00:00   ;     0
01.07.2015 07:00:00   ;     0
02.07.2015 07:00:00   ;     0
03.07.2015 07:00:00   ;     0
04.07.2015 07:00:00   ;     0
05.07.2015 07:00:00   ;     0
06.07.2015 07:00:00   ;     0
07.07.2015 07:00:00   ;     0
08.07.2015 07:00:00   ;     0
09.07.2015 07:00:00   ;     0
10.07.2015 07:00:00   ;     0
11.07.2015 07:00:00   ;     0
12.07.2015 07:00:00   ;     0
13.07.2015 07:00:00   ;     0
14.07.2015 07:00:00   ;     0
15.07.2015 07:00:00   ;     0
16.07.2015 07:00:00   ;     0
17.07.2015 07:00:00   ;     0
18.07.2015 07:00:00   ;     0
19.07.2015 07:00:00   ;     0
20.07.2015 07:00:00   ;     0
21.07.2015 07:00:00   ;     0
22.07.2015 07:00:00   ;     0
23.07.2015 07:00:00   ;     0
24.07.2015 07:00:00   ;     0
25.07.2015 07:00:00   ;     0
26.07.2015 07:00:00   ;     0
27.07.2015 07:00:00   ;     0
28.07.2015 07:00:00   ;     0
29.07.2015 07:00:00   ;     0
30.07.2015 07:00:00   ;     0
31.07.2015 07:00:00   ;     0
01.08.2015 07:00:00   ;     0
02.08.2015 07:00:00   ;     0
03.08.2015 07:00:00   ;     0
04.08.2015 07:00:00   ;     0
05.08.2015 07:00:00   ;     0
06.08.2015 07:00:00   ;     0
07.08.2015 07:00:00   ;     0
08.08.2015 07:00:00   ;     0
09.08.2015 07:00:00   ;     0
10.08.2015 07:00:00   ;     0
11.08.2015 07:00:00   ;     0
12.08.2015 07:00:00   ;     0
13.08.2015 07:00:00   ;     0
14.08.2015 07:00:00   ;     0
15.08.2015 07:00:00   ;     0
16.08.2015 07:00:00   ;     0
17.08.2015 07:00:00   ;     0
18.08.2015 07:00:00   ;     0
19.08.2015 07:00:00   ;     0
20.08.2015 07:00:00   ;     0
21.08.2015 07:00:00   ;     0
22.08.2015 07:00:00   ;     0
23.08.2015 07:00:00   ;     0
24.08.2015 07:00:00   ;     0
25.08.2015 07:00:00   ;     0
26.08.2015 07:00:00   ;     0
27.08.2015 07:00:00   ;     0
28.08.2015 07:00:00   ;     0
29.08.2015 07:00:00   ;     0
30.08.2015 07:00:00   ;     0
31.08.2015 07:00:00   ;     0
01.09.2015 07:00:00   ;     0
02.09.2015 07:00:00   ;     0
03.09.2015 07:00:00   ;     0
04.09.2015 07:00:00   ;     0
05.09.2015 07:00:00   ;     0
06.09.2015 07:00:00   ;     0
07.09.2015 07:00:00   ;     0
08.09.2015 07:00:00   ;     0
09.09.2015 07:00:00   ;     0
10.09.2015 07:00:00   ;     0
11.09.2015 07:00:00   ;     0
12.09.2015 07:00:00   ;     0
13.09.2015 07:00:00   ;     0
14.09.2015 07:00:00   ;     0
15.09.2015 07:00:00   ;     0
16.09.2015 07:00:00   ;     0
17.09.2015 07:00:00   ;     0
18.09.2015 07:00:00   ;     0
19.09.2015 07:00:00   ;     0
20.09.2015 07:00:00   ;     0
21.09.2015 07:00:00   ;     0
22.09.2015 07:00:00   ;     0
23.09.2015 07:00:00   ;     0
24.09.2015 07:00:00   ;     0
25.09.2015 07:00:00   ;     0
26.09.2015 07:00:00   ;     0
27.09.2015 07:00:00   ;     0
28.09.2015 07:00:00   ;     0
29.09.2015 07:00:00   ;     0
30.09.2015 07:00:00   ;     0
01.10.2015 07:00:00   ;     0
02.10.2015 07:00:00   ;     0
03.10.2015 07:00:00   ;     0
04.10.2015 07:00:00   ;     0
05.10.2015 07:00:00   ;     0
06.10.2015 07:00:00   ;     0
07.10.2015 07:00:00   ;     0
08.10.2015 07:00:00   ;     0
09.10.2015 07:00:00   ;     0
10.10.2015 07:00:00   ;     0
11.10.2015 07:00:00   ;     0
12.10.2015 07:00:00   ;     0
13.10.2015 07:00:00   ;     0
14.10.2015 07:00:00   ;     0
15.10.2015 07:00:00   ;     0
16.10.2015 07:00:00   ;     0
17.10.2015 07:00:00   ;     0
18.10.2015 07:00:00   ;     0
19.10.2015 07:00:00   ;     0
20.10.2015 07:00:00   ;     0
21.10.2015 07:00:00   ;     0
22.10.2015 07:00:00   ;     0
23.10.2015 07:00:00   ;     0
24.10.2015 07:00:00   ;     0
25.10.2015 07:00:00   ;     0
26.10.2015 07:00:00   ;     0
27.10.2015 07:00:00   ;     0
28.10.2015 07:00:00   ;     0
29.10.2015 07:00:00   ;     0
30.10.2015 07:00:00   ;     0
31.10.2015 07:00:00   ;     0
01.11.2015 07:00:00   ;     0
02.11.2015 07:00:00   ;     0
03.11.2015 07:00:00   ;     0
04.11.2015 07:00:00   ;     0
05.11.2015 07:00:00   ;     0
06.11.2015 07:00:00   ;     0
07.11.2015 07:00:00   ;     0
08.11.2015 07:00:00   ;     0
09.11.2015 07:00:00   ;     0
10.11.2015 07:00:00   ;     0
11.11.2015 07:00:00   ;     0
12.11.2015 07:00:00   ;     0
13.11.2015 07:00:00   ;     0
14.11.2015 07:00:00   ;     0
15.11.2015 07:00:00   ;     0
16.11.2015 07:00:00   ;     0
17.11.2015 07:00:00   ;     0
18.11.2015 07:00:00   ;     0
19.11.2015 07:00:00   ;     0
20.11.2015 07:00:00   ;     0
21.11.2015 07:00:00   ;     0
22.11.2015 07:00:00   ;     0
23.11.2015 07:00:00   ;     0
24.11.2015 07:00:00   ;     0
25.11.2015 07:00:00   ;     0
26.11.2015 07:00:00   ;     1
27.11.2015 07:00:00   ;     0
28.11.2015 07:00:00   ;     0
29.11.2015 07:00:00   ;     0
30.11.2015 07:00:00   ;     0
01.12.2015 07:00:00   ;     0
02.12.2015 07:00:00   ;     0
03.12.2015 07:00:00   ;     0
04.12.2015 07:00:00   ;     0
05.12.2015 07:00:00   ;     0
06.12.2015 07:00:00   ;     0
07.12.2015 07:00:00   ;     0
08.12.2015 07:00:00   ;     0
09.12.2015 07:00:00   ;     0
10.12.2015 07:00:00   ;     0
11.12.2015 07:00:00   ;     0
12.12.2015 07:00:00   ;     0
13.12.2015 07:00:00   ;     0
14.12.2015 07:00:00   ;     0
15.12.2015 07:00:00   ;     0
16.12.2015 07:00:00   ;     0
17.12.2015 07:00:00   ;     0
18.12.2015 07:00:00   ;     0
19.12.2015 07:00:00   ;     0
20.12.2015 07:00:00   ;     0
21.12.2015 07:00:00   ;     0
22.12.2015 07:00:00   ;     0
23.12.2015 07:00:00   ;     0
24.12.2015 07:00:00   ;     0
25.12.2015 07:00:00   ;     0
26.12.2015 07:00:00   ;     0
27.12.2015 07:00:00   ;     0
28.12.2015 07:00:00   ;     0
29.12.2015 07:00:00   ;     0
30.12.2015 07:00:00   ;     0
31.12.2015 07:00:00   ;     0
01.01.2016 07:00:00   ;     0
02.01.2016 07:00:00   ;     3
03.01.2016 07:00:00   ;     0
04.01.2016 07:00:00   ;     0
05.01.2016 07:00:00   ;     0
06.01.2016 07:00:00   ;     6
07.01.2016 07:00:00   ;     0
08.01.2016 07:00:00   ;     0
09.01.2016 07:00:00   ;     0
10.01.2016 07:00:00   ;     0
11.01.2016 07:00:00   ;     0
12.01.2016 07:00:00   ;     0
13.01.2016 07:00:00   ;     0
14.01.2016 07:00:00   ;     5
15.01.2016 07:00:00   ;     9
16.01.2016 07:00:00   ;    15
17.01.2016 07:00:00   ;    20
18.01.2016 07:00:00   ;     0
19.01.2016 07:00:00   ;     7
20.01.2016 07:00:00   ;     1
21.01.2016 07:00:00   ;     0
22.01.2016 07:00:00   ;     0
23.01.2016 07:00:00   ;     2
24.01.2016 07:00:00   ;     0
25.01.2016 07:00:00   ;     0
26.01.2016 07:00:00   ;     0
27.01.2016 07:00:00   ;     0
28.01.2016 07:00:00   ;     0
29.01.2016 07:00:00   ;     0
30.01.2016 07:00:00   ;     0
31.01.2016 07:00:00   ;     5
01.02.2016 07:00:00   ;     0
02.02.2016 07:00:00   ;     0
03.02.2016 07:00:00   ;    10
04.02.2016 07:00:00   ;     7
05.02.2016 07:00:00   ;     0
06.02.2016 07:00:00   ;     0
07.02.2016 07:00:00   ;     0
08.02.2016 07:00:00   ;     0
09.02.2016 07:00:00   ;     1
10.02.2016 07:00:00   ;     0
11.02.2016 07:00:00   ;     0
12.02.2016 07:00:00   ;     0
13.02.2016 07:00:00   ;     0
14.02.2016 07:00:00   ;     0
15.02.2016 07:00:00   ;     0
16.02.2016 07:00:00   ;     0
17.02.2016 07:00:00   ;     0
18.02.2016 07:00:00   ;     0
19.02.2016 07:00:00   ;     0
20.02.2016 07:00:00   ;     5
21.02.2016 07:00:00   ;     0
22.02.2016 07:00:00   ;     0
23.02.2016 07:00:00   ;     0
24.02.2016 07:00:00   ;     0
25.02.2016 07:00:00   ;     0
26.02.2016 07:00:00   ;     0
27.02.2016 07:00:00   ;     0
28.02.2016 07:00:00   ;     0
29.02.2016 07:00:00   ;     4
01.03.2016 07:00:00   ;     1
02.03.2016 07:00:00   ;     0
03.03.2016 07:00:00   ;     0
04.03.2016 07:00:00   ;     0
05.03.2016 07:00:00   ;     0
06.03.2016 07:00:00   ;     1
07.03.2016 07:00:00   ;     4
08.03.2016 07:00:00   ;     1
09.03.2016 07:00:00   ;     0
10.03.2016 07:00:00   ;     0
11.03.2016 07:00:00   ;     0
12.03.2016 07:00:00   ;     0
13.03.2016 07:00:00   ;     0
14.03.2016 07:00:00   ;     0
15.03.2016 07:00:00   ;     0
16.03.2016 07:00:00   ;     0
17.03.2016 07:00:00   ;     0
18.03.2016 07:00:00   ;     0
19.03.2016 07:00:00   ;     0
20.03.2016 07:00:00   ;     0
21.03.2016 07:00:00   ;     0
22.03.2016 07:00:00   ;     0
23.03.2016 07:00:00   ;     0
24.03.2016 07:00:00   ;     0
25.03.2016 07:00:00   ;     0
26.03.2016 07:00:00   ;     0
27.03.2016 07:00:00   ;     0
28.03.2016 07:00:00   ;     0
29.03.2016 07:00:00   ;     0
30.03.2016 07:00:00   ;     0
31.03.2016 07:00:00   ;     0
01.04.2016 07:00:00   ;     0
02.04.2016 07:00:00   ;     0
03.04.2016 07:00:00   ;     0
04.04.2016 07:00:00   ;     0
05.04.2016 07:00:00   ;     0
06.04.2016 07:00:00   ;     0
07.04.2016 07:00:00   ;     0
08.04.2016 07:00:00   ;     0
09.04.2016 07:00:00   ;     0
10.04.2016 07:00:00   ;     0
11.04.2016 07:00:00   ;     0
12.04.2016 07:00:00   ;     0
13.04.2016 07:00:00   ;     0
14.04.2016 07:00:00   ;     0
15.04.2016 07:00:00   ;     0
16.04.2016 07:00:00   ;     0
17.04.2016 07:00:00   ;     0
18.04.2016 07:00:00   ;     0
19.04.2016 07:00:00   ;     0
20.04.2016 07:00:00   ;     0
21.04.2016 07:00:00   ;     0
22.04.2016 07:00:00   ;     0
23.04.2016 07:00:00   ;     0
24.04.2016 07:00:00   ;     0
25.04.2016 07:00:00   ;     0
26.04.2016 07:00:00   ;     0
27.04.2016 07:00:00   ;     0
28.04.2016 07:00:00   ;     0
29.04.2016 07:00:00   ;     0
30.04.2016 07:00:00   ;     0
01.05.2016 07:00:00   ;     0
02.05.2016 07:00:00   ;     0
03.05.2016 07:00:00   ;     0
04.05.2016 07:00:00   ;     0
05.05.2016 07:00:00   ;     0
06.05.2016 07:00:00   ;     0
07.05.2016 07:00:00   ;     0
08.05.2016 07:00:00   ;     0
09.05.2016 07:00:00   ;     0
10.05.2016 07:00:00   ;     0
11.05.2016 07:00:00   ;     0
12.05.2016 07:00:00   ;     0
13.05.2016 07:00:00   ;     0
14.05.2016 07:00:00   ;     0
15.05.2016 07:00:00   ;     0
16.05.2016 07:00:00   ;     0
17.05.2016 07:00:00   ;     0
18.05.2016 07:00:00   ;     0
19.05.2016 07:00:00   ;     0
20.05.2016 07:00:00   ;     0
21.05.2016 07:00:00   ;     0
22.05.2016 07:00:00   ;     0
23.05.2016 07:00:00   ;     0
24.05.2016 07:00:00   ;     0
25.05.2016 07:00:00   ;     0
26.05.2016 07:00:00   ;     0
27.05.2016 07:00:00   ;     0
28.05.2016 07:00:00   ;     0
29.05.2016 07:00:00   ;     0
30.05.2016 07:00:00   ;     0
31.05.2016 07:00:00   ;     0
01.06.2016 07:00:00   ;     0
02.06.2016 07:00:00   ;     0
03.06.2016 07:00:00   ;     0
04.06.2016 07:00:00   ;     0
05.06.2016 07:00:00   ;     0
06.06.2016 07:00:00   ;     0
07.06.2016 07:00:00   ;     0
08.06.2016 07:00:00   ;     0
09.06.2016 07:00:00   ;     0
10.06.2016 07:00:00   ;     0
11.06.2016 07:00:00   ;     0
12.06.2016 07:00:00   ;     0
13.06.2016 07:00:00   ;     0
14.06.2016 07:00:00   ;     0
15.06.2016 07:00:00   ;     0
16.06.2016 07:00:00   ;     0
17.06.2016 07:00:00   ;     0
18.06.2016 07:00:00   ;     0
19.06.2016 07:00:00   ;     0
20.06.2016 07:00:00   ;     0
21.06.2016 07:00:00   ;     0
22.06.2016 07:00:00   ;     0
23.06.2016 07:00:00   ;     0
24.06.2016 07:00:00   ;     0
25.06.2016 07:00:00   ;     0
26.06.2016 07:00:00   ;     0
27.06.2016 07:00:00   ;     0
28.06.2016 07:00:00   ;     0
29.06.2016 07:00:00   ;     0
30.06.2016 07:00:00   ;     0
01.07.2016 07:00:00   ;     0
02.07.2016 07:00:00   ;     0
03.07.2016 07:00:00   ;     0
04.07.2016 07:00:00   ;     0
05.07.2016 07:00:00   ;     0
06.07.2016 07:00:00   ;     0
07.07.2016 07:00:00   ;     0
08.07.2016 07:00:00   ;     0
09.07.2016 07:00:00   ;     0
10.07.2016 07:00:00   ;     0
11.07.2016 07:00:00   ;     0
12.07.2016 07:00:00   ;     0
13.07.2016 07:00:00   ;     0
14.07.2016 07:00:00   ;     0
15.07.2016 07:00:00   ;     0
16.07.2016 07:00:00   ;     0
17.07.2016 07:00:00   ;     0
18.07.2016 07:00:00   ;     0
19.07.2016 07:00:00   ;     0
20.07.2016 07:00:00   ;     0
21.07.2016 07:00:00   ;     0
22.07.2016 07:00:00   ;     0
23.07.2016 07:00:00   ;     0
24.07.2016 07:00:00   ;     0
25.07.2016 07:00:00   ;     0
26.07.2016 07:00:00   ;     0
27.07.2016 07:00:00   ;     0
28.07.2016 07:00:00   ;     0
29.07.2016 07:00:00   ;     0
30.07.2016 07:00:00   ;     0
31.07.2016 07:00:00   ;     0
01.08.2016 07:00:00   ;     0
02.08.2016 07:00:00   ;     0
03.08.2016 07:00:00   ;     0
04.08.2016 07:00:00   ;     0
05.08.2016 07:00:00   ;     0
06.08.2016 07:00:00   ;     0
07.08.2016 07:00:00   ;     0
08.08.2016 07:00:00   ;     0
09.08.2016 07:00:00   ;     0
10.08.2016 07:00:00   ;     0
11.08.2016 07:00:00   ;     0
12.08.2016 07:00:00   ;     0
13.08.2016 07:00:00   ;     0
14.08.2016 07:00:00   ;     0
15.08.2016 07:00:00   ;     0
16.08.2016 07:00:00   ;     0
17.08.2016 07:00:00   ;     0
18.08.2016 07:00:00   ;     0
19.08.2016 07:00:00   ;     0
20.08.2016 07:00:00   ;     0
21.08.2016 07:00:00   ;     0
22.08.2016 07:00:00   ;     0
23.08.2016 07:00:00   ;     0
24.08.2016 07:00:00   ;     0
25.08.2016 07:00:00   ;     0
26.08.2016 07:00:00   ;     0
27.08.2016 07:00:00   ;     0
28.08.2016 07:00:00   ;     0
29.08.2016 07:00:00   ;     0
30.08.2016 07:00:00   ;     0
31.08.2016 07:00:00   ;     0
01.09.2016 07:00:00   ;     0
02.09.2016 07:00:00   ;     0
03.09.2016 07:00:00   ;     0
04.09.2016 07:00:00   ;     0
05.09.2016 07:00:00   ;     0
06.09.2016 07:00:00   ;     0
07.09.2016 07:00:00   ;     0
08.09.2016 07:00:00   ;     0
09.09.2016 07:00:00   ;     0
10.09.2016 07:00:00   ;     0
11.09.2016 07:00:00   ;     0
12.09.2016 07:00:00   ;     0
13.09.2016 07:00:00   ;     0
14.09.2016 07:00:00   ;     0
15.09.2016 07:00:00   ;     0
16.09.2016 07:00:00   ;     0
17.09.2016 07:00:00   ;     0
18.09.2016 07:00:00   ;     0
19.09.2016 07:00:00   ;     0
20.09.2016 07:00:00   ;     0
21.09.2016 07:00:00   ;     0
22.09.2016 07:00:00   ;     0
23.09.2016 07:00:00   ;     0
24.09.2016 07:00:00   ;     0
25.09.2016 07:00:00   ;     0
26.09.2016 07:00:00   ;     0
27.09.2016 07:00:00   ;     0
28.09.2016 07:00:00   ;     0
29.09.2016 07:00:00   ;     0
30.09.2016 07:00:00   ;     0
01.10.2016 07:00:00   ;     0
02.10.2016 07:00:00   ;     0
03.10.2016 07:00:00   ;     0
04.10.2016 07:00:00   ;     0
05.10.2016 07:00:00   ;     0
06.10.2016 07:00:00   ;     0
07.10.2016 07:00:00   ;     0
08.10.2016 07:00:00   ;     0
09.10.2016 07:00:00   ;     0
10.10.2016 07:00:00   ;     0
11.10.2016 07:00:00   ;     0
12.10.2016 07:00:00   ;     0
13.10.2016 07:00:00   ;     0
14.10.2016 07:00:00   ;     0
15.10.2016 07:00:00   ;     0
16.10.2016 07:00:00   ;     0
17.10.2016 07:00:00   ;     0
18.10.2016 07:00:00   ;     0
19.10.2016 07:00:00   ;     0
20.10.2016 07:00:00   ;     0
21.10.2016 07:00:00   ;     0
22.10.2016 07:00:00   ;     0
23.10.2016 07:00:00   ;     0
24.10.2016 07:00:00   ;     0
25.10.2016 07:00:00   ;     0
26.10.2016 07:00:00   ;     0
27.10.2016 07:00:00   ;     0
28.10.2016 07:00:00   ;     0
29.10.2016 07:00:00   ;     0
30.10.2016 07:00:00   ;     0
31.10.2016 07:00:00   ;     0
01.11.2016 07:00:00   ;     0
02.11.2016 07:00:00   ;     0
03.11.2016 07:00:00   ;     0
04.11.2016 07:00:00   ;     0
05.11.2016 07:00:00   ;     0
06.11.2016 07:00:00   ;     2
07.11.2016 07:00:00   ;     0
08.11.2016 07:00:00   ;     0
09.11.2016 07:00:00   ;     0
10.11.2016 07:00:00   ;     0
11.11.2016 07:00:00   ;     0
12.11.2016 07:00:00   ;     0
13.11.2016 07:00:00   ;     0
14.11.2016 07:00:00   ;     0
15.11.2016 07:00:00   ;     0
16.11.2016 07:00:00   ;     0
17.11.2016 07:00:00   ;     0
18.11.2016 07:00:00   ;     0
19.11.2016 07:00:00   ;     0
20.11.2016 07:00:00   ;     0
21.11.2016 07:00:00   ;     0
22.11.2016 07:00:00   ;     0
23.11.2016 07:00:00   ;     0
24.11.2016 07:00:00   ;     0
25.11.2016 07:00:00   ;     0
26.11.2016 07:00:00   ;     0
27.11.2016 07:00:00   ;     0
28.11.2016 07:00:00   ;     0
29.11.2016 07:00:00   ;     0
30.11.2016 07:00:00   ;     0
01.12.2016 07:00:00   ;     0
02.12.2016 07:00:00   ;     0
03.12.2016 07:00:00   ;     0
04.12.2016 07:00:00   ;     0
05.12.2016 07:00:00   ;     0
06.12.2016 07:00:00   ;     0
07.12.2016 07:00:00   ;     0
08.12.2016 07:00:00   ;     0
09.12.2016 07:00:00   ;     0
10.12.2016 07:00:00   ;     0
11.12.2016 07:00:00   ;     0
12.12.2016 07:00:00   ;     0
13.12.2016 07:00:00   ;     0
14.12.2016 07:00:00   ;     0
15.12.2016 07:00:00   ;     0
16.12.2016 07:00:00   ;     0
17.12.2016 07:00:00   ;     0
18.12.2016 07:00:00   ;     3
19.12.2016 07:00:00   ;     0
20.12.2016 07:00:00   ;     0
21.12.2016 07:00:00   ;     0
22.12.2016 07:00:00   ;     0
23.12.2016 07:00:00   ;     0
24.12.2016 07:00:00   ;     0
25.12.2016 07:00:00   ;     0
26.12.2016 07:00:00   ;     0
27.12.2016 07:00:00   ;     0
28.12.2016 07:00:00   ;     0
29.12.2016 07:00:00   ;     0
30.12.2016 07:00:00   ;     0
31.12.2016 07:00:00   ;     0
01.01.2017 07:00:00   ;     0
02.01.2017 07:00:00   ;     1
03.01.2017 07:00:00   ;     0
04.01.2017 07:00:00   ;    21
05.01.2017 07:00:00   ;     7
06.01.2017 07:00:00   ;     0
07.01.2017 07:00:00   ;    15
08.01.2017 07:00:00   ;     9
09.01.2017 07:00:00   ;     0
10.01.2017 07:00:00   ;     3
11.01.2017 07:00:00   ;    18
12.01.2017 07:00:00   ;     1
13.01.2017 07:00:00   ;     5
14.01.2017 07:00:00   ;    15
15.01.2017 07:00:00   ;     7
16.01.2017 07:00:00   ;     2
17.01.2017 07:00:00   ;     0
18.01.2017 07:00:00   ;     0
19.01.2017 07:00:00   ;     0
20.01.2017 07:00:00   ;     0
21.01.2017 07:00:00   ;     0
22.01.2017 07:00:00   ;     0
23.01.2017 07:00:00   ;     0
24.01.2017 07:00:00   ;     0
25.01.2017 07:00:00   ;     0
26.01.2017 07:00:00   ;     0
27.01.2017 07:00:00   ;     0
28.01.2017 07:00:00   ;     0
29.01.2017 07:00:00   ;     0
30.01.2017 07:00:00   ;     0
31.01.2017 07:00:00   ;     0
01.02.2017 07:00:00   ;     0
02.02.2017 07:00:00   ;     0
03.02.2017 07:00:00   ;     0
04.02.2017 07:00:00   ;     0
05.02.2017 07:00:00   ;     0
06.02.2017 07:00:00   ;     2
07.02.2017 07:00:00   ;     0
08.02.2017 07:00:00   ;     0
09.02.2017 07:00:00   ;     0
10.02.2017 07:00:00   ;     0
11.02.2017 07:00:00   ;     0
12.02.2017 07:00:00   ;     0
13.02.2017 07:00:00   ;     0
14.02.2017 07:00:00   ;     0
15.02.2017 07:00:00   ;     0
16.02.2017 07:00:00   ;     0
17.02.2017 07:00:00   ;     0
18.02.2017 07:00:00   ;     0
19.02.2017 07:00:00   ;     0
20.02.2017 07:00:00   ;     0
21.02.2017 07:00:00   ;     0
22.02.2017 07:00:00   ;     0
23.02.2017 07:00:00   ;     0
24.02.2017 07:00:00   ;     0
25.02.2017 07:00:00   ;     0
26.02.2017 07:00:00   ;     0
27.02.2017 07:00:00   ;     0
28.02.2017 07:00:00   ;     0
01.03.2017 07:00:00   ;     0
02.03.2017 07:00:00   ;     0
03.03.2017 07:00:00   ;     0
04.03.2017 07:00:00   ;     0
05.03.2017 07:00:00   ;     0
06.03.2017 07:00:00   ;     0
07.03.2017 07:00:00   ;     0
08.03.2017 07:00:00   ;     0
09.03.2017 07:00:00   ;     0
10.03.2017 07:00:00   ;     0
11.03.2017 07:00:00   ;     0
12.03.2017 07:00:00   ;     0
13.03.2017 07:00:00   ;     0
14.03.2017 07:00:00   ;     0
15.03.2017 07:00:00   ;     0
16.03.2017 07:00:00   ;     0
17.03.2017 07:00:00   ;     0
18.03.2017 07:00:00   ;     0
19.03.2017 07:00:00   ;     0
20.03.2017 07:00:00   ;     0
21.03.2017 07:00:00   ;     0
22.03.2017 07:00:00   ;     0
23.03.2017 07:00:00   ;     0
24.03.2017 07:00:00   ;     0
25.03.2017 07:00:00   ;     0
26.03.2017 07:00:00   ;     0
27.03.2017 07:00:00   ;     0
28.03.2017 07:00:00   ;     0
29.03.2017 07:00:00   ;     0
30.03.2017 07:00:00   ;     0
31.03.2017 07:00:00   ;     0
01.04.2017 07:00:00   ;     0
02.04.2017 07:00:00   ;     0
03.04.2017 07:00:00   ;     0
04.04.2017 07:00:00   ;     0
05.04.2017 07:00:00   ;     0
06.04.2017 07:00:00   ;     0
07.04.2017 07:00:00   ;     0
08.04.2017 07:00:00   ;     0
09.04.2017 07:00:00   ;     0
10.04.2017 07:00:00   ;     0
11.04.2017 07:00:00   ;     0
12.04.2017 07:00:00   ;     0
13.04.2017 07:00:00   ;     0
14.04.2017 07:00:00   ;     0
15.04.2017 07:00:00   ;     0
16.04.2017 07:00:00   ;     0
17.04.2017 07:00:00   ;     0
18.04.2017 07:00:00   ;    13
19.04.2017 07:00:00   ;     1
20.04.2017 07:00:00   ;     0
21.04.2017 07:00:00   ;     0
22.04.2017 07:00:00   ;     0
23.04.2017 07:00:00   ;     0
24.04.2017 07:00:00   ;     0
25.04.2017 07:00:00   ;     0
26.04.2017 07:00:00   ;     0
27.04.2017 07:00:00   ;     0
28.04.2017 07:00:00   ;     0
29.04.2017 07:00:00   ;     0
30.04.2017 07:00:00   ;     0
01.05.2017 07:00:00   ;     0
02.05.2017 07:00:00   ;     0
03.05.2017 07:00:00   ;     0
04.05.2017 07:00:00   ;     0
05.05.2017 07:00:00   ;     0
06.05.2017 07:00:00   ;     0
07.05.2017 07:00:00   ;     0
08.05.2017 07:00:00   ;     0
09.05.2017 07:00:00   ;     0
10.05.2017 07:00:00   ;     0
11.05.2017 07:00:00   ;     0
12.05.2017 07:00:00   ;     0
13.05.2017 07:00:00   ;     0
14.05.2017 07:00:00   ;     0
15.05.2017 07:00:00   ;     0
16.05.2017 07:00:00   ;     0
17.05.2017 07:00:00   ;     0
18.05.2017 07:00:00   ;     0
19.05.2017 07:00:00   ;     0
20.05.2017 07:00:00   ;     0
21.05.2017 07:00:00   ;     0
22.05.2017 07:00:00   ;     0
23.05.2017 07:00:00   ;     0
24.05.2017 07:00:00   ;     0
25.05.2017 07:00:00   ;     0
26.05.2017 07:00:00   ;     0
27.05.2017 07:00:00   ;     0
28.05.2017 07:00:00   ;     0
29.05.2017 07:00:00   ;     0
30.05.2017 07:00:00   ;     0
31.05.2017 07:00:00   ;     0
01.06.2017 07:00:00   ;     0
02.06.2017 07:00:00   ;     0
03.06.2017 07:00:00   ;     0
04.06.2017 07:00:00   ;     0
05.06.2017 07:00:00   ;     0
06.06.2017 07:00:00   ;     0
07.06.2017 07:00:00   ;     0
08.06.2017 07:00:00   ;     0
09.06.2017 07:00:00   ;     0
10.06.2017 07:00:00   ;     0
11.06.2017 07:00:00   ;     0
12.06.2017 07:00:00   ;     0
13.06.2017 07:00:00   ;     0
14.06.2017 07:00:00   ;     0
15.06.2017 07:00:00   ;     0
16.06.2017 07:00:00   ;     0
17.06.2017 07:00:00   ;     0
18.06.2017 07:00:00   ;     0
19.06.2017 07:00:00   ;     0
20.06.2017 07:00:00   ;     0
21.06.2017 07:00:00   ;     0
22.06.2017 07:00:00   ;     0
23.06.2017 07:00:00   ;     0
24.06.2017 07:00:00   ;     0
25.06.2017 07:00:00   ;     0
26.06.2017 07:00:00   ;     0
27.06.2017 07:00:00   ;     0
28.06.2017 07:00:00   ;     0
29.06.2017 07:00:00   ;     0
30.06.2017 07:00:00   ;     0
01.07.2017 07:00:00   ;     0
02.07.2017 07:00:00   ;     0
03.07.2017 07:00:00   ;     0
04.07.2017 07:00:00   ;     0
05.07.2017 07:00:00   ;     0
06.07.2017 07:00:00   ;     0
07.07.2017 07:00:00   ;     0
08.07.2017 07:00:00   ;     0
09.07.2017 07:00:00   ;     0
10.07.2017 07:00:00   ;     0
11.07.2017 07:00:00   ;     0
12.07.2017 07:00:00   ;     0
13.07.2017 07:00:00   ;     0
14.07.2017 07:00:00   ;     0
15.07.2017 07:00:00   ;     0
16.07.2017 07:00:00   ;     0
17.07.2017 07:00:00   ;     0
18.07.2017 07:00:00   ;     0
19.07.2017 07:00:00   ;     0
20.07.2017 07:00:00   ;     0
21.07.2017 07:00:00   ;     0
22.07.2017 07:00:00   ;     0
23.07.2017 07:00:00   ;     0
24.07.2017 07:00:00   ;     0
25.07.2017 07:00:00   ;     0
26.07.2017 07:00:00   ;     0
27.07.2017 07:00:00   ;     0
28.07.2017 07:00:00   ;     0
29.07.2017 07:00:00   ;     0
30.07.2017 07:00:00   ;     0
31.07.2017 07:00:00   ;     0
01.08.2017 07:00:00   ;     0
02.08.2017 07:00:00   ;     0
03.08.2017 07:00:00   ;     0
04.08.2017 07:00:00   ;     0
05.08.2017 07:00:00   ;     0
06.08.2017 07:00:00   ;     0
07.08.2017 07:00:00   ;     0
08.08.2017 07:00:00   ;     0
09.08.2017 07:00:00   ;     0
10.08.2017 07:00:00   ;     0
11.08.2017 07:00:00   ;     0
12.08.2017 07:00:00   ;     0
13.08.2017 07:00:00   ;     0
14.08.2017 07:00:00   ;     0
15.08.2017 07:00:00   ;     0
16.08.2017 07:00:00   ;     0
17.08.2017 07:00:00   ;     0
18.08.2017 07:00:00   ;     0
19.08.2017 07:00:00   ;     0
20.08.2017 07:00:00   ;     0
21.08.2017 07:00:00   ;     0
22.08.2017 07:00:00   ;     0
23.08.2017 07:00:00   ;     0
24.08.2017 07:00:00   ;     0
25.08.2017 07:00:00   ;     0
26.08.2017 07:00:00   ;     0
27.08.2017 07:00:00   ;     0
28.08.2017 07:00:00   ;     0
29.08.2017 07:00:00   ;     0
30.08.2017 07:00:00   ;     0
31.08.2017 07:00:00   ;     0
01.09.2017 07:00:00   ;     0
02.09.2017 07:00:00   ;     0
03.09.2017 07:00:00   ;     0
04.09.2017 07:00:00   ;     0
05.09.2017 07:00:00   ;     0
06.09.2017 07:00:00   ;     0
07.09.2017 07:00:00   ;     0
08.09.2017 07:00:00   ;     0
09.09.2017 07:00:00   ;     0
10.09.2017 07:00:00   ;     0
11.09.2017 07:00:00   ;     0
12.09.2017 07:00:00   ;     0
13.09.2017 07:00:00   ;     0
14.09.2017 07:00:00   ;     0
15.09.2017 07:00:00   ;     0
16.09.2017 07:00:00   ;     0
17.09.2017 07:00:00   ;     0
18.09.2017 07:00:00   ;     0
19.09.2017 07:00:00   ;     0
20.09.2017 07:00:00   ;     0
21.09.2017 07:00:00   ;     0
22.09.2017 07:00:00   ;     0
23.09.2017 07:00:00   ;     0
24.09.2017 07:00:00   ;     0
25.09.2017 07:00:00   ;     0
26.09.2017 07:00:00   ;     0
27.09.2017 07:00:00   ;     0
28.09.2017 07:00:00   ;     0
29.09.2017 07:00:00   ;     0
30.09.2017 07:00:00   ;     0
01.10.2017 07:00:00   ;     0
02.10.2017 07:00:00   ;     0
03.10.2017 07:00:00   ;     0
04.10.2017 07:00:00   ;     0
05.10.2017 07:00:00   ;     0
06.10.2017 07:00:00   ;     0
07.10.2017 07:00:00   ;     0
08.10.2017 07:00:00   ;     0
09.10.2017 07:00:00   ;     0
10.10.2017 07:00:00   ;     0
11.10.2017 07:00:00   ;     0
12.10.2017 07:00:00   ;     0
13.10.2017 07:00:00   ;     0
14.10.2017 07:00:00   ;     0
15.10.2017 07:00:00   ;     0
16.10.2017 07:00:00   ;     0
17.10.2017 07:00:00   ;     0
18.10.2017 07:00:00   ;     0
19.10.2017 07:00:00   ;     0
20.10.2017 07:00:00   ;     0
21.10.2017 07:00:00   ;     0
22.10.2017 07:00:00   ;     0
23.10.2017 07:00:00   ;     0
24.10.2017 07:00:00   ;     0
25.10.2017 07:00:00   ;     0
26.10.2017 07:00:00   ;     0
27.10.2017 07:00:00   ;     0
28.10.2017 07:00:00   ;     0
29.10.2017 07:00:00   ;     0
30.10.2017 07:00:00   ;     0
31.10.2017 07:00:00   ;     0
01.11.2017 07:00:00   ;     0
02.11.2017 07:00:00   ;     0
03.11.2017 07:00:00   ;     0
04.11.2017 07:00:00   ;     0
05.11.2017 07:00:00   ;     3
06.11.2017 07:00:00   ;     0
07.11.2017 07:00:00   ;     0
08.11.2017 07:00:00   ;     0
09.11.2017 07:00:00   ;     0
10.11.2017 07:00:00   ;     0
11.11.2017 07:00:00   ;     0
12.11.2017 07:00:00   ;     0
13.11.2017 07:00:00   ;     0
14.11.2017 07:00:00   ;     0
15.11.2017 07:00:00   ;     0
16.11.2017 07:00:00   ;     0
17.11.2017 07:00:00   ;     0
18.11.2017 07:00:00   ;     0
19.11.2017 07:00:00   ;     0
20.11.2017 07:00:00   ;     0
21.11.2017 07:00:00   ;     0
22.11.2017 07:00:00   ;     0
23.11.2017 07:00:00   ;     0
24.11.2017 07:00:00   ;     0
25.11.2017 07:00:00   ;     0
26.11.2017 07:00:00   ;     2
27.11.2017 07:00:00   ;     0
28.11.2017 07:00:00   ;     0
29.11.2017 07:00:00   ;     5
30.11.2017 07:00:00   ;     0
01.12.2017 07:00:00   ;     0
02.12.2017 07:00:00   ;     0
03.12.2017 07:00:00   ;     1
04.12.2017 07:00:00   ;    11
05.12.2017 07:00:00   ;     0
06.12.2017 07:00:00   ;     0
07.12.2017 07:00:00   ;     0
08.12.2017 07:00:00   ;     6
09.12.2017 07:00:00   ;     1
10.12.2017 07:00:00   ;     0
11.12.2017 07:00:00   ;     0
12.12.2017 07:00:00   ;     4
13.12.2017 07:00:00   ;     0
14.12.2017 07:00:00   ;     8
15.12.2017 07:00:00   ;     1
16.12.2017 07:00:00   ;     5
17.12.2017 07:00:00   ;     8
18.12.2017 07:00:00   ;     0,001
19.12.2017 07:00:00   ;     5
20.12.2017 07:00:00   ;     0
21.12.2017 07:00:00   ;     3
22.12.2017 07:00:00   ;     0
23.12.2017 07:00:00   ;     0
24.12.2017 07:00:00   ;     0
25.12.2017 07:00:00   ;     0
26.12.2017 07:00:00   ;     0
27.12.2017 07:00:00   ;     1
28.12.2017 07:00:00   ;     5
29.12.2017 07:00:00   ;     0
30.12.2017 07:00:00   ;     0,001
31.12.2017 07:00:00   ;     0
01.01.2018 07:00:00   ;     4
02.01.2018 07:00:00   ;     4
03.01.2018 07:00:00   ;     0
04.01.2018 07:00:00   ;     7
05.01.2018 07:00:00   ;     0
06.01.2018 07:00:00   ;     0
07.01.2018 07:00:00   ;     0
08.01.2018 07:00:00   ;     0
09.01.2018 07:00:00   ;     0
10.01.2018 07:00:00   ;     0
11.01.2018 07:00:00   ;     0
12.01.2018 07:00:00   ;     0
13.01.2018 07:00:00   ;     0
14.01.2018 07:00:00   ;     0
15.01.2018 07:00:00   ;     0
16.01.2018 07:00:00   ;     0
17.01.2018 07:00:00   ;    13
18.01.2018 07:00:00   ;     1
19.01.2018 07:00:00   ;     5
20.01.2018 07:00:00   ;    32
21.01.2018 07:00:00   ;    22
22.01.2018 07:00:00   ;     1
23.01.2018 07:00:00   ;     0
24.01.2018 07:00:00   ;     0
25.01.2018 07:00:00   ;     0
26.01.2018 07:00:00   ;     0
27.01.2018 07:00:00   ;     0
28.01.2018 07:00:00   ;     0
29.01.2018 07:00:00   ;     0
30.01.2018 07:00:00   ;     0
31.01.2018 07:00:00   ;     0
01.02.2018 07:00:00   ;     3
02.02.2018 07:00:00   ;     0
03.02.2018 07:00:00   ;     1
04.02.2018 07:00:00   ;     0
05.02.2018 07:00:00   ;     0
06.02.2018 07:00:00   ;     0
07.02.2018 07:00:00   ;     1
08.02.2018 07:00:00   ;     0
09.02.2018 07:00:00   ;     2
10.02.2018 07:00:00   ;     1
11.02.2018 07:00:00   ;     6
12.02.2018 07:00:00   ;     4
13.02.2018 07:00:00   ;     0
14.02.2018 07:00:00   ;     0
15.02.2018 07:00:00   ;     3
16.02.2018 07:00:00   ;     0
17.02.2018 07:00:00   ;     1
18.02.2018 07:00:00   ;     0
19.02.2018 07:00:00   ;     0
20.02.2018 07:00:00   ;     0
21.02.2018 07:00:00   ;     0
22.02.2018 07:00:00   ;     0
23.02.2018 07:00:00   ;     0
24.02.2018 07:00:00   ;     0
25.02.2018 07:00:00   ;     0
26.02.2018 07:00:00   ;     1
27.02.2018 07:00:00   ;     0
28.02.2018 07:00:00   ;     0
01.03.2018 07:00:00   ;     0
02.03.2018 07:00:00   ;     0
03.03.2018 07:00:00   ;     0
04.03.2018 07:00:00   ;     0
05.03.2018 07:00:00   ;     0
06.03.2018 07:00:00   ;     0
07.03.2018 07:00:00   ;     0
08.03.2018 07:00:00   ;     0
09.03.2018 07:00:00   ;     0
10.03.2018 07:00:00   ;     0
11.03.2018 07:00:00   ;     0
12.03.2018 07:00:00   ;     0
13.03.2018 07:00:00   ;     0
14.03.2018 07:00:00   ;     0
15.03.2018 07:00:00   ;     0
16.03.2018 07:00:00   ;     0
17.03.2018 07:00:00   ;     0
18.03.2018 07:00:00   ;     0
19.03.2018 07:00:00   ;     3
20.03.2018 07:00:00   ;     0
21.03.2018 07:00:00   ;     0
22.03.2018 07:00:00   ;     5
23.03.2018 07:00:00   ;     0
24.03.2018 07:00:00   ;     0
25.03.2018 07:00:00   ;     0
26.03.2018 07:00:00   ;     0
27.03.2018 07:00:00   ;     1
28.03.2018 07:00:00   ;     0
29.03.2018 07:00:00   ;     0
30.03.2018 07:00:00   ;     0
31.03.2018 07:00:00   ;     0
01.04.2018 07:00:00   ;     0
02.04.2018 07:00:00   ;     0
03.04.2018 07:00:00   ;     0
04.04.2018 07:00:00   ;     0
05.04.2018 07:00:00   ;     0
06.04.2018 07:00:00   ;     0
07.04.2018 07:00:00   ;     0
08.04.2018 07:00:00   ;     0
09.04.2018 07:00:00   ;     0
10.04.2018 07:00:00   ;     0
11.04.2018 07:00:00   ;     0
12.04.2018 07:00:00   ;     0
13.04.2018 07:00:00   ;     0
14.04.2018 07:00:00   ;     0
15.04.2018 07:00:00   ;     0
16.04.2018 07:00:00   ;     0
17.04.2018 07:00:00   ;     0
18.04.2018 07:00:00   ;     0
19.04.2018 07:00:00   ;     0
20.04.2018 07:00:00   ;     0
21.04.2018 07:00:00   ;     0
22.04.2018 07:00:00   ;     0
23.04.2018 07:00:00   ;     0
24.04.2018 07:00:00   ;     0
25.04.2018 07:00:00   ;     0
26.04.2018 07:00:00   ;     0
27.04.2018 07:00:00   ;     0
28.04.2018 07:00:00   ;     0
29.04.2018 07:00:00   ;     0
30.04.2018 07:00:00   ;     0
01.05.2018 07:00:00   ;     0
02.05.2018 07:00:00   ;     0
03.05.2018 07:00:00   ;     0
04.05.2018 07:00:00   ;     0
05.05.2018 07:00:00   ;     0
06.05.2018 07:00:00   ;     0
07.05.2018 07:00:00   ;     0
08.05.2018 07:00:00   ;     0
09.05.2018 07:00:00   ;     0
10.05.2018 07:00:00   ;     0
11.05.2018 07:00:00   ;     0
12.05.2018 07:00:00   ;     0
13.05.2018 07:00:00   ;     0
14.05.2018 07:00:00   ;     0
15.05.2018 07:00:00   ;     0
16.05.2018 07:00:00   ;     0
17.05.2018 07:00:00   ;     0
18.05.2018 07:00:00   ;     0
19.05.2018 07:00:00   ;     0
20.05.2018 07:00:00   ;     0
21.05.2018 07:00:00   ;     0
22.05.2018 07:00:00   ;     0
23.05.2018 07:00:00   ;     0
24.05.2018 07:00:00   ;     0
25.05.2018 07:00:00   ;     0
26.05.2018 07:00:00   ;     0
27.05.2018 07:00:00   ;     0
28.05.2018 07:00:00   ;     0
29.05.2018 07:00:00   ;     0
30.05.2018 07:00:00   ;     0
31.05.2018 07:00:00   ;     0
01.06.2018 07:00:00   ;     0
02.06.2018 07:00:00   ;     0
03.06.2018 07:00:00   ;     0
04.06.2018 07:00:00   ;     0
05.06.2018 07:00:00   ;     0
06.06.2018 07:00:00   ;     0
07.06.2018 07:00:00   ;     0
08.06.2018 07:00:00   ;     0
09.06.2018 07:00:00   ;     0
10.06.2018 07:00:00   ;     0
11.06.2018 07:00:00   ;     0
12.06.2018 07:00:00   ;     0
13.06.2018 07:00:00   ;     0
14.06.2018 07:00:00   ;     0
15.06.2018 07:00:00   ;     0
16.06.2018 07:00:00   ;     0
17.06.2018 07:00:00   ;     0
18.06.2018 07:00:00   ;     0
19.06.2018 07:00:00   ;     0
20.06.2018 07:00:00   ;     0
21.06.2018 07:00:00   ;     0
22.06.2018 07:00:00   ;     0
23.06.2018 07:00:00   ;     0
24.06.2018 07:00:00   ;     0
25.06.2018 07:00:00   ;     0
26.06.2018 07:00:00   ;     0
27.06.2018 07:00:00   ;     0
28.06.2018 07:00:00   ;     0
29.06.2018 07:00:00   ;     0
30.06.2018 07:00:00   ;     0
01.07.2018 07:00:00   ;     0
02.07.2018 07:00:00   ;     0
03.07.2018 07:00:00   ;     0
04.07.2018 07:00:00   ;     0
05.07.2018 07:00:00   ;     0
06.07.2018 07:00:00   ;     0
07.07.2018 07:00:00   ;     0
08.07.2018 07:00:00   ;     0
09.07.2018 07:00:00   ;     0
10.07.2018 07:00:00   ;     0
11.07.2018 07:00:00   ;     0
12.07.2018 07:00:00   ;     0
13.07.2018 07:00:00   ;     0
14.07.2018 07:00:00   ;     0
15.07.2018 07:00:00   ;     0
16.07.2018 07:00:00   ;     0
17.07.2018 07:00:00   ;     0
18.07.2018 07:00:00   ;     0
19.07.2018 07:00:00   ;     0
20.07.2018 07:00:00   ;     0
21.07.2018 07:00:00   ;     0
22.07.2018 07:00:00   ;     0
23.07.2018 07:00:00   ;     0
24.07.2018 07:00:00   ;     0
25.07.2018 07:00:00   ;     0
26.07.2018 07:00:00   ;     0
27.07.2018 07:00:00   ;     0
28.07.2018 07:00:00   ;     0
29.07.2018 07:00:00   ;     0
30.07.2018 07:00:00   ;     0
31.07.2018 07:00:00   ;     0
01.08.2018 07:00:00   ;     0
02.08.2018 07:00:00   ;     0
03.08.2018 07:00:00   ;     0
04.08.2018 07:00:00   ;     0
05.08.2018 07:00:00   ;     0
06.08.2018 07:00:00   ;     0
07.08.2018 07:00:00   ;     0
08.08.2018 07:00:00   ;     0
09.08.2018 07:00:00   ;     0
10.08.2018 07:00:00   ;     0
11.08.2018 07:00:00   ;     0
12.08.2018 07:00:00   ;     0
13.08.2018 07:00:00   ;     0
14.08.2018 07:00:00   ;     0
15.08.2018 07:00:00   ;     0
16.08.2018 07:00:00   ;     0
17.08.2018 07:00:00   ;     0
18.08.2018 07:00:00   ;     0
19.08.2018 07:00:00   ;     0
20.08.2018 07:00:00   ;     0
21.08.2018 07:00:00   ;     0
22.08.2018 07:00:00   ;     0
23.08.2018 07:00:00   ;     0
24.08.2018 07:00:00   ;     0
25.08.2018 07:00:00   ;     0
26.08.2018 07:00:00   ;     0
27.08.2018 07:00:00   ;     0
28.08.2018 07:00:00   ;     0
29.08.2018 07:00:00   ;     0
30.08.2018 07:00:00   ;     0
31.08.2018 07:00:00   ;     0
01.09.2018 07:00:00   ;     0
02.09.2018 07:00:00   ;     0
03.09.2018 07:00:00   ;     0
04.09.2018 07:00:00   ;     0
05.09.2018 07:00:00   ;     0
06.09.2018 07:00:00   ;     0
07.09.2018 07:00:00   ;     0
08.09.2018 07:00:00   ;     0
09.09.2018 07:00:00   ;     0
10.09.2018 07:00:00   ;     0
11.09.2018 07:00:00   ;     0
12.09.2018 07:00:00   ;     0
13.09.2018 07:00:00   ;     0
14.09.2018 07:00:00   ;     0
15.09.2018 07:00:00   ;     0
16.09.2018 07:00:00   ;     0
17.09.2018 07:00:00   ;     0
18.09.2018 07:00:00   ;     0
19.09.2018 07:00:00   ;     0
20.09.2018 07:00:00   ;     0
21.09.2018 07:00:00   ;     0
22.09.2018 07:00:00   ;     0
23.09.2018 07:00:00   ;     0
24.09.2018 07:00:00   ;     0
25.09.2018 07:00:00   ;     0
26.09.2018 07:00:00   ;     0
27.09.2018 07:00:00   ;     0
28.09.2018 07:00:00   ;     0
29.09.2018 07:00:00   ;     0
30.09.2018 07:00:00   ;     0
01.10.2018 07:00:00   ;     0
02.10.2018 07:00:00   ;     0
03.10.2018 07:00:00   ;     0
04.10.2018 07:00:00   ;     0
05.10.2018 07:00:00   ;     0
06.10.2018 07:00:00   ;     0
07.10.2018 07:00:00   ;     0
08.10.2018 07:00:00   ;     0
09.10.2018 07:00:00   ;     0
10.10.2018 07:00:00   ;     0
11.10.2018 07:00:00   ;     0
12.10.2018 07:00:00   ;     0
13.10.2018 07:00:00   ;     0
14.10.2018 07:00:00   ;     0
15.10.2018 07:00:00   ;     0
16.10.2018 07:00:00   ;     0
17.10.2018 07:00:00   ;     0
18.10.2018 07:00:00   ;     0
19.10.2018 07:00:00   ;     0
20.10.2018 07:00:00   ;     0
21.10.2018 07:00:00   ;     0
22.10.2018 07:00:00   ;     0
23.10.2018 07:00:00   ;     0
24.10.2018 07:00:00   ;     0
25.10.2018 07:00:00   ;     0
26.10.2018 07:00:00   ;     0
27.10.2018 07:00:00   ;     0
28.10.2018 07:00:00   ;     0
29.10.2018 07:00:00   ;     0
30.10.2018 07:00:00   ;     0
31.10.2018 07:00:00   ;     0
01.11.2018 07:00:00   ;     0
02.11.2018 07:00:00   ;     0
03.11.2018 07:00:00   ;     0
04.11.2018 07:00:00   ;     0
05.11.2018 07:00:00   ;     0
06.11.2018 07:00:00   ;     0
07.11.2018 07:00:00   ;     0
08.11.2018 07:00:00   ;     0
09.11.2018 07:00:00   ;     0
10.11.2018 07:00:00   ;     0
11.11.2018 07:00:00   ;     0
12.11.2018 07:00:00   ;     0
13.11.2018 07:00:00   ;     0
14.11.2018 07:00:00   ;     0
15.11.2018 07:00:00   ;     0
16.11.2018 07:00:00   ;     0
17.11.2018 07:00:00   ;     0
18.11.2018 07:00:00   ;     1
19.11.2018 07:00:00   ;     0
20.11.2018 07:00:00   ;     0
21.11.2018 07:00:00   ;     0
22.11.2018 07:00:00   ;     0
23.11.2018 07:00:00   ;     0
24.11.2018 07:00:00   ;     0
25.11.2018 07:00:00   ;     0
26.11.2018 07:00:00   ;     0
27.11.2018 07:00:00   ;     0
28.11.2018 07:00:00   ;     0
29.11.2018 07:00:00   ;     0
30.11.2018 07:00:00   ;     0
01.12.2018 07:00:00   ;     0
02.12.2018 07:00:00   ;     0
03.12.2018 07:00:00   ;     0
04.12.2018 07:00:00   ;     0
05.12.2018 07:00:00   ;     0
06.12.2018 07:00:00   ;     0
07.12.2018 07:00:00   ;     0
08.12.2018 07:00:00   ;     0
09.12.2018 07:00:00   ;     0
10.12.2018 07:00:00   ;     4
11.12.2018 07:00:00   ;     5
12.12.2018 07:00:00   ;     0
13.12.2018 07:00:00   ;     0
14.12.2018 07:00:00   ;     0
15.12.2018 07:00:00   ;     0
16.12.2018 07:00:00   ;     1
17.12.2018 07:00:00   ;     1
18.12.2018 07:00:00   ;     0
19.12.2018 07:00:00   ;     2
20.12.2018 07:00:00   ;     0
21.12.2018 07:00:00   ;     0
22.12.2018 07:00:00   ;     0
23.12.2018 07:00:00   ;     0
24.12.2018 07:00:00   ;     0
25.12.2018 07:00:00   ;     0
26.12.2018 07:00:00   ;     0
27.12.2018 07:00:00   ;     0
28.12.2018 07:00:00   ;     0
29.12.2018 07:00:00   ;     1
30.12.2018 07:00:00   ;     1
31.12.2018 07:00:00   ;     4
01.01.2019 07:00:00   ;     5
02.01.2019 07:00:00   ;    20
03.01.2019 07:00:00   ;     4
04.01.2019 07:00:00   ;    17
05.01.2019 07:00:00   ;    35
06.01.2019 07:00:00   ;     5
07.01.2019 07:00:00   ;     1
08.01.2019 07:00:00   ;    20
09.01.2019 07:00:00   ;    24
10.01.2019 07:00:00   ;    19
11.01.2019 07:00:00   ;     9
12.01.2019 07:00:00   ;    16
13.01.2019 07:00:00   ;     5
14.01.2019 07:00:00   ;    10
15.01.2019 07:00:00   ;     0
16.01.2019 07:00:00   ;     0
17.01.2019 07:00:00   ;     1
18.01.2019 07:00:00   ;     0
19.01.2019 07:00:00   ;     0
20.01.2019 07:00:00   ;     0
21.01.2019 07:00:00   ;     0
22.01.2019 07:00:00   ;     0
23.01.2019 07:00:00   ;     0
24.01.2019 07:00:00   ;     2
25.01.2019 07:00:00   ;     3
26.01.2019 07:00:00   ;     7
27.01.2019 07:00:00   ;     2
28.01.2019 07:00:00   ;     6
29.01.2019 07:00:00   ;     0
30.01.2019 07:00:00   ;     3
31.01.2019 07:00:00   ;     0
01.02.2019 07:00:00   ;     0
02.02.2019 07:00:00   ;     3
03.02.2019 07:00:00   ;     1
04.02.2019 07:00:00   ;     0
05.02.2019 07:00:00   ;     0
06.02.2019 07:00:00   ;     0
07.02.2019 07:00:00   ;     1
08.02.2019 07:00:00   ;     0
09.02.2019 07:00:00   ;     0
10.02.2019 07:00:00   ;     0
11.02.2019 07:00:00   ;    11
12.02.2019 07:00:00   ;     2
13.02.2019 07:00:00   ;     0
14.02.2019 07:00:00   ;     0
15.02.2019 07:00:00   ;     0
16.02.2019 07:00:00   ;     0
17.02.2019 07:00:00   ;     0
18.02.2019 07:00:00   ;     0
19.02.2019 07:00:00   ;     0
20.02.2019 07:00:00   ;     0
21.02.2019 07:00:00   ;     0
22.02.2019 07:00:00   ;     0
23.02.2019 07:00:00   ;     0
24.02.2019 07:00:00   ;     0
25.02.2019 07:00:00   ;     0
26.02.2019 07:00:00   ;     0
27.02.2019 07:00:00   ;     0
28.02.2019 07:00:00   ;     0
01.03.2019 07:00:00   ;     0
02.03.2019 07:00:00   ;     0
03.03.2019 07:00:00   ;     0
04.03.2019 07:00:00   ;     0
05.03.2019 07:00:00   ;     0
06.03.2019 07:00:00   ;     0
07.03.2019 07:00:00   ;     0
08.03.2019 07:00:00   ;     0
09.03.2019 07:00:00   ;     0
10.03.2019 07:00:00   ;     0
11.03.2019 07:00:00   ;     2
12.03.2019 07:00:00   ;     0
13.03.2019 07:00:00   ;     2
14.03.2019 07:00:00   ;     1
15.03.2019 07:00:00   ;     0
16.03.2019 07:00:00   ;     0
17.03.2019 07:00:00   ;     0
18.03.2019 07:00:00   ;     2
19.03.2019 07:00:00   ;     0
20.03.2019 07:00:00   ;     0
21.03.2019 07:00:00   ;     0
22.03.2019 07:00:00   ;     0
23.03.2019 07:00:00   ;     0
24.03.2019 07:00:00   ;     0
25.03.2019 07:00:00   ;     0
26.03.2019 07:00:00   ;     0
27.03.2019 07:00:00   ;     0
28.03.2019 07:00:00   ;     0
29.03.2019 07:00:00   ;     0
30.03.2019 07:00:00   ;     0
31.03.2019 07:00:00   ;     0
01.04.2019 07:00:00   ;     0
02.04.2019 07:00:00   ;     0
03.04.2019 07:00:00   ;     0
04.04.2019 07:00:00   ;     0
05.04.2019 07:00:00   ;     0
06.04.2019 07:00:00   ;     0
07.04.2019 07:00:00   ;     0
08.04.2019 07:00:00   ;     0
09.04.2019 07:00:00   ;     0
10.04.2019 07:00:00   ;     0
11.04.2019 07:00:00   ;     0
12.04.2019 07:00:00   ;     0
13.04.2019 07:00:00   ;     0
14.04.2019 07:00:00   ;     0
15.04.2019 07:00:00   ;     0
16.04.2019 07:00:00   ;     0
17.04.2019 07:00:00   ;     0
18.04.2019 07:00:00   ;     0
19.04.2019 07:00:00   ;     0
20.04.2019 07:00:00   ;     0
21.04.2019 07:00:00   ;     0
22.04.2019 07:00:00   ;     0
23.04.2019 07:00:00   ;     0
24.04.2019 07:00:00   ;     0
25.04.2019 07:00:00   ;     0
26.04.2019 07:00:00   ;     0
27.04.2019 07:00:00   ;     0
28.04.2019 07:00:00   ;     0
29.04.2019 07:00:00   ;     0
30.04.2019 07:00:00   ;     0
01.05.2019 07:00:00   ;     0
02.05.2019 07:00:00   ;     0
03.05.2019 07:00:00   ;     0
04.05.2019 07:00:00   ;     2
05.05.2019 07:00:00   ;     0
06.05.2019 07:00:00   ;     0
07.05.2019 07:00:00   ;     0
08.05.2019 07:00:00   ;     0
09.05.2019 07:00:00   ;     0
10.05.2019 07:00:00   ;     0
11.05.2019 07:00:00   ;     0
12.05.2019 07:00:00   ;     0
13.05.2019 07:00:00   ;     0
14.05.2019 07:00:00   ;     0
15.05.2019 07:00:00   ;     0
16.05.2019 07:00:00   ;     0
17.05.2019 07:00:00   ;     0
18.05.2019 07:00:00   ;     0
19.05.2019 07:00:00   ;     0
20.05.2019 07:00:00   ;     0
21.05.2019 07:00:00   ;     0
22.05.2019 07:00:00   ;     0
23.05.2019 07:00:00   ;     0
24.05.2019 07:00:00   ;     0
25.05.2019 07:00:00   ;     0
26.05.2019 07:00:00   ;     0
27.05.2019 07:00:00   ;     0
28.05.2019 07:00:00   ;     0
29.05.2019 07:00:00   ;     0
30.05.2019 07:00:00   ;     0
31.05.2019 07:00:00   ;     0
01.06.2019 07:00:00   ;     0
02.06.2019 07:00:00   ;     0
03.06.2019 07:00:00   ;     0
04.06.2019 07:00:00   ;     0
05.06.2019 07:00:00   ;     0
06.06.2019 07:00:00   ;     0
07.06.2019 07:00:00   ;     0
08.06.2019 07:00:00   ;     0
09.06.2019 07:00:00   ;     0
10.06.2019 07:00:00   ;     0
11.06.2019 07:00:00   ;     0
12.06.2019 07:00:00   ;     0
13.06.2019 07:00:00   ;     0
14.06.2019 07:00:00   ;     0
15.06.2019 07:00:00   ;     0
16.06.2019 07:00:00   ;     0
17.06.2019 07:00:00   ;     0
18.06.2019 07:00:00   ;     0
19.06.2019 07:00:00   ;     0
20.06.2019 07:00:00   ;     0
21.06.2019 07:00:00   ;     0
22.06.2019 07:00:00   ;     0
23.06.2019 07:00:00   ;     0
24.06.2019 07:00:00   ;     0
25.06.2019 07:00:00   ;     0
26.06.2019 07:00:00   ;     0
27.06.2019 07:00:00   ;     0
28.06.2019 07:00:00   ;     0
29.06.2019 07:00:00   ;     0
30.06.2019 07:00:00   ;     0
01.07.2019 07:00:00   ;     0
02.07.2019 07:00:00   ;     0
03.07.2019 07:00:00   ;     0
04.07.2019 07:00:00   ;     0
05.07.2019 07:00:00   ;     0
06.07.2019 07:00:00   ;     0
07.07.2019 07:00:00   ;     0
08.07.2019 07:00:00   ;     0
09.07.2019 07:00:00   ;     0
10.07.2019 07:00:00   ;     0
11.07.2019 07:00:00   ;     0
12.07.2019 07:00:00   ;     0
13.07.2019 07:00:00   ;     0
14.07.2019 07:00:00   ;     0
15.07.2019 07:00:00   ;     0
16.07.2019 07:00:00   ;     0
17.07.2019 07:00:00   ;     0
18.07.2019 07:00:00   ;     0
19.07.2019 07:00:00   ;     0
20.07.2019 07:00:00   ;     0
21.07.2019 07:00:00   ;     0
22.07.2019 07:00:00   ;     0
23.07.2019 07:00:00   ;     0
24.07.2019 07:00:00   ;     0
25.07.2019 07:00:00   ;     0
26.07.2019 07:00:00   ;     0
27.07.2019 07:00:00   ;     0
28.07.2019 07:00:00   ;     0
29.07.2019 07:00:00   ;     0
30.07.2019 07:00:00   ;     0
31.07.2019 07:00:00   ;     0
01.08.2019 07:00:00   ;     0
02.08.2019 07:00:00   ;     0
03.08.2019 07:00:00   ;     0
04.08.2019 07:00:00   ;     0
05.08.2019 07:00:00   ;     0
06.08.2019 07:00:00   ;     0
07.08.2019 07:00:00   ;     0
08.08.2019 07:00:00   ;     0
09.08.2019 07:00:00   ;     0
10.08.2019 07:00:00   ;     0
11.08.2019 07:00:00   ;     0
12.08.2019 07:00:00   ;     0
13.08.2019 07:00:00   ;     0
14.08.2019 07:00:00   ;     0
15.08.2019 07:00:00   ;     0
16.08.2019 07:00:00   ;     0
17.08.2019 07:00:00   ;     0
18.08.2019 07:00:00   ;     0
19.08.2019 07:00:00   ;     0
20.08.2019 07:00:00   ;     0
21.08.2019 07:00:00   ;     0
22.08.2019 07:00:00   ;     0
23.08.2019 07:00:00   ;     0
24.08.2019 07:00:00   ;     0
25.08.2019 07:00:00   ;     0
26.08.2019 07:00:00   ;     0
27.08.2019 07:00:00   ;     0
28.08.2019 07:00:00   ;     0
29.08.2019 07:00:00   ;     0
30.08.2019 07:00:00   ;     0
31.08.2019 07:00:00   ;     0
01.09.2019 07:00:00   ;     0
02.09.2019 07:00:00   ;     0
03.09.2019 07:00:00   ;     0
04.09.2019 07:00:00   ;     0
05.09.2019 07:00:00   ;     0
06.09.2019 07:00:00   ;     0
07.09.2019 07:00:00   ;     0
08.09.2019 07:00:00   ;     0
09.09.2019 07:00:00   ;     0
10.09.2019 07:00:00   ;     0
11.09.2019 07:00:00   ;     0
12.09.2019 07:00:00   ;     0
13.09.2019 07:00:00   ;     0
14.09.2019 07:00:00   ;     0
15.09.2019 07:00:00   ;     0
16.09.2019 07:00:00   ;     0
17.09.2019 07:00:00   ;     0
18.09.2019 07:00:00   ;     0
19.09.2019 07:00:00   ;     0
20.09.2019 07:00:00   ;     0
21.09.2019 07:00:00   ;     0
22.09.2019 07:00:00   ;     0
23.09.2019 07:00:00   ;     0
24.09.2019 07:00:00   ;     0
25.09.2019 07:00:00   ;     0
26.09.2019 07:00:00   ;     0
27.09.2019 07:00:00   ;     0
28.09.2019 07:00:00   ;     0
29.09.2019 07:00:00   ;     0
30.09.2019 07:00:00   ;     0
01.10.2019 07:00:00   ;     0
02.10.2019 07:00:00   ;     0
03.10.2019 07:00:00   ;     0
04.10.2019 07:00:00   ;     0
05.10.2019 07:00:00   ;     0
06.10.2019 07:00:00   ;     0
07.10.2019 07:00:00   ;     0
08.10.2019 07:00:00   ;     0
09.10.2019 07:00:00   ;     0
10.10.2019 07:00:00   ;     0
11.10.2019 07:00:00   ;     0
12.10.2019 07:00:00   ;     0
13.10.2019 07:00:00   ;     0
14.10.2019 07:00:00   ;     0
15.10.2019 07:00:00   ;     0
16.10.2019 07:00:00   ;     0
17.10.2019 07:00:00   ;     0
18.10.2019 07:00:00   ;     0
19.10.2019 07:00:00   ;     0
20.10.2019 07:00:00   ;     0
21.10.2019 07:00:00   ;     0
22.10.2019 07:00:00   ;     0
23.10.2019 07:00:00   ;     0
24.10.2019 07:00:00   ;     0
25.10.2019 07:00:00   ;     0
26.10.2019 07:00:00   ;     0
27.10.2019 07:00:00   ;     0
28.10.2019 07:00:00   ;     0
29.10.2019 07:00:00   ;     0
30.10.2019 07:00:00   ;     0
31.10.2019 07:00:00   ;     0
01.11.2019 07:00:00   ;     0
02.11.2019 07:00:00   ;     0
03.11.2019 07:00:00   ;     0
04.11.2019 07:00:00   ;     0
05.11.2019 07:00:00   ;     0
06.11.2019 07:00:00   ;     0
07.11.2019 07:00:00   ;     0
08.11.2019 07:00:00   ;     0
09.11.2019 07:00:00   ;     0
10.11.2019 07:00:00   ;     0
11.11.2019 07:00:00   ;     0
12.11.2019 07:00:00   ;     5
13.11.2019 07:00:00   ;     0
14.11.2019 07:00:00   ;     0
15.11.2019 07:00:00   ;     0
16.11.2019 07:00:00   ;     0
17.11.2019 07:00:00   ;     0
18.11.2019 07:00:00   ;     0
19.11.2019 07:00:00   ;     0
20.11.2019 07:00:00   ;     0
21.11.2019 07:00:00   ;     0
22.11.2019 07:00:00   ;     0
23.11.2019 07:00:00   ;     0
24.11.2019 07:00:00   ;     0
25.11.2019 07:00:00   ;     0
26.11.2019 07:00:00   ;     0
27.11.2019 07:00:00   ;     0
28.11.2019 07:00:00   ;     0
29.11.2019 07:00:00   ;     0
30.11.2019 07:00:00   ;     0
01.12.2019 07:00:00   ;     0
02.12.2019 07:00:00   ;     0
03.12.2019 07:00:00   ;     0
04.12.2019 07:00:00   ;     0
05.12.2019 07:00:00   ;     0
06.12.2019 07:00:00   ;     0
07.12.2019 07:00:00   ;     0
08.12.2019 07:00:00   ;     0
09.12.2019 07:00:00   ;     0
10.12.2019 07:00:00   ;     0
11.12.2019 07:00:00   ;     2
12.12.2019 07:00:00   ;     0
13.12.2019 07:00:00   ;     0
14.12.2019 07:00:00   ;     0
15.12.2019 07:00:00   ;     0
16.12.2019 07:00:00   ;     0
17.12.2019 07:00:00   ;     0
18.12.2019 07:00:00   ;     0
19.12.2019 07:00:00   ;     0
20.12.2019 07:00:00   ;     0
21.12.2019 07:00:00   ;     0
22.12.2019 07:00:00   ;     0
23.12.2019 07:00:00   ;     0
24.12.2019 07:00:00   ;     0
25.12.2019 07:00:00   ;     0
26.12.2019 07:00:00   ;     1
27.12.2019 07:00:00   ;     0
28.12.2019 07:00:00   ;     0
29.12.2019 07:00:00   ;     0
30.12.2019 07:00:00   ;     0
31.12.2019 07:00:00   ;     0
01.01.2020 07:00:00   ;     0
02.01.2020 07:00:00   ;     0
03.01.2020 07:00:00   ;     0
04.01.2020 07:00:00   ;     0
05.01.2020 07:00:00   ;     0
06.01.2020 07:00:00   ;     0
07.01.2020 07:00:00   ;     0
08.01.2020 07:00:00   ;     0
09.01.2020 07:00:00   ;     0
10.01.2020 07:00:00   ;     0
11.01.2020 07:00:00   ;     0
12.01.2020 07:00:00   ;     0
13.01.2020 07:00:00   ;     0
14.01.2020 07:00:00   ;     0
15.01.2020 07:00:00   ;     0
16.01.2020 07:00:00   ;     0
17.01.2020 07:00:00   ;     5
18.01.2020 07:00:00   ;     4
19.01.2020 07:00:00   ;     1
20.01.2020 07:00:00   ;     0
21.01.2020 07:00:00   ;     0
22.01.2020 07:00:00   ;     0
23.01.2020 07:00:00   ;     0
24.01.2020 07:00:00   ;     0
25.01.2020 07:00:00   ;     0
26.01.2020 07:00:00   ;     0
27.01.2020 07:00:00   ;     0
28.01.2020 07:00:00   ;     7
29.01.2020 07:00:00   ;    10
30.01.2020 07:00:00   ;     0
31.01.2020 07:00:00   ;     0
01.02.2020 07:00:00   ;     0
02.02.2020 07:00:00   ;     0
03.02.2020 07:00:00   ;     0
04.02.2020 07:00:00   ;    10
05.02.2020 07:00:00   ;     6
06.02.2020 07:00:00   ;     0
07.02.2020 07:00:00   ;     0
08.02.2020 07:00:00   ;     0
09.02.2020 07:00:00   ;     0
10.02.2020 07:00:00   ;     0
11.02.2020 07:00:00   ;     3
12.02.2020 07:00:00   ;     0
13.02.2020 07:00:00   ;     0
14.02.2020 07:00:00   ;     0
15.02.2020 07:00:00   ;     0
16.02.2020 07:00:00   ;     0
17.02.2020 07:00:00   ;     0
18.02.2020 07:00:00   ;     0
19.02.2020 07:00:00   ;     1
20.02.2020 07:00:00   ;     0
21.02.2020 07:00:00   ;     0
22.02.2020 07:00:00   ;     0
23.02.2020 07:00:00   ;     0
24.02.2020 07:00:00   ;     0
25.02.2020 07:00:00   ;     0
26.02.2020 07:00:00   ;     1
27.02.2020 07:00:00   ;     7
28.02.2020 07:00:00   ;     0
29.02.2020 07:00:00   ;     0
01.03.2020 07:00:00   ;     0
02.03.2020 07:00:00   ;     0
03.03.2020 07:00:00   ;     0
04.03.2020 07:00:00   ;     0
05.03.2020 07:00:00   ;     0
06.03.2020 07:00:00   ;     0
07.03.2020 07:00:00   ;     0
08.03.2020 07:00:00   ;     0
09.03.2020 07:00:00   ;     0
10.03.2020 07:00:00   ;     0
11.03.2020 07:00:00   ;     0
12.03.2020 07:00:00   ;     0
13.03.2020 07:00:00   ;     0
14.03.2020 07:00:00   ;     0
15.03.2020 07:00:00   ;     0
16.03.2020 07:00:00   ;     0
17.03.2020 07:00:00   ;     0
18.03.2020 07:00:00   ;     0
19.03.2020 07:00:00   ;     0
20.03.2020 07:00:00   ;     0
21.03.2020 07:00:00   ;     0
22.03.2020 07:00:00   ;     0
23.03.2020 07:00:00   ;     0
24.03.2020 07:00:00   ;     0
25.03.2020 07:00:00   ;     0
26.03.2020 07:00:00   ;     0
27.03.2020 07:00:00   ;     0
28.03.2020 07:00:00   ;     0
29.03.2020 07:00:00   ;     1
30.03.2020 07:00:00   ;     0
31.03.2020 07:00:00   ;     0
01.04.2020 07:00:00   ;     0
02.04.2020 07:00:00   ;     0
03.04.2020 07:00:00   ;     0
04.04.2020 07:00:00   ;     0
05.04.2020 07:00:00   ;     0
06.04.2020 07:00:00   ;     0
07.04.2020 07:00:00   ;     0
08.04.2020 07:00:00   ;     0
09.04.2020 07:00:00   ;     0
10.04.2020 07:00:00   ;     0
11.04.2020 07:00:00   ;     0
12.04.2020 07:00:00   ;     0
13.04.2020 07:00:00   ;     0
14.04.2020 07:00:00   ;     0
15.04.2020 07:00:00   ;     0
16.04.2020 07:00:00   ;     0
17.04.2020 07:00:00   ;     0
18.04.2020 07:00:00   ;     0
19.04.2020 07:00:00   ;     0
20.04.2020 07:00:00   ;     0
21.04.2020 07:00:00   ;     0
22.04.2020 07:00:00   ;     0
23.04.2020 07:00:00   ;     0
24.04.2020 07:00:00   ;     0
25.04.2020 07:00:00   ;     0
26.04.2020 07:00:00   ;     0
27.04.2020 07:00:00   ;     0
28.04.2020 07:00:00   ;     0
29.04.2020 07:00:00   ;     0
30.04.2020 07:00:00   ;     0
01.05.2020 07:00:00   ;     0
02.05.2020 07:00:00   ;     0
03.05.2020 07:00:00   ;     0
04.05.2020 07:00:00   ;     0
05.05.2020 07:00:00   ;     0
06.05.2020 07:00:00   ;     0
07.05.2020 07:00:00   ;     0
08.05.2020 07:00:00   ;     0
09.05.2020 07:00:00   ;     0
10.05.2020 07:00:00   ;     0
11.05.2020 07:00:00   ;     0
12.05.2020 07:00:00   ;     0
13.05.2020 07:00:00   ;     0
14.05.2020 07:00:00   ;     0
15.05.2020 07:00:00   ;     0
16.05.2020 07:00:00   ;     0
17.05.2020 07:00:00   ;     0
18.05.2020 07:00:00   ;     0
19.05.2020 07:00:00   ;     0
20.05.2020 07:00:00   ;     0
21.05.2020 07:00:00   ;     0
22.05.2020 07:00:00   ;     0
23.05.2020 07:00:00   ;     0
24.05.2020 07:00:00   ;     0
25.05.2020 07:00:00   ;     0
26.05.2020 07:00:00   ;     0
27.05.2020 07:00:00   ;     0
28.05.2020 07:00:00   ;     0
29.05.2020 07:00:00   ;     0
30.05.2020 07:00:00   ;     0
31.05.2020 07:00:00   ;     0
01.06.2020 07:00:00   ;     0
02.06.2020 07:00:00   ;     0
03.06.2020 07:00:00   ;     0
04.06.2020 07:00:00   ;     0
05.06.2020 07:00:00   ;     0
06.06.2020 07:00:00   ;     0
07.06.2020 07:00:00   ;     0
08.06.2020 07:00:00   ;     0
09.06.2020 07:00:00   ;     0
10.06.2020 07:00:00   ;     0
11.06.2020 07:00:00   ;     0
12.06.2020 07:00:00   ;     0
13.06.2020 07:00:00   ;     0
14.06.2020 07:00:00   ;     0
15.06.2020 07:00:00   ;     0
16.06.2020 07:00:00   ;     0
17.06.2020 07:00:00   ;     0
18.06.2020 07:00:00   ;     0
19.06.2020 07:00:00   ;     0
20.06.2020 07:00:00   ;     0
21.06.2020 07:00:00   ;     0
22.06.2020 07:00:00   ;     0
23.06.2020 07:00:00   ;     0
24.06.2020 07:00:00   ;     0
25.06.2020 07:00:00   ;     0
26.06.2020 07:00:00   ;     0
27.06.2020 07:00:00   ;     0
28.06.2020 07:00:00   ;     0
29.06.2020 07:00:00   ;     0
30.06.2020 07:00:00   ;     0
01.07.2020 07:00:00   ;     0
02.07.2020 07:00:00   ;     0
03.07.2020 07:00:00   ;     0
04.07.2020 07:00:00   ;     0
05.07.2020 07:00:00   ;     0
06.07.2020 07:00:00   ;     0
07.07.2020 07:00:00   ;     0
08.07.2020 07:00:00   ;     0
09.07.2020 07:00:00   ;     0
10.07.2020 07:00:00   ;     0
11.07.2020 07:00:00   ;     0
12.07.2020 07:00:00   ;     0
13.07.2020 07:00:00   ;     0
14.07.2020 07:00:00   ;     0
15.07.2020 07:00:00   ;     0
16.07.2020 07:00:00   ;     0
17.07.2020 07:00:00   ;     0
18.07.2020 07:00:00   ;     0
19.07.2020 07:00:00   ;     0
20.07.2020 07:00:00   ;     0
21.07.2020 07:00:00   ;     0
22.07.2020 07:00:00   ;     0
23.07.2020 07:00:00   ;     0
24.07.2020 07:00:00   ;     0
25.07.2020 07:00:00   ;     0
26.07.2020 07:00:00   ;     0
27.07.2020 07:00:00   ;     0
28.07.2020 07:00:00   ;     0
29.07.2020 07:00:00   ;     0
30.07.2020 07:00:00   ;     0
31.07.2020 07:00:00   ;     0
01.08.2020 07:00:00   ;     0
02.08.2020 07:00:00   ;     0
03.08.2020 07:00:00   ;     0
04.08.2020 07:00:00   ;     0
05.08.2020 07:00:00   ;     0
06.08.2020 07:00:00   ;     0
07.08.2020 07:00:00   ;     0
08.08.2020 07:00:00   ;     0
09.08.2020 07:00:00   ;     0
10.08.2020 07:00:00   ;     0
11.08.2020 07:00:00   ;     0
12.08.2020 07:00:00   ;     0
13.08.2020 07:00:00   ;     0
14.08.2020 07:00:00   ;     0
15.08.2020 07:00:00   ;     0
16.08.2020 07:00:00   ;     0
17.08.2020 07:00:00   ;     0
18.08.2020 07:00:00   ;     0
19.08.2020 07:00:00   ;     0
20.08.2020 07:00:00   ;     0
21.08.2020 07:00:00   ;     0
22.08.2020 07:00:00   ;     0
23.08.2020 07:00:00   ;     0
24.08.2020 07:00:00   ;     0
25.08.2020 07:00:00   ;     0
26.08.2020 07:00:00   ;     0
27.08.2020 07:00:00   ;     0
28.08.2020 07:00:00   ;     0
29.08.2020 07:00:00   ;     0
30.08.2020 07:00:00   ;     0
31.08.2020 07:00:00   ;     0
01.09.2020 07:00:00   ;     0
02.09.2020 07:00:00   ;     0
03.09.2020 07:00:00   ;     0
04.09.2020 07:00:00   ;     0
05.09.2020 07:00:00   ;     0
06.09.2020 07:00:00   ;     0
07.09.2020 07:00:00   ;     0
08.09.2020 07:00:00   ;     0
09.09.2020 07:00:00   ;     0
10.09.2020 07:00:00   ;     0
11.09.2020 07:00:00   ;     0
12.09.2020 07:00:00   ;     0
13.09.2020 07:00:00   ;     0
14.09.2020 07:00:00   ;     0
15.09.2020 07:00:00   ;     0
16.09.2020 07:00:00   ;     0
17.09.2020 07:00:00   ;     0
18.09.2020 07:00:00   ;     0
19.09.2020 07:00:00   ;     0
20.09.2020 07:00:00   ;     0
21.09.2020 07:00:00   ;     0
22.09.2020 07:00:00   ;     0
23.09.2020 07:00:00   ;     0
24.09.2020 07:00:00   ;     0
25.09.2020 07:00:00   ;     0
26.09.2020 07:00:00   ;     0
27.09.2020 07:00:00   ;     0
28.09.2020 07:00:00   ;     0
29.09.2020 07:00:00   ;     0
30.09.2020 07:00:00   ;     0
01.10.2020 07:00:00   ;     0
02.10.2020 07:00:00   ;     0
03.10.2020 07:00:00   ;     0
04.10.2020 07:00:00   ;     0
05.10.2020 07:00:00   ;     0
06.10.2020 07:00:00   ;     0
07.10.2020 07:00:00   ;     0
08.10.2020 07:00:00   ;     0
09.10.2020 07:00:00   ;     0
10.10.2020 07:00:00   ;     0
11.10.2020 07:00:00   ;     0
12.10.2020 07:00:00   ;     0
13.10.2020 07:00:00   ;     0
14.10.2020 07:00:00   ;     0
15.10.2020 07:00:00   ;     0
16.10.2020 07:00:00   ;     0
17.10.2020 07:00:00   ;     0
18.10.2020 07:00:00   ;     0
19.10.2020 07:00:00   ;     0
20.10.2020 07:00:00   ;     0
21.10.2020 07:00:00   ;     0
22.10.2020 07:00:00   ;     0
23.10.2020 07:00:00   ;     0
24.10.2020 07:00:00   ;     0
25.10.2020 07:00:00   ;     0
26.10.2020 07:00:00   ;     0
27.10.2020 07:00:00   ;     0
28.10.2020 07:00:00   ;     0
29.10.2020 07:00:00   ;     0
30.10.2020 07:00:00   ;     0
31.10.2020 07:00:00   ;     0
01.11.2020 07:00:00   ;     0
02.11.2020 07:00:00   ;     0
03.11.2020 07:00:00   ;     0
04.11.2020 07:00:00   ;     0
05.11.2020 07:00:00   ;     0
06.11.2020 07:00:00   ;     0
07.11.2020 07:00:00   ;     0
08.11.2020 07:00:00   ;     0
09.11.2020 07:00:00   ;     0
10.11.2020 07:00:00   ;     0
11.11.2020 07:00:00   ;     0
12.11.2020 07:00:00   ;     0
13.11.2020 07:00:00   ;     0
14.11.2020 07:00:00   ;     0
15.11.2020 07:00:00   ;     0
16.11.2020 07:00:00   ;     0
17.11.2020 07:00:00   ;     0
18.11.2020 07:00:00   ;     0
19.11.2020 07:00:00   ;     0
20.11.2020 07:00:00   ;     0
21.11.2020 07:00:00   ;     0
22.11.2020 07:00:00   ;     0
23.11.2020 07:00:00   ;     0
24.11.2020 07:00:00   ;     0
25.11.2020 07:00:00   ;     0
26.11.2020 07:00:00   ;     0
27.11.2020 07:00:00   ;     0
28.11.2020 07:00:00   ;     0
29.11.2020 07:00:00   ;     0
30.11.2020 07:00:00   ;     0
01.12.2020 07:00:00   ;     0
02.12.2020 07:00:00   ;     3
03.12.2020 07:00:00   ;     1
04.12.2020 07:00:00   ;     0
05.12.2020 07:00:00   ;     0
06.12.2020 07:00:00   ;     0
07.12.2020 07:00:00   ;     0
08.12.2020 07:00:00   ;     1
09.12.2020 07:00:00   ;     0
10.12.2020 07:00:00   ;     0
11.12.2020 07:00:00   ;     0
12.12.2020 07:00:00   ;     0
13.12.2020 07:00:00   ;     0
14.12.2020 07:00:00   ;     0
15.12.2020 07:00:00   ;     0
16.12.2020 07:00:00   ;     0
17.12.2020 07:00:00   ;     0
18.12.2020 07:00:00   ;     0
19.12.2020 07:00:00   ;     0
20.12.2020 07:00:00   ;     0
21.12.2020 07:00:00   ;     0
22.12.2020 07:00:00   ;     0
23.12.2020 07:00:00   ;     0
24.12.2020 07:00:00   ;     0
25.12.2020 07:00:00   ;     0
26.12.2020 07:00:00   ;     0
27.12.2020 07:00:00   ;     0
28.12.2020 07:00:00   ;     2
29.12.2020 07:00:00   ;     0
30.12.2020 07:00:00   ;     0
31.12.2020 07:00:00   ;     0
01.01.2021 07:00:00   ;     0
02.01.2021 07:00:00   ;     0
03.01.2021 07:00:00   ;     0
04.01.2021 07:00:00   ;     0
05.01.2021 07:00:00   ;     1
06.01.2021 07:00:00   ;     1
07.01.2021 07:00:00   ;     0
08.01.2021 07:00:00   ;     0
09.01.2021 07:00:00   ;     0
10.01.2021 07:00:00   ;     0
11.01.2021 07:00:00   ;     0
12.01.2021 07:00:00   ;    10
13.01.2021 07:00:00   ;    28
14.01.2021 07:00:00   ;     5
15.01.2021 07:00:00   ;     3
16.01.2021 07:00:00   ;     4
17.01.2021 07:00:00   ;    14
18.01.2021 07:00:00   ;     1
19.01.2021 07:00:00   ;     0
20.01.2021 07:00:00   ;     0
21.01.2021 07:00:00   ;     0
22.01.2021 07:00:00   ;     0
23.01.2021 07:00:00   ;     0
24.01.2021 07:00:00   ;     0
25.01.2021 07:00:00   ;    11
26.01.2021 07:00:00   ;    10
27.01.2021 07:00:00   ;     1
28.01.2021 07:00:00   ;     3
29.01.2021 07:00:00   ;     0
30.01.2021 07:00:00   ;     0
31.01.2021 07:00:00   ;     0
01.02.2021 07:00:00   ;     0
02.02.2021 07:00:00   ;     0
03.02.2021 07:00:00   ;     0
04.02.2021 07:00:00   ;     0
05.02.2021 07:00:00   ;     0
06.02.2021 07:00:00   ;     0
07.02.2021 07:00:00   ;     0
08.02.2021 07:00:00   ;     0
09.02.2021 07:00:00   ;     0
10.02.2021 07:00:00   ;     1
11.02.2021 07:00:00   ;     0
12.02.2021 07:00:00   ;     0
13.02.2021 07:00:00   ;     0
14.02.2021 07:00:00   ;     0
15.02.2021 07:00:00   ;     0
16.02.2021 07:00:00   ;     0
17.02.2021 07:00:00   ;     0
18.02.2021 07:00:00   ;     0
19.02.2021 07:00:00   ;     0
20.02.2021 07:00:00   ;     0
21.02.2021 07:00:00   ;     0
22.02.2021 07:00:00   ;     0
23.02.2021 07:00:00   ;     0
24.02.2021 07:00:00   ;     0
25.02.2021 07:00:00   ;     0
26.02.2021 07:00:00   ;     0
27.02.2021 07:00:00   ;     0
28.02.2021 07:00:00   ;     0
01.03.2021 07:00:00   ;     0
02.03.2021 07:00:00   ;     0
03.03.2021 07:00:00   ;     0
04.03.2021 07:00:00   ;     0
05.03.2021 07:00:00   ;     0
06.03.2021 07:00:00   ;     0
07.03.2021 07:00:00   ;     0
08.03.2021 07:00:00   ;     0
09.03.2021 07:00:00   ;     0
10.03.2021 07:00:00   ;     0
11.03.2021 07:00:00   ;     0
12.03.2021 07:00:00   ;     0
13.03.2021 07:00:00   ;     0
14.03.2021 07:00:00   ;    10
15.03.2021 07:00:00   ;    10
16.03.2021 07:00:00   ;     9
17.03.2021 07:00:00   ;     2
18.03.2021 07:00:00   ;     3
19.03.2021 07:00:00   ;     3
20.03.2021 07:00:00   ;     0,001
21.03.2021 07:00:00   ;    11
22.03.2021 07:00:00   ;     0,001
23.03.2021 07:00:00   ;     0
24.03.2021 07:00:00   ;     0
25.03.2021 07:00:00   ;     0
26.03.2021 07:00:00   ;     0
27.03.2021 07:00:00   ;     0
28.03.2021 07:00:00   ;     0
29.03.2021 07:00:00   ;     0
30.03.2021 07:00:00   ;     0
31.03.2021 07:00:00   ;     0
01.04.2021 07:00:00   ;     0
02.04.2021 07:00:00   ;     0
03.04.2021 07:00:00   ;     0
04.04.2021 07:00:00   ;     0
05.04.2021 07:00:00   ;     1
06.04.2021 07:00:00   ;     3
07.04.2021 07:00:00   ;     7
08.04.2021 07:00:00   ;     0
09.04.2021 07:00:00   ;     0
10.04.2021 07:00:00   ;     0
11.04.2021 07:00:00   ;     0
12.04.2021 07:00:00   ;     3
13.04.2021 07:00:00   ;     1
14.04.2021 07:00:00   ;     0
15.04.2021 07:00:00   ;     0
16.04.2021 07:00:00   ;     0
17.04.2021 07:00:00   ;     0
18.04.2021 07:00:00   ;     0
19.04.2021 07:00:00   ;     0
20.04.2021 07:00:00   ;     0
21.04.2021 07:00:00   ;     0
22.04.2021 07:00:00   ;     0
23.04.2021 07:00:00   ;     0
24.04.2021 07:00:00   ;     0
25.04.2021 07:00:00   ;     0
26.04.2021 07:00:00   ;     0
27.04.2021 07:00:00   ;     0
28.04.2021 07:00:00   ;     0
29.04.2021 07:00:00   ;     0
30.04.2021 07:00:00   ;     0
01.05.2021 07:00:00   ;     0
02.05.2021 07:00:00   ;     0
03.05.2021 07:00:00   ;     0
04.05.2021 07:00:00   ;     0
05.05.2021 07:00:00   ;     0
06.05.2021 07:00:00   ;     0
07.05.2021 07:00:00   ;     0
08.05.2021 07:00:00   ;     0
09.05.2021 07:00:00   ;     0
10.05.2021 07:00:00   ;     0
11.05.2021 07:00:00   ;     0
12.05.2021 07:00:00   ;     0
13.05.2021 07:00:00   ;     0
14.05.2021 07:00:00   ;     0
15.05.2021 07:00:00   ;     0
16.05.2021 07:00:00   ;     0
17.05.2021 07:00:00   ;     0
18.05.2021 07:00:00   ;     0
19.05.2021 07:00:00   ;     0
20.05.2021 07:00:00   ;     0
21.05.2021 07:00:00   ;     0
22.05.2021 07:00:00   ;     0
23.05.2021 07:00:00   ;     0
24.05.2021 07:00:00   ;     0
25.05.2021 07:00:00   ;     0
26.05.2021 07:00:00   ;     0
27.05.2021 07:00:00   ;     0
28.05.2021 07:00:00   ;     0
29.05.2021 07:00:00   ;     0
30.05.2021 07:00:00   ;     0
31.05.2021 07:00:00   ;     0
01.06.2021 07:00:00   ;     0
02.06.2021 07:00:00   ;     0
03.06.2021 07:00:00   ;     0
04.06.2021 07:00:00   ;     0
05.06.2021 07:00:00   ;     0
06.06.2021 07:00:00   ;     0
07.06.2021 07:00:00   ;     0
08.06.2021 07:00:00   ;     0
09.06.2021 07:00:00   ;     0
10.06.2021 07:00:00   ;     0
11.06.2021 07:00:00   ;     0
12.06.2021 07:00:00   ;     0
13.06.2021 07:00:00   ;     0
14.06.2021 07:00:00   ;     0
15.06.2021 07:00:00   ;     0
16.06.2021 07:00:00   ;     0
17.06.2021 07:00:00   ;     0
18.06.2021 07:00:00   ;     0
19.06.2021 07:00:00   ;     0
20.06.2021 07:00:00   ;     0
21.06.2021 07:00:00   ;     0
22.06.2021 07:00:00   ;     0
23.06.2021 07:00:00   ;     0
24.06.2021 07:00:00   ;     0
25.06.2021 07:00:00   ;     0
26.06.2021 07:00:00   ;     0
27.06.2021 07:00:00   ;     0
28.06.2021 07:00:00   ;     0
29.06.2021 07:00:00   ;     0
30.06.2021 07:00:00   ;     0
01.07.2021 07:00:00   ;     0
02.07.2021 07:00:00   ;     0
03.07.2021 07:00:00   ;     0
04.07.2021 07:00:00   ;     0
05.07.2021 07:00:00   ;     0
06.07.2021 07:00:00   ;     0
07.07.2021 07:00:00   ;     0
08.07.2021 07:00:00   ;     0
09.07.2021 07:00:00   ;     0
10.07.2021 07:00:00   ;     0
11.07.2021 07:00:00   ;     0
12.07.2021 07:00:00   ;     0
13.07.2021 07:00:00   ;     0
14.07.2021 07:00:00   ;     0
15.07.2021 07:00:00   ;     0
16.07.2021 07:00:00   ;     0
17.07.2021 07:00:00   ;     0
18.07.2021 07:00:00   ;     0
19.07.2021 07:00:00   ;     0
20.07.2021 07:00:00   ;     0
21.07.2021 07:00:00   ;     0
22.07.2021 07:00:00   ;     0
23.07.2021 07:00:00   ;     0
24.07.2021 07:00:00   ;     0
25.07.2021 07:00:00   ;     0
26.07.2021 07:00:00   ;     0
27.07.2021 07:00:00   ;     0
28.07.2021 07:00:00   ;     0
29.07.2021 07:00:00   ;     0
30.07.2021 07:00:00   ;     0
31.07.2021 07:00:00   ;     0
01.08.2021 07:00:00   ;     0
02.08.2021 07:00:00   ;     0
03.08.2021 07:00:00   ;     0
04.08.2021 07:00:00   ;     0
05.08.2021 07:00:00   ;     0
06.08.2021 07:00:00   ;     0
07.08.2021 07:00:00   ;     0
08.08.2021 07:00:00   ;     0
09.08.2021 07:00:00   ;     0
10.08.2021 07:00:00   ;     0
11.08.2021 07:00:00   ;     0
12.08.2021 07:00:00   ;     0
13.08.2021 07:00:00   ;     0
14.08.2021 07:00:00   ;     0
15.08.2021 07:00:00   ;     0
16.08.2021 07:00:00   ;     0
17.08.2021 07:00:00   ;     0
18.08.2021 07:00:00   ;     0
19.08.2021 07:00:00   ;     0
20.08.2021 07:00:00   ;     0
21.08.2021 07:00:00   ;     0
22.08.2021 07:00:00   ;     0
23.08.2021 07:00:00   ;     0
24.08.2021 07:00:00   ;     0
25.08.2021 07:00:00   ;     0
26.08.2021 07:00:00   ;     0
27.08.2021 07:00:00   ;     0
28.08.2021 07:00:00   ;     0
29.08.2021 07:00:00   ;     0
30.08.2021 07:00:00   ;     0
31.08.2021 07:00:00   ;     0
01.09.2021 07:00:00   ;Lücke
